0 0.8708333333333333 0.8979166666666667 0.8645833333333334 0.9 0.8583333333333333 0.9020833333333333 0.8520833333333333 0.9041666666666667 0.8383333333333333 0.9206249999999999 0.8341666666666666 0.9429166666666667 0.8475 0.9714583333333333 0.8595833333333334 0.9841666666666666 0.8729166666666667 0.9854166666666667 0.8791666666666667 0.9854166666666667 0.8875 0.9833333333333333 0.8916666666666667 0.98125 0.9041666666666667 0.96875 0.90625 0.9645833333333333 0.9083333333333333 0.9583333333333334 0.9104166666666667 0.9520833333333333 0.9125 0.9458333333333333 0.9125 0.9333333333333333 0.9104166666666667 0.91875 0.8979166666666667 0.90625 0.89375 0.9041666666666667 0.8875 0.9020833333333333 0.88125 0.9 0.875 0.8979166666666667
0 0.08875000000000001 0.9829166666666667 0.08125 0.9833333333333333 0.07416666666666667 0.9866666666666667 0.06833333333333333 0.9904166666666666 0.06458333333333334 0.9954166666666667 0.06291666666666666 1 0.12125000000000001 1 0.11333333333333333 0.9904166666666666 0.10333333333333333 0.9845833333333334 0.09583333333333334 0.9833333333333333
0 0.24583333333333332 0.06666666666666667 0.2375 0.07291666666666667 0.23333333333333334 0.07708333333333334 0.23125 0.08541666666666667 0.23125 0.09375 0.23541666666666666 0.1 0.23541666666666666 0.10416666666666667 0.2375 0.11041666666666666 0.23958333333333334 0.11458333333333333 0.24166666666666667 0.11875 0.24791666666666667 0.12083333333333333 0.2520833333333333 0.12291666666666666 0.25833333333333336 0.12708333333333333 0.2625 0.125 0.2708333333333333 0.11875 0.275 0.11458333333333333 0.27708333333333335 0.10208333333333333 0.27708333333333335 0.08958333333333333 0.26875 0.075 0.26666666666666666 0.06875 0.2604166666666667 0.06666666666666667 0.25625 0.06458333333333334
0 0.14375 0.24375 0.13125 0.24583333333333332 0.12083333333333333 0.25 0.11041666666666666 0.27291666666666664 0.11041666666666666 0.2791666666666667 0.11041666666666666 0.28541666666666665 0.1125 0.2916666666666667 0.11458333333333333 0.29791666666666666 0.11666666666666667 0.30625 0.11875 0.3104166666666667 0.125 0.31666666666666665 0.13125 0.31875 0.13958333333333334 0.32083333333333336 0.14583333333333334 0.32083333333333336 0.15416666666666667 0.31875 0.1625 0.31666666666666665 0.16875 0.3145833333333333 0.17708333333333334 0.3125 0.18958333333333333 0.29583333333333334 0.18958333333333333 0.28958333333333336 0.1875 0.275 0.18541666666666667 0.26666666666666666 0.17291666666666666 0.25416666666666665 0.15208333333333332 0.24375
0 0.06666666666666667 0.20833333333333334 0.04791666666666667 0.22708333333333333 0.04583333333333333 0.23125 0.04375 0.2375 0.04375 0.24583333333333332 0.04583333333333333 0.25416666666666665 0.06041666666666667 0.275 0.06875 0.27708333333333335 0.075 0.2791666666666667 0.08125 0.2791666666666667 0.08958333333333333 0.2791666666666667 0.09583333333333334 0.275 0.10208333333333333 0.2708333333333333 0.10833333333333334 0.26666666666666666 0.11041666666666666 0.225 0.10416666666666667 0.21666666666666667 0.1 0.2125 0.09166666666666666 0.20833333333333334
0 0.07708333333333334 0.2916666666666667 0.06666666666666667 0.3 0.058333333333333334 0.30833333333333335 0.05416666666666667 0.31666666666666665 0.052083333333333336 0.3229166666666667 0.052083333333333336 0.3416666666666667 0.05625 0.34791666666666665 0.06458333333333334 0.35833333333333334 0.06875 0.3625 0.08125 0.3645833333333333 0.09166666666666666 0.3645833333333333 0.10833333333333334 0.35625 0.11458333333333333 0.35 0.11875 0.34375 0.12083333333333333 0.32916666666666666 0.12083333333333333 0.31666666666666665 0.11041666666666666 0.30625 0.09791666666666667 0.29583333333333334 0.09166666666666666 0.29375 0.08125 0.2916666666666667
0 0.3 0.49583333333333335 0.28958333333333336 0.5020833333333333 0.28541666666666665 0.5020833333333333 0.275 0.5104166666666666 0.26875 0.5166666666666667 0.26666666666666666 0.5208333333333334 0.26666666666666666 0.5395833333333333 0.2708333333333333 0.5458333333333333 0.27708333333333335 0.5541666666666667 0.28125 0.5583333333333333 0.29791666666666666 0.5666666666666667 0.3229166666666667 0.5666666666666667 0.32708333333333334 0.5645833333333333 0.33125 0.5604166666666667 0.3375 0.5541666666666667 0.33958333333333335 0.5479166666666667 0.3416666666666667 0.5416666666666666 0.3416666666666667 0.5375 0.33958333333333335 0.53125 0.3375 0.5229166666666667 0.33541666666666664 0.5166666666666667 0.3333333333333333 0.5104166666666666 0.33125 0.50625 0.3229166666666667 0.4979166666666667 0.3125 0.49583333333333335
0 0.99375 0.9541666666666667 0.9854166666666667 0.9708333333333333 0.9854166666666667 0.98125 0.9875 0.99375 0.9916666666666667 0.9979166666666667 0.9979166666666667 0.9979166666666667 0.9979166666666667 0.9520833333333333
0 0.8 0.9395833333333333 0.79375 0.94375 0.7895833333333333 0.94375 0.78125 0.9479166666666666 0.7770833333333333 0.9520833333333333 0.76875 0.9625 0.7645833333333333 0.96875 0.7645833333333333 0.9895833333333334 0.7666666666666667 0.99375 0.7708333333333334 0.9979166666666667 0.8395833333333333 0.9979166666666667 0.84375 0.99375 0.84375 0.9729166666666667 0.83125 0.9479166666666666 0.8270833333333333 0.94375 0.81875 0.9395833333333333
0 0 0.4875 0 0.5375 0.020833333333333332 0.5375 0.029166666666666667 0.53125 0.035416666666666666 0.525 0.0375 0.5145833333333333 0.0375 0.5041666666666667 0.020833333333333332 0.4875
0 0 0.7625 0 0.8145833333333333 0.004166666666666667 0.8145833333333333 0.008333333333333333 0.8104166666666667 0.014583333333333334 0.8020833333333334 0.016666666666666666 0.7979166666666667 0.016666666666666666 0.775 0.0125 0.76875 0.008333333333333333 0.7645833333333333 0.004166666666666667 0.7625