0 0.014583333333333334 0.2791666666666667 0.00625 0.2833333333333333 0.0020833333333333333 0.2875 0 0.2916666666666667 0.0020833333333333333 0.37083333333333335 0.00625 0.37083333333333335 0.014583333333333334 0.3729166666666667 0.016666666666666666 0.375 0.025 0.3770833333333333 0.03333333333333333 0.3770833333333333 0.03958333333333333 0.375 0.04791666666666667 0.36875 0.05625 0.36041666666666666 0.058333333333333334 0.35625 0.058333333333333334 0.32708333333333334 0.05625 0.31875 0.05416666666666667 0.3125 0.052083333333333336 0.30625 0.05 0.29791666666666666 0.04791666666666667 0.29375 0.035416666666666666 0.28125 0.025 0.2791666666666667
0 0.9979166666666667 0.7104166666666667 0.9854166666666667 0.7125 0.9770833333333333 0.7145833333333333 0.9708333333333333 0.7208333333333333 0.9666666666666667 0.7270833333333333 0.9666666666666667 0.7333333333333333 0.96875 0.7479166666666667 0.9729166666666667 0.7583333333333333 0.98125 0.7645833333333333 0.9854166666666667 0.7666666666666667 0.9979166666666667 0.7666666666666667
0 0.9583333333333334 0.9208333333333333 0.9458333333333333 0.93125 0.9375 0.9395833333333333 0.9354166666666667 0.9458333333333333 0.9333333333333333 0.9583333333333334 0.9333333333333333 0.9645833333333333 0.9375 0.9708333333333333 0.9458333333333333 0.98125 0.95 0.9854166666666667 0.98125 0.9854166666666667 0.9854166666666667 0.9833333333333333 0.99375 0.9770833333333333 0.9979166666666667 0.9729166666666667 0.9979166666666667 0.9375 0.9958333333333333 0.9333333333333333 0.9895833333333334 0.9270833333333334 0.9770833333333333 0.9208333333333333
0 0.53125 0.12083333333333333 0.525 0.125 0.5208333333333334 0.12916666666666668 0.5208333333333334 0.1375 0.525 0.15 0.5333333333333333 0.15625 0.5375 0.15833333333333333 0.5541666666666667 0.15833333333333333 0.5666666666666667 0.14583333333333334 0.5666666666666667 0.13958333333333334 0.5645833333333333 0.13125 0.55625 0.12291666666666666 0.54375 0.12083333333333333
0 0.5916666666666667 0.36041666666666666 0.5791666666666667 0.3625 0.56875 0.36666666666666664 0.5625 0.375 0.5625 0.38333333333333336 0.5625 0.38958333333333334 0.5645833333333333 0.39791666666666664 0.5666666666666667 0.40208333333333335 0.5708333333333333 0.40625 0.5833333333333334 0.4166666666666667 0.5895833333333333 0.42083333333333334 0.61875 0.41875 0.6229166666666667 0.4125 0.6270833333333333 0.40625 0.6291666666666667 0.40208333333333335 0.6291666666666667 0.3875 0.625 0.37916666666666665 0.6208333333333333 0.375 0.6145833333333334 0.3729166666666667 0.6104166666666667 0.36875 0.6041666666666666 0.3645833333333333 0.5958333333333333 0.36041666666666666
0 0.7104166666666667 0.6083333333333333 0.7020833333333333 0.6104166666666667 0.6979166666666666 0.6125 0.6895833333333333 0.61875 0.6854166666666667 0.6229166666666667 0.6833333333333333 0.6270833333333333 0.68125 0.6333333333333333 0.6791666666666667 0.6395833333333333 0.6791666666666667 0.6520833333333333 0.68125 0.6645833333333333 0.7 0.6833333333333333 0.7333333333333333 0.6833333333333333 0.7541666666666667 0.6625 0.7541666666666667 0.6375 0.75 0.63125 0.74375 0.6229166666666667 0.7375 0.6166666666666667 0.7208333333333333 0.6083333333333333
0 0.66875 0.5291666666666667 0.6645833333333333 0.5333333333333333 0.6625 0.5375 0.6625 0.5458333333333333 0.6458333333333334 0.56875 0.6458333333333334 0.575 0.6479166666666667 0.5791666666666667 0.6541666666666667 0.5854166666666667 0.6708333333333333 0.6 0.6791666666666667 0.60625 0.6833333333333333 0.6083333333333333 0.6895833333333333 0.6104166666666667 0.6958333333333333 0.6104166666666667 0.7083333333333334 0.6083333333333333 0.7166666666666667 0.6041666666666666 0.7291666666666666 0.5791666666666667 0.7291666666666666 0.5666666666666667 0.7270833333333333 0.55 0.7166666666666667 0.5395833333333333 0.7041666666666667 0.5291666666666667
0 0.625 0.50625 0.61875 0.5083333333333333 0.6125 0.5125 0.6083333333333333 0.5125 0.6041666666666666 0.5145833333333333 0.6020833333333333 0.51875 0.6 0.5229166666666667 0.6 0.5270833333333333 0.5979166666666667 0.53125 0.5979166666666667 0.5375 0.6125 0.5604166666666667 0.6166666666666667 0.5604166666666667 0.6229166666666667 0.5645833333333333 0.6416666666666667 0.5645833333333333 0.6604166666666667 0.5458333333333333 0.6625 0.5354166666666667 0.6625 0.5270833333333333 0.65625 0.51875 0.65 0.5125 0.6458333333333334 0.5104166666666666 0.6375 0.5083333333333333 0.6291666666666667 0.50625
0 0.6125 0.9479166666666666 0.6041666666666666 0.95 0.5958333333333333 0.9520833333333333 0.5895833333333333 0.9541666666666667 0.5854166666666667 0.9583333333333334 0.5791666666666667 0.9666666666666667 0.5729166666666666 0.975 0.5708333333333333 0.9791666666666666 0.5708333333333333 0.99375 0.575 0.9979166666666667 0.65625 0.9958333333333333 0.6583333333333333 0.9916666666666667 0.6583333333333333 0.9875 0.65625 0.98125 0.6520833333333333 0.975 0.6520833333333333 0.9708333333333333 0.65 0.9666666666666667 0.6375 0.9541666666666667 0.6333333333333333 0.9520833333333333 0.6270833333333333 0.95 0.61875 0.9479166666666666
0 0.4895833333333333 0.96875 0.48125 0.9708333333333333 0.475 0.9729166666666667 0.4666666666666667 0.975 0.45416666666666666 0.9916666666666667 0.45625 0.9979166666666667 0.5166666666666667 0.9979166666666667 0.5166666666666667 0.99375 0.51875 0.9854166666666667 0.5166666666666667 0.98125 0.5125 0.975 0.5041666666666667 0.9708333333333333 0.49583333333333335 0.96875
0 0.28125 0.9375 0.2708333333333333 0.9395833333333333 0.25625 0.9520833333333333 0.24583333333333332 0.9625 0.24375 0.9708333333333333 0.24375 0.9791666666666666 0.2520833333333333 0.9958333333333333 0.31666666666666665 0.9958333333333333 0.3229166666666667 0.9833333333333333 0.3229166666666667 0.9729166666666667 0.32083333333333336 0.9604166666666667 0.30416666666666664 0.94375 0.2916666666666667 0.9375