0 0.45625 0.625 0.44166666666666665 0.6270833333333333 0.43333333333333335 0.6354166666666666 0.425 0.6458333333333334 0.42291666666666666 0.65625 0.42770833333333336 0.6772916666666667 0.4479166666666667 0.6854166666666667 0.45416666666666666 0.6854166666666667 0.46875 0.6833333333333333 0.4791666666666667 0.6791666666666667 0.48541666666666666 0.6708333333333333 0.4875 0.6666666666666666 0.4875 0.65625 0.48541666666666666 0.6416666666666667 0.47708333333333336 0.6333333333333333 0.4666666666666667 0.625
0 0.6739583333333333 0 0.6666666666666666 0.008333333333333333 0.66875 0.016666666666666666 0.6708333333333333 0.020833333333333332 0.675 0.025 0.6833333333333333 0.025 0.6891666666666667 0.02354166666666667 0.6935416666666666 0.019375 0.696875 0.013541666666666667 0.6958333333333333 0.004166666666666667 0.6897916666666667 0
0 0.7979166666666667 0.9270833333333334 0.7895833333333333 0.9333333333333333 0.7833333333333333 0.9395833333333333 0.7833333333333333 0.9604166666666667 0.8020833333333334 0.9770833333333333 0.8104166666666667 0.9770833333333333 0.81875 0.975 0.8291666666666667 0.9645833333333333 0.8291666666666667 0.9541666666666667 0.8270833333333333 0.9416666666666667 0.8208333333333333 0.9333333333333333 0.8166666666666667 0.9291666666666667 0.80625 0.9270833333333334
0 0.99375 0.6104166666666667 0.9875 0.6125 0.9791666666666666 0.6291666666666667 0.9791666666666666 0.6416666666666667 0.98125 0.6541666666666667 0.9895833333333334 0.6708333333333333 0.9979166666666667 0.6729166666666667 0.9979166666666667 0.6083333333333333
0 0.5208333333333334 0.9375 0.50625 0.95 0.49375 0.9625 0.49375 0.9833333333333333 0.5 0.9958333333333333 0.55625 0.9979166666666667 0.5604166666666667 0.9916666666666667 0.5625 0.9875 0.5625 0.9583333333333334 0.5520833333333334 0.9458333333333333 0.54375 0.9375
0 0.4083333333333333 0.8791666666666667 0.3958333333333333 0.8854166666666666 0.39166666666666666 0.8895833333333333 0.38125 0.89375 0.3770833333333333 0.9020833333333333 0.375 0.9104166666666667 0.3729166666666667 0.9208333333333333 0.3729166666666667 0.9291666666666667 0.375 0.9375 0.3770833333333333 0.9416666666666667 0.38125 0.9479166666666666 0.3875 0.9541666666666667 0.4 0.9604166666666667 0.4125 0.9625 0.42083333333333334 0.9625 0.425 0.9604166666666667 0.42916666666666664 0.95625 0.4354166666666667 0.9541666666666667 0.4395833333333333 0.95 0.4479166666666667 0.9395833333333333 0.4479166666666667 0.9354166666666667 0.45208333333333334 0.9291666666666667 0.45208333333333334 0.9104166666666667 0.4395833333333333 0.8958333333333334 0.4270833333333333 0.8833333333333333 0.42083333333333334 0.88125 0.4125 0.8791666666666667
0 0.2875 0.6895833333333333 0.2833333333333333 0.6916666666666667 0.2791666666666667 0.6958333333333333 0.26875 0.7041666666666667 0.26875 0.7083333333333334 0.26458333333333334 0.7145833333333333 0.2625 0.7208333333333333 0.2625 0.725 0.2625 0.73125 0.26458333333333334 0.7375 0.26875 0.74375 0.27291666666666664 0.7479166666666667 0.275 0.7541666666666667 0.2791666666666667 0.7604166666666666 0.2833333333333333 0.7645833333333333 0.2875 0.7666666666666667 0.30416666666666664 0.7666666666666667 0.30833333333333335 0.7645833333333333 0.31666666666666665 0.7583333333333333 0.3229166666666667 0.7520833333333333 0.32916666666666666 0.7458333333333333 0.33125 0.7395833333333334 0.3333333333333333 0.7333333333333333 0.33541666666666664 0.7270833333333333 0.33541666666666664 0.7229166666666667 0.3333333333333333 0.7166666666666667 0.33125 0.7104166666666667 0.325 0.7041666666666667 0.31875 0.6979166666666666 0.3104166666666667 0.6916666666666667 0.30625 0.6895833333333333
0 0.8833333333333333 0.8916666666666667 0.86875 0.9020833333333333 0.8625 0.9083333333333333 0.8604166666666667 0.9125 0.8583333333333333 0.9208333333333333 0.8583333333333333 0.9291666666666667 0.8604166666666667 0.9354166666666667 0.8625 0.9395833333333333 0.8666666666666667 0.94375 0.8770833333333333 0.9520833333333333 0.8875 0.9541666666666667 0.89375 0.9541666666666667 0.9020833333333333 0.9520833333333333 0.9083333333333333 0.9458333333333333 0.9145833333333333 0.9395833333333333 0.91875 0.9333333333333333 0.9208333333333333 0.9291666666666667 0.9208333333333333 0.91875 0.91875 0.90625 0.9145833333333333 0.9020833333333333 0.90625 0.8958333333333334 0.9 0.8916666666666667
0 0.6041666666666666 0.6458333333333334 0.5979166666666667 0.6479166666666667 0.5916666666666667 0.6541666666666667 0.5854166666666667 0.6625 0.5833333333333334 0.6770833333333334 0.5833333333333334 0.6916666666666667 0.5875 0.6979166666666666 0.59375 0.70625 0.5979166666666667 0.7104166666666667 0.6208333333333333 0.7104166666666667 0.63125 0.7020833333333333 0.6416666666666667 0.6916666666666667 0.64375 0.6875 0.6458333333333334 0.68125 0.6458333333333334 0.675 0.6333333333333333 0.6625 0.61875 0.65 0.61875 0.64375
0 0.43125 0.5333333333333333 0.425 0.5375 0.41458333333333336 0.5458333333333333 0.41041666666666665 0.55 0.4083333333333333 0.5541666666666667 0.40625 0.5625 0.40625 0.56875 0.40625 0.575 0.4083333333333333 0.58125 0.4125 0.5854166666666667 0.41458333333333336 0.5916666666666667 0.41875 0.5958333333333333 0.43125 0.6020833333333333 0.44583333333333336 0.6020833333333333 0.45 0.6 0.45625 0.5958333333333333 0.4625 0.5916666666666667 0.46875 0.5875 0.47291666666666665 0.5791666666666667 0.475 0.56875 0.475 0.5625 0.47291666666666665 0.5541666666666667 0.4708333333333333 0.55 0.4583333333333333 0.5375 0.45 0.5354166666666667 0.4375 0.5333333333333333
0 0.5208333333333334 0.5291666666666667 0.5104166666666666 0.5354166666666667 0.5041666666666667 0.5375 0.5020833333333333 0.54375 0.49375 0.5583333333333333 0.49375 0.56875 0.49583333333333335 0.5854166666666667 0.4979166666666667 0.5958333333333333 0.5041666666666667 0.6020833333333333 0.5166666666666667 0.6125 0.525 0.61875 0.5375 0.6208333333333333 0.55 0.6208333333333333 0.5583333333333333 0.61875 0.5625 0.6166666666666667 0.5729166666666666 0.60625 0.58125 0.5895833333333333 0.58125 0.58125 0.5791666666666667 0.5666666666666667 0.5770833333333333 0.5583333333333333 0.55625 0.5375 0.54375 0.53125 0.53125 0.5291666666666667
0 0.6458333333333334 0.5916666666666667 0.63125 0.6020833333333333 0.625 0.6083333333333333 0.6229166666666667 0.6125 0.6208333333333333 0.63125 0.6208333333333333 0.65 0.63125 0.6604166666666667 0.64375 0.6708333333333333 0.6479166666666667 0.6708333333333333 0.6583333333333333 0.66875 0.66875 0.6666666666666666 0.675 0.6645833333333333 0.6854166666666667 0.65625 0.69375 0.6479166666666667 0.6958333333333333 0.63125 0.6958333333333333 0.6125 0.6916666666666667 0.6041666666666666 0.6854166666666667 0.5979166666666667 0.6770833333333334 0.5916666666666667
0 0.89375 0.98125 0.8729166666666667 0.9916666666666667 0.8708333333333333 0.9979166666666667 0.925 0.9979166666666667 0.9229166666666667 0.99375 0.9145833333333333 0.9854166666666667 0.90625 0.9833333333333333 0.8979166666666667 0.98125
0 0.8145833333333333 0.64375 0.80625 0.6458333333333334 0.8020833333333334 0.6479166666666667 0.7916666666666666 0.6583333333333333 0.7895833333333333 0.6708333333333333 0.7895833333333333 0.6833333333333333 0.79375 0.6916666666666667 0.7979166666666667 0.6979166666666666 0.8020833333333334 0.7020833333333333 0.8041666666666667 0.7083333333333334 0.81875 0.7125 0.8270833333333333 0.7125 0.8375 0.7041666666666667 0.8479166666666667 0.69375 0.8520833333333333 0.6854166666666667 0.8520833333333333 0.6645833333333333 0.8458333333333333 0.65625 0.8375 0.6479166666666667 0.83125 0.6458333333333334 0.8208333333333333 0.64375
0 0.9583333333333334 0.9895833333333334 0.9520833333333333 0.9916666666666667 0.9458333333333333 0.9958333333333333 0.9416666666666667 0.9958333333333333 0.9375 0.9979166666666667 0.9791666666666666 0.9979166666666667 0.975 0.9958333333333333 0.9625 0.9895833333333334
0 0.99375 0.7291666666666666 0.9854166666666667 0.7354166666666667 0.98125 0.7395833333333334 0.9791666666666666 0.74375 0.9770833333333333 0.7520833333333333 0.9770833333333333 0.7583333333333333 0.9791666666666666 0.7645833333333333 0.9833333333333333 0.7708333333333334 0.9833333333333333 0.775 0.9854166666666667 0.7791666666666667 0.9916666666666667 0.78125 0.9979166666666667 0.7854166666666667 0.9979166666666667 0.7291666666666666
0 0.9916666666666667 0.9020833333333333 0.9854166666666667 0.90625 0.9770833333333333 0.9125 0.9729166666666667 0.9166666666666666 0.9666666666666667 0.9291666666666667 0.9666666666666667 0.9520833333333333 0.9729166666666667 0.9645833333333333 0.9770833333333333 0.96875 0.9854166666666667 0.975 0.9916666666666667 0.9791666666666666 0.9979166666666667 0.9791666666666666 0.9979166666666667 0.9020833333333333
0 0.9875 0.23958333333333334 0.9833333333333333 0.24166666666666667 0.9791666666666666 0.24583333333333332 0.9729166666666667 0.24791666666666667 0.96875 0.2520833333333333 0.9625 0.25833333333333336 0.9604166666666667 0.26458333333333334 0.9583333333333334 0.27291666666666664 0.9583333333333334 0.27708333333333335 0.9625 0.2833333333333333 0.9625 0.2875 0.9666666666666667 0.29583333333333334 0.9791666666666666 0.30833333333333335 0.9833333333333333 0.3104166666666667 0.9895833333333334 0.3125 0.99375 0.3125 0.9979166666666667 0.3145833333333333 0.9979166666666667 0.23958333333333334