0 0.6145833333333334 0.16666666666666666 0.6104166666666667 0.16875 0.6041666666666666 0.17291666666666666 0.5979166666666667 0.17708333333333334 0.5916666666666667 0.18125 0.5875 0.19166666666666668 0.5854166666666667 0.2125 0.5854166666666667 0.21875 0.59375 0.22916666666666666 0.6 0.23541666666666666 0.6041666666666666 0.2375 0.6125 0.23958333333333334 0.6208333333333333 0.23958333333333334 0.6333333333333333 0.23333333333333334 0.64375 0.22291666666666668 0.6520833333333333 0.2125 0.6520833333333333 0.20208333333333334 0.65 0.1875 0.6291666666666667 0.16666666666666666
0 0.80625 0 0.8104166666666667 0.0020833333333333333 0.81875 0.004166666666666667 0.8291666666666667 0.004166666666666667 0.8395833333333333 0
0 0.6416666666666667 0.10416666666666667 0.6270833333333333 0.11458333333333333 0.6208333333333333 0.12083333333333333 0.6166666666666667 0.12708333333333333 0.6145833333333334 0.13125 0.6145833333333334 0.14375 0.61875 0.16041666666666668 0.6291666666666667 0.16458333333333333 0.6354166666666666 0.17083333333333334 0.6416666666666667 0.17291666666666666 0.6479166666666667 0.17291666666666666 0.6520833333333333 0.17291666666666666 0.6583333333333333 0.17083333333333334 0.6645833333333333 0.16875 0.6708333333333333 0.1625 0.6770833333333334 0.15625 0.68125 0.15 0.6833333333333333 0.14583333333333334 0.6833333333333333 0.13958333333333334 0.68125 0.125 0.6770833333333334 0.11458333333333333 0.6708333333333333 0.11041666666666666 0.6645833333333333 0.10625 0.6604166666666667 0.10416666666666667
0 0.91875 0.008333333333333333 0.90625 0.014583333333333334 0.9 0.020833333333333332 0.89375 0.029166666666666667 0.8875 0.041666666666666664 0.8875 0.058333333333333334 0.8895833333333333 0.0625 0.8958333333333334 0.07083333333333333 0.9 0.07708333333333334 0.90625 0.08541666666666667 0.9166666666666666 0.08958333333333333 0.9291666666666667 0.09166666666666666 0.9375 0.09166666666666666 0.95 0.08541666666666667 0.9625 0.07291666666666667 0.9666666666666667 0.06458333333333334 0.9666666666666667 0.06041666666666667 0.9708333333333333 0.05416666666666667 0.9708333333333333 0.04583333333333333 0.96875 0.0375 0.9666666666666667 0.03333333333333333 0.9604166666666667 0.025 0.9541666666666667 0.01875 0.94375 0.010416666666666666 0.9375 0.008333333333333333
0 0.05 0.3145833333333333 0.03958333333333333 0.31666666666666665 0.035416666666666666 0.32083333333333336 0.029166666666666667 0.32916666666666666 0.025 0.33541666666666664 0.025 0.35833333333333334 0.04583333333333333 0.37916666666666665 0.052083333333333336 0.37916666666666665 0.06458333333333334 0.3770833333333333 0.075 0.3729166666666667 0.08125 0.3645833333333333 0.0875 0.35625 0.08958333333333333 0.35208333333333336 0.08958333333333333 0.34375 0.08541666666666667 0.32916666666666666 0.075 0.325 0.07083333333333333 0.32083333333333336 0.058333333333333334 0.3145833333333333
0 0 0.3729166666666667 0 0.43125 0.009583333333333333 0.4372916666666667 0.01875 0.43395833333333333 0.024791666666666667 0.43125 0.030416666666666665 0.42916666666666664 0.03395833333333333 0.4270833333333333 0.04020833333333333 0.4247916666666667 0.0475 0.408125 0.04729166666666666 0.39625 0.04375 0.39166666666666666 0.041666666666666664 0.3875 0.0375 0.38125 0.03333333333333333 0.375 0.016666666666666666 0.37083333333333335
0 0.225 0.33958333333333335 0.20625 0.3416666666666667 0.19583333333333333 0.35208333333333336 0.19375 0.35625 0.19166666666666668 0.3625 0.19166666666666668 0.36666666666666664 0.19375 0.3729166666666667 0.19583333333333333 0.37916666666666665 0.19791666666666666 0.38333333333333336 0.20208333333333334 0.3854166666666667 0.20625 0.3875 0.21041666666666667 0.3875 0.22083333333333333 0.39375 0.225 0.39375 0.23125 0.39166666666666666 0.2375 0.3875 0.24166666666666667 0.3875 0.2520833333333333 0.375 0.2520833333333333 0.3625 0.25 0.35 0.23958333333333334 0.33958333333333335
0 0.13914583333333336 1 0.14018750000000002 0.9996875000000001 0.14847916666666666 0.9965833333333334 0.15677083333333333 0.9934791666666667 0.16454166666666667 0.9924375 0.17285416666666667 0.9924375 0.180625 0.9945 0.18760416666666666 1
0 1 0.09797916666666667 0.9934791666666667 0.09333333333333332 0.9878750000000001 0.08522916666666666 0.986 0.07589583333333333 0.986 0.06595833333333333 0.9885 0.056 0.9928541666666667 0.04666666666666666 0.9972083333333334 0.03795833333333333 1 0.034666666666666665
0 0.08541666666666667 0.54375 0.07291666666666667 0.5541666666666667 0.06458333333333334 0.5625 0.0625 0.56875 0.06041666666666667 0.58125 0.06041666666666667 0.5895833333333333 0.06458333333333334 0.5979166666666667 0.07291666666666667 0.60625 0.08333333333333333 0.6145833333333334 0.11458333333333333 0.6145833333333334 0.13125 0.5979166666666667 0.13125 0.5645833333333333 0.12083333333333333 0.5541666666666667 0.11041666666666666 0.5458333333333333 0.09791666666666667 0.54375
0 0.5625 0.24166666666666667 0.54375 0.24375 0.5333333333333333 0.24583333333333332 0.5333333333333333 0.2520833333333333 0.53125 0.26458333333333334 0.5291666666666667 0.26666666666666666 0.5291666666666667 0.27291666666666664 0.53125 0.27708333333333335 0.5354166666666667 0.2833333333333333 0.5395833333333333 0.2875 0.55 0.29583333333333334 0.5583333333333333 0.29583333333333334 0.5645833333333333 0.29375 0.5729166666666666 0.2875 0.58125 0.2791666666666667 0.5833333333333334 0.26875 0.5833333333333334 0.25833333333333336 0.58125 0.25416666666666665 0.575 0.24583333333333332 0.5708333333333333 0.24166666666666667
0 0.22291666666666668 0.75625 0.21666666666666667 0.7604166666666666 0.2125 0.7604166666666666 0.20416666666666666 0.7645833333333333 0.19583333333333333 0.7708333333333334 0.18958333333333333 0.7770833333333333 0.17916666666666667 0.7979166666666667 0.17916666666666667 0.81875 0.18333333333333332 0.8270833333333333 0.1875 0.8333333333333334 0.19166666666666668 0.8375 0.2125 0.8541666666666666 0.24166666666666667 0.8541666666666666 0.25833333333333336 0.8458333333333333 0.2708333333333333 0.8333333333333334 0.27291666666666664 0.8270833333333333 0.275 0.81875 0.27708333333333335 0.8104166666666667 0.2791666666666667 0.8020833333333334 0.2791666666666667 0.7958333333333333 0.27708333333333335 0.7895833333333333 0.275 0.78125 0.27291666666666664 0.7770833333333333 0.2604166666666667 0.7645833333333333 0.24375 0.75625
0 0.45625 0.1875 0.44375 0.19791666666666666 0.4354166666666667 0.20625 0.43333333333333335 0.21458333333333332 0.43125 0.22708333333333333 0.43125 0.23541666666666666 0.43333333333333335 0.24166666666666667 0.4354166666666667 0.24583333333333332 0.44166666666666665 0.25416666666666665 0.45 0.2625 0.46041666666666664 0.26458333333333334 0.46875 0.26458333333333334 0.475 0.2604166666666667 0.4791666666666667 0.2604166666666667 0.49166666666666664 0.25416666666666665 0.5041666666666667 0.24166666666666667 0.50625 0.23333333333333334 0.50625 0.225 0.5020833333333333 0.21875 0.5020833333333333 0.21458333333333332 0.5 0.20833333333333334 0.47291666666666665 0.1875
0 0.5645833333333333 0.34375 0.5479166666666667 0.36041666666666666 0.5458333333333333 0.36666666666666664 0.54375 0.37916666666666665 0.54375 0.3854166666666667 0.5479166666666667 0.39166666666666666 0.55625 0.40208333333333335 0.5604166666666667 0.40625 0.5729166666666666 0.4083333333333333 0.58125 0.4083333333333333 0.5875 0.4041666666666667 0.5958333333333333 0.39791666666666664 0.6 0.39375 0.6020833333333333 0.3854166666666667 0.6041666666666666 0.37083333333333335 0.6041666666666666 0.3645833333333333 0.6020833333333333 0.36041666666666666 0.5958333333333333 0.35208333333333336 0.5916666666666667 0.34791666666666665 0.5833333333333334 0.3458333333333333 0.5708333333333333 0.34375
0 0.5375 0.15625 0.53125 0.16041666666666668 0.5270833333333333 0.16041666666666668 0.5229166666666667 0.1625 0.51875 0.16666666666666666 0.5104166666666666 0.17708333333333334 0.5020833333333333 0.1875 0.4979166666666667 0.19375 0.4979166666666667 0.20208333333333334 0.5020833333333333 0.20833333333333334 0.5020833333333333 0.2125 0.5041666666666667 0.21875 0.50625 0.22291666666666668 0.5083333333333333 0.22708333333333333 0.5125 0.22916666666666666 0.51875 0.23333333333333334 0.525 0.23541666666666666 0.5291666666666667 0.23958333333333334 0.5375 0.24375 0.5416666666666666 0.24375 0.5583333333333333 0.24166666666666667 0.56875 0.23333333333333334 0.5791666666666667 0.22291666666666668 0.5854166666666667 0.21041666666666667 0.5854166666666667 0.1875 0.5833333333333334 0.18333333333333332 0.5791666666666667 0.17708333333333334 0.575 0.17083333333333334 0.5708333333333333 0.16458333333333333 0.5666666666666667 0.16041666666666668 0.5583333333333333 0.15625
0 0.8083333333333333 0.04791666666666667 0.7979166666666667 0.05625 0.7895833333333333 0.06458333333333334 0.7895833333333333 0.0875 0.7958333333333333 0.09583333333333334 0.8020833333333334 0.10208333333333333 0.8125 0.10416666666666667 0.8208333333333333 0.10416666666666667 0.8270833333333333 0.1 0.8375 0.09166666666666666 0.8416666666666667 0.0875 0.84375 0.07708333333333334 0.84375 0.06666666666666667 0.8416666666666667 0.0625 0.8354166666666667 0.05416666666666667 0.83125 0.05 0.81875 0.04791666666666667