0 1 0.3612708333333333 0.9980833333333333 0.35883333333333334 0.9963333333333334 0.35483333333333333 0.9960833333333333 0.35083333333333333 0.9960833333333333 0.3463333333333333 0.9963333333333334 0.34258333333333335 0.9970833333333334 0.33808333333333335 0.9993333333333333 0.3325833333333333 1 0.3316458333333333
0 0.10208333333333333 0.8666666666666667 0.0875 0.8708333333333333 0.07708333333333334 0.8833333333333333 0.07916666666666666 0.9 0.0875 0.9083333333333333 0.10208333333333333 0.9083333333333333 0.1125 0.8979166666666667 0.1125 0.8791666666666667
0 0.15833333333333333 0.6791666666666667 0.13958333333333334 0.6875 0.12916666666666668 0.7041666666666667 0.125 0.7229166666666667 0.14375 0.7520833333333333 0.16666666666666666 0.7583333333333333 0.18333333333333332 0.7541666666666667 0.2 0.7416666666666667 0.20416666666666666 0.7083333333333334 0.19583333333333333 0.6916666666666667 0.17291666666666666 0.6791666666666667
0 0.06875 0.7083333333333334 0.05416666666666667 0.7229166666666667 0.05416666666666667 0.7375 0.08958333333333333 0.7604166666666666 0.10625 0.7604166666666666 0.11458333333333333 0.7520833333333333 0.11458333333333333 0.7291666666666666 0.10833333333333334 0.7145833333333333 0.09583333333333334 0.7041666666666667
0 0.06458333333333334 0.21458333333333332 0.05625 0.225 0.052083333333333336 0.24375 0.058333333333333334 0.26458333333333334 0.075 0.28541666666666665 0.10833333333333334 0.29791666666666666 0.1375 0.2791666666666667 0.14166666666666666 0.26875 0.13958333333333334 0.24791666666666667 0.12916666666666668 0.22708333333333333 0.11666666666666667 0.21458333333333332 0.10625 0.21041666666666667 0.075 0.21041666666666667
0 0.4 0.22083333333333333 0.38125 0.2375 0.3770833333333333 0.2604166666666667 0.39375 0.2791666666666667 0.4166666666666667 0.28125 0.43333333333333335 0.26458333333333334 0.4354166666666667 0.24166666666666667 0.425 0.22708333333333333
0 0.4875 0.4583333333333333 0.47291666666666665 0.4708333333333333 0.4708333333333333 0.4979166666666667 0.48125 0.5104166666666666 0.49583333333333335 0.5145833333333333 0.5104166666666666 0.50625 0.5166666666666667 0.48125 0.5041666666666667 0.46041666666666664
0 0.7854166666666667 0.1875 0.7708333333333334 0.19791666666666666 0.76875 0.2125 0.7770833333333333 0.22291666666666668 0.79375 0.225 0.80625 0.2125 0.80625 0.19791666666666666 0.8 0.18958333333333333
0 0.79375 0.26458333333333334 0.78125 0.28541666666666665 0.7895833333333333 0.30416666666666664 0.8020833333333334 0.3104166666666667 0.8145833333333333 0.3104166666666667 0.83125 0.3 0.8333333333333334 0.27708333333333335 0.81875 0.2604166666666667
0 0.6229166666666667 0.775 0.6 0.7895833333333333 0.5916666666666667 0.8041666666666667 0.5916666666666667 0.8166666666666667 0.6125 0.8395833333333333 0.6354166666666666 0.84375 0.6625 0.8270833333333333 0.6666666666666666 0.8166666666666667 0.6645833333333333 0.8 0.6479166666666667 0.7791666666666667
0 0.56875 0.8479166666666667 0.55625 0.85625 0.5520833333333334 0.8666666666666667 0.5541666666666667 0.89375 0.5708333333333333 0.9083333333333333 0.59375 0.9083333333333333 0.6083333333333333 0.89375 0.6083333333333333 0.8645833333333334 0.5958333333333333 0.85
0 0.725 0.8979166666666667 0.7083333333333334 0.9166666666666666 0.7083333333333334 0.9354166666666667 0.71875 0.9520833333333333 0.73125 0.9583333333333334 0.74375 0.9583333333333334 0.7583333333333333 0.9458333333333333 0.7583333333333333 0.9145833333333333 0.74375 0.8979166666666667
0 0.89375 0.8 0.8708333333333333 0.8166666666666667 0.8604166666666667 0.8354166666666667 0.8604166666666667 0.8479166666666667 0.86875 0.8666666666666667 0.88125 0.8791666666666667 0.8979166666666667 0.8875 0.9270833333333334 0.8854166666666666 0.95 0.8625 0.9520833333333333 0.8479166666666667 0.9416666666666667 0.81875 0.9166666666666666 0.8
0 0.85625 0.6979166666666666 0.85625 0.7208333333333333 0.875 0.7375 0.90625 0.7375 0.9208333333333333 0.725 0.9166666666666666 0.6979166666666666 0.89375 0.68125 0.8770833333333333 0.68125
0 0.06458333333333334 0.5 0.058333333333333334 0.5020833333333333 0.05416666666666667 0.5041666666666667 0.04375 0.5125 0.035416666666666666 0.5208333333333334 0.027083333333333334 0.5375 0.027083333333333334 0.5583333333333333 0.035416666666666666 0.575 0.05416666666666667 0.59375 0.06666666666666667 0.6 0.08333333333333333 0.6 0.09166666666666666 0.59375 0.09791666666666667 0.5875 0.10625 0.5708333333333333 0.10833333333333334 0.54375 0.10833333333333334 0.5208333333333334 0.10208333333333333 0.5125 0.09375 0.5041666666666667 0.08541666666666667 0.5020833333333333 0.07291666666666667 0.5