0 0.8270833333333333 0.9479166666666666 0.83125 0.975 0.8375 0.9833333333333333 0.8520833333333333 0.9875 0.8666666666666667 0.98125 0.8708333333333333 0.975 0.8708333333333333 0.9583333333333334 0.8666666666666667 0.9520833333333333 0.84375 0.94375 0.83125 0.94375
0 0.7375 0.4083333333333333 0.7208333333333333 0.41041666666666665 0.70625 0.42916666666666664 0.7041666666666667 0.45208333333333334 0.7166666666666667 0.4666666666666667 0.74375 0.46458333333333335 0.7583333333333333 0.4479166666666667 0.75 0.41875
0 0.23333333333333334 0.6145833333333334 0.22083333333333333 0.61875 0.20833333333333334 0.63125 0.20416666666666666 0.6583333333333333 0.21875 0.6791666666666667 0.24791666666666667 0.6833333333333333 0.2708333333333333 0.6645833333333333 0.27291666666666664 0.6395833333333333 0.26458333333333334 0.6229166666666667 0.25625 0.6166666666666667
0 0.2520833333333333 0.69375 0.23541666666666666 0.7020833333333333 0.225 0.7145833333333333 0.22083333333333333 0.7333333333333333 0.23333333333333334 0.7520833333333333 0.2520833333333333 0.7625 0.2604166666666667 0.7625 0.28125 0.7479166666666667 0.28958333333333336 0.71875 0.28125 0.7020833333333333
0 0.08333333333333333 0.9145833333333333 0.07291666666666667 0.9270833333333334 0.07291666666666667 0.9583333333333334 0.09166666666666666 0.98125 0.12916666666666668 0.9833333333333333 0.14375 0.9583333333333334 0.14375 0.94375 0.13541666666666666 0.9208333333333333 0.11666666666666667 0.9083333333333333 0.09791666666666667 0.9083333333333333
0 0.46041666666666664 0.8833333333333333 0.4395833333333333 0.8833333333333333 0.42083333333333334 0.8916666666666667 0.4041666666666667 0.9208333333333333 0.40625 0.9541666666666667 0.42083333333333334 0.96875 0.4395833333333333 0.9770833333333333 0.47708333333333336 0.9625 0.4875 0.9520833333333333 0.49583333333333335 0.9333333333333333 0.4895833333333333 0.9020833333333333 0.47708333333333336 0.8895833333333333
0 0.375 0.9791666666666666 0.37416666666666665 1 0.44625 1 0.4454166666666667 0.9889583333333333 0.43979166666666664 0.9783333333333334 0.42104166666666665 0.9697916666666667 0.40875 0.9583333333333334 0.38791666666666663 0.9589583333333334 0.3770833333333333 0.9729166666666667
0 0.8166666666666667 0.9 0.80625 0.9145833333333333 0.8083333333333333 0.9291666666666667 0.825 0.9416666666666667 0.8354166666666667 0.9416666666666667 0.84375 0.93125 0.8458333333333333 0.9125 0.8354166666666667 0.9
0 0.9541666666666667 0.8583333333333333 0.93125 0.8583333333333333 0.9208333333333333 0.8645833333333334 0.9125 0.8791666666666667 0.9125 0.9020833333333333 0.93125 0.9208333333333333 0.9520833333333333 0.91875 0.9708333333333333 0.8979166666666667 0.9708333333333333 0.875
0 0.9854166666666667 0.7875 0.9645833333333333 0.80625 0.9625 0.8375 0.96875 0.8541666666666666 0.9770833333333333 0.8625 0.9979166666666667 0.8666666666666667 0.9979166666666667 0.7875
0 0.9979166666666667 0.9291666666666667 0.9895833333333334 0.9333333333333333 0.98125 0.95 0.9833333333333333 0.9770833333333333 0.9979166666666667 0.99375
0 1 0.21329166666666666 0.9969374999999999 0.2106875 0.9938958333333333 0.20464583333333333 0.9921875 0.19772916666666665 0.99175 0.19039583333333335 0.9926041666666666 0.18389583333333331 0.9930416666666667 0.177 0.995625 0.1709375 0.9990833333333333 0.16489583333333335 1 0.16362500000000002