0 0.61875 0.3645833333333333 0.6041666666666666 0.37083333333333335 0.6 0.375 0.5958333333333333 0.38125 0.59375 0.3854166666666667 0.5916666666666667 0.39375 0.5916666666666667 0.40208333333333335 0.59375 0.40625 0.6 0.41458333333333336 0.60625 0.42291666666666666 0.6104166666666667 0.4270833333333333 0.625 0.42916666666666664 0.6354166666666666 0.42916666666666664 0.6458333333333334 0.42083333333333334 0.6541666666666667 0.4125 0.65625 0.4 0.65625 0.38958333333333334 0.6520833333333333 0.38125 0.6479166666666667 0.3770833333333333 0.6395833333333333 0.36666666666666664 0.63125 0.3645833333333333 0.625 0.3645833333333333
0 0.7958333333333333 0.01875 0.7833333333333333 0.020833333333333332 0.775 0.025 0.7645833333333333 0.04583333333333333 0.7645833333333333 0.05 0.7666666666666667 0.05416666666666667 0.775 0.06041666666666667 0.78125 0.06875 0.79375 0.075 0.7979166666666667 0.075 0.8041666666666667 0.07291666666666667 0.8104166666666667 0.07083333333333333 0.8166666666666667 0.06458333333333334 0.8208333333333333 0.06041666666666667 0.8229166666666666 0.05625 0.8229166666666666 0.052083333333333336 0.8208333333333333 0.04375 0.81875 0.035416666666666666 0.8166666666666667 0.03125 0.8125 0.027083333333333334 0.8041666666666667 0.020833333333333332 0.8 0.01875
0 0.7479166666666667 0.28541666666666665 0.73125 0.2875 0.71875 0.2916666666666667 0.7145833333333333 0.29791666666666666 0.7104166666666667 0.30416666666666664 0.70625 0.3104166666666667 0.7041666666666667 0.3145833333333333 0.7020833333333333 0.325 0.7020833333333333 0.3375 0.70625 0.3458333333333333 0.7104166666666667 0.35 0.7229166666666667 0.36041666666666666 0.73125 0.36666666666666664 0.7375 0.36875 0.74375 0.36875 0.75 0.3645833333333333 0.7541666666666667 0.3645833333333333 0.7604166666666666 0.3625 0.7729166666666667 0.35 0.7770833333333333 0.3458333333333333 0.7833333333333333 0.3333333333333333 0.7833333333333333 0.31666666666666665 0.7770833333333333 0.30416666666666664 0.7729166666666667 0.3 0.7604166666666666 0.28958333333333336 0.7541666666666667 0.28541666666666665
0 0.7458333333333333 0.05 0.725 0.05416666666666667 0.7104166666666667 0.06875 0.7041666666666667 0.08333333333333333 0.7083333333333334 0.11458333333333333 0.7354166666666667 0.13333333333333333 0.7708333333333334 0.12083333333333333 0.78125 0.10833333333333334 0.7791666666666667 0.07083333333333333 0.7625 0.05625
0 0.8729166666666667 0.5229166666666667 0.8645833333333334 0.54375 0.86875 0.5729166666666666 0.8875 0.5854166666666667 0.9 0.5875 0.91875 0.58125 0.9291666666666667 0.5625 0.9291666666666667 0.5479166666666667 0.9208333333333333 0.5333333333333333 0.9083333333333333 0.525
0 0.9916666666666667 0.7041666666666667 0.9791666666666666 0.7145833333333333 0.9729166666666667 0.7416666666666667 0.9854166666666667 0.7666666666666667 1 0.785625 1 0.7035416666666666
0 0.9916666666666667 0.8291666666666667 0.9791666666666666 0.8375 0.975 0.85625 0.98125 0.8729166666666667 1 0.8914583333333332 1 0.8295833333333333
0 0.9395833333333333 0.7833333333333333 0.91875 0.8 0.9104166666666667 0.8208333333333333 0.9166666666666666 0.8354166666666667 0.93125 0.8479166666666667 0.9520833333333333 0.85 0.96875 0.8375 0.975 0.8166666666666667 0.96875 0.7979166666666667 0.9604166666666667 0.7895833333333333
0 0.9918958333333333 1 0.9916041666666667 0.9954375 0.9911666666666666 0.98775 0.99075 0.9809375 0.9911666666666666 0.9745208333333333 0.9937291666666667 0.9651458333333333 0.9992708333333333 0.9570416666666667 1 0.9563541666666667 1 1
0 0.9177708333333333 0.9992916666666667 0.9170833333333334 1 0.987125 1 0.9847708333333334 0.995875 0.9800833333333333 0.9911666666666666 0.9736666666666667 0.9881875 0.9672708333333334 0.9868958333333333 0.9600208333333333 0.9852083333333332 0.9531875 0.9852083333333332 0.9467916666666666 0.9868958333333333 0.9403958333333333 0.9886041666666666 0.9335625000000001 0.9916041666666667 0.9271666666666667 0.9945833333333333
0 0 0.6421875 0.004583333333333333 0.6439583333333334 0.010624999999999999 0.6460833333333333 0.015958333333333335 0.6475208333333333 0.021645833333333333 0.65 0.026270833333333334 0.6542708333333334 0.029812500000000002 0.65925 0.03125 0.6645833333333333 0.0323125 0.6706249999999999 0.03302083333333333 0.6766666666666666 0.033375 0.6827291666666666 0.033375 0.6887708333333333 0.033375 0.6944583333333333 0.03266666666666666 0.7008541666666667 0.03160416666666667 0.7061875000000001 0.02875 0.7125833333333333 0.026270833333333334 0.7175625 0.023770833333333335 0.7228958333333334 0.021291666666666667 0.7282291666666667 0.017020833333333332 0.7317916666666666 0.012041666666666668 0.735 0.007416666666666667 0.7378333333333333 0.0010208333333333332 0.739625 0 0.739625
0 0.12802083333333333 1 0.12833333333333333 0.9941666666666666 0.12960416666666666 0.9873333333333334 0.13216666666666665 0.9809375 0.13814583333333333 0.975375 0.14454166666666665 0.9719791666666667 0.15222916666666667 0.9702708333333334 0.158625 0.9698333333333333 0.16545833333333335 0.9698333333333333 0.17227083333333332 0.9698333333333333 0.17995833333333333 0.9698333333333333 0.18720833333333334 0.9715416666666666 0.1931875 0.9745208333333333 0.19745833333333335 0.9800833333333333 0.200875 0.9856250000000001 0.20343750000000002 0.9916041666666667 0.20514583333333333 0.998 0.20564583333333333 1
0 0.5541666666666667 0.16041666666666668 0.54375 0.1625 0.5375 0.16458333333333333 0.5291666666666667 0.17291666666666666 0.5229166666666667 0.18125 0.5229166666666667 0.20208333333333334 0.525 0.20625 0.53125 0.21458333333333332 0.5354166666666667 0.21875 0.5458333333333333 0.22083333333333333 0.55625 0.22083333333333333 0.5625 0.21875 0.5666666666666667 0.21666666666666667 0.5833333333333334 0.2 0.5833333333333334 0.19583333333333333 0.58125 0.18333333333333332 0.5770833333333333 0.17291666666666666 0.56875 0.16666666666666666 0.5625 0.1625 0.5583333333333333 0.16041666666666668
0 0.27291666666666664 0.84375 0.26458333333333334 0.85 0.25833333333333336 0.85625 0.25416666666666665 0.8645833333333334 0.25416666666666665 0.875 0.25833333333333336 0.8854166666666666 0.26666666666666666 0.8916666666666667 0.2708333333333333 0.89375 0.2833333333333333 0.8958333333333334 0.29375 0.8958333333333334 0.29791666666666666 0.89375 0.30625 0.8875 0.3104166666666667 0.8791666666666667 0.3125 0.8666666666666667 0.3125 0.8625 0.30416666666666664 0.8520833333333333 0.29583333333333334 0.84375
0 0.26666666666666666 0.73125 0.25 0.7395833333333334 0.23333333333333334 0.75625 0.23125 0.7604166666666666 0.22916666666666666 0.7666666666666667 0.22916666666666666 0.7708333333333334 0.22916666666666666 0.7791666666666667 0.23333333333333334 0.7854166666666667 0.2375 0.7916666666666666 0.24166666666666667 0.7979166666666667 0.24583333333333332 0.8020833333333334 0.25416666666666665 0.80625 0.26458333333333334 0.8083333333333333 0.275 0.8083333333333333 0.2875 0.8020833333333334 0.2916666666666667 0.7979166666666667 0.29583333333333334 0.7916666666666666 0.29791666666666666 0.7854166666666667 0.3 0.7770833333333333 0.3020833333333333 0.7666666666666667 0.3020833333333333 0.7604166666666666 0.3 0.7541666666666667 0.29791666666666666 0.7479166666666667 0.29583333333333334 0.74375 0.2875 0.7354166666666667 0.28125 0.7333333333333333 0.2708333333333333 0.73125
0 0.18958333333333333 0.5833333333333334 0.18125 0.5875 0.175 0.59375 0.16875 0.6020833333333333 0.16666666666666666 0.6104166666666667 0.16458333333333333 0.6229166666666667 0.16458333333333333 0.6291666666666667 0.17083333333333334 0.6354166666666666 0.18125 0.64375 0.18958333333333333 0.6458333333333334 0.20208333333333334 0.6479166666666667 0.20833333333333334 0.6479166666666667 0.21666666666666667 0.6416666666666667 0.22291666666666668 0.6354166666666666 0.225 0.6291666666666667 0.22708333333333333 0.6166666666666667 0.22708333333333333 0.6104166666666667 0.225 0.60625 0.22083333333333333 0.6020833333333333 0.21875 0.5958333333333333 0.21458333333333332 0.5895833333333333 0.20625 0.5854166666666667 0.19583333333333333 0.5833333333333334
0 0.29583333333333334 0.5208333333333334 0.28125 0.5229166666666667 0.27291666666666664 0.525 0.26458333333333334 0.5333333333333333 0.2604166666666667 0.5416666666666666 0.25833333333333336 0.5479166666666667 0.25833333333333336 0.55625 0.2604166666666667 0.56875 0.2625 0.575 0.26875 0.58125 0.27708333333333335 0.5875 0.28125 0.5895833333333333 0.2875 0.5916666666666667 0.2916666666666667 0.5916666666666667 0.30416666666666664 0.5854166666666667 0.31875 0.5708333333333333 0.32083333333333336 0.5666666666666667 0.3229166666666667 0.5604166666666667 0.325 0.5541666666666667 0.325 0.55 0.3229166666666667 0.54375 0.32083333333333336 0.5375 0.31875 0.5333333333333333 0.3145833333333333 0.5291666666666667 0.30625 0.5229166666666667 0.3020833333333333 0.5208333333333334
0 0.21875 0.3645833333333333 0.20833333333333334 0.36666666666666664 0.2 0.37083333333333335 0.19791666666666666 0.3770833333333333 0.19375 0.38125 0.18958333333333333 0.38958333333333334 0.18958333333333333 0.4083333333333333 0.19166666666666668 0.41458333333333336 0.19375 0.42083333333333334 0.19791666666666666 0.4270833333333333 0.19791666666666666 0.43125 0.2 0.4354166666666667 0.20833333333333334 0.44375 0.2125 0.44583333333333336 0.21875 0.4479166666666667 0.225 0.45 0.23541666666666666 0.45 0.2520833333333333 0.4479166666666667 0.2625 0.44375 0.26875 0.4354166666666667 0.27291666666666664 0.42916666666666664 0.2791666666666667 0.42083333333333334 0.28125 0.4166666666666667 0.28125 0.40208333333333335 0.27708333333333335 0.39375 0.26875 0.3854166666666667 0.2604166666666667 0.37916666666666665 0.2520833333333333 0.375 0.24791666666666667 0.375 0.24166666666666667 0.37083333333333335 0.23541666666666666 0.36875 0.23125 0.36875 0.225 0.3645833333333333
0 0.6 0.6625 0.5875 0.6645833333333333 0.58125 0.6666666666666666 0.5645833333333333 0.675 0.5604166666666667 0.6791666666666667 0.5479166666666667 0.7041666666666667 0.5479166666666667 0.7083333333333334 0.5520833333333334 0.7145833333333333 0.5520833333333334 0.71875 0.5583333333333333 0.73125 0.5875 0.7604166666666666 0.6041666666666666 0.7604166666666666 0.625 0.75 0.6291666666666667 0.7458333333333333 0.6354166666666666 0.7375 0.6416666666666667 0.7291666666666666 0.64375 0.725 0.64375 0.7083333333333334 0.6416666666666667 0.6875 0.6354166666666666 0.6791666666666667 0.6291666666666667 0.6729166666666667 0.6166666666666667 0.6666666666666666 0.6125 0.6666666666666666 0.60625 0.6625
0 0.9520833333333333 0.5958333333333333 0.9395833333333333 0.5979166666666667 0.93125 0.6020833333333333 0.9270833333333334 0.6083333333333333 0.9229166666666667 0.6145833333333334 0.9208333333333333 0.61875 0.9208333333333333 0.63125 0.9229166666666667 0.6354166666666666 0.9291666666666667 0.64375 0.9458333333333333 0.6479166666666667 0.95625 0.6479166666666667 0.9645833333333333 0.64375 0.96875 0.6395833333333333 0.975 0.6375 0.9791666666666666 0.6291666666666667 0.98125 0.6208333333333333 0.98125 0.6166666666666667 0.9791666666666666 0.6125 0.9729166666666667 0.60625 0.9583333333333334 0.5958333333333333
0 0.5458333333333333 0.49583333333333335 0.5354166666666667 0.50625 0.5333333333333333 0.5166666666666667 0.5333333333333333 0.525 0.5354166666666667 0.5291666666666667 0.5416666666666666 0.5375 0.5520833333333334 0.5416666666666666 0.5645833333333333 0.54375 0.56875 0.54375 0.58125 0.53125 0.58125 0.5104166666666666 0.5666666666666667 0.49583333333333335