0 0.24908333333333335 1 0.24983333333333332 0.9968333333333333 0.25104166666666666 0.9923333333333333 0.25283333333333335 0.988125 0.2549375 0.9839375 0.2573333333333333 0.9797291666666667 0.2597291666666667 0.9758333333333333 0.262125 0.9719374999999999 0.2645416666666667 0.9680416666666667 0.2675416666666666 0.9644375000000001 0.2714375 0.9620416666666666 0.275625 0.9593333333333334 0.2798333333333333 0.9572291666666667 0.2843333333333333 0.9554375 0.28883333333333333 0.955125 0.29362499999999997 0.9554375 0.298125 0.9578333333333333 0.30233333333333334 0.9602291666666667 0.30683333333333335 0.9629375 0.30983333333333335 0.9665416666666666 0.31254166666666666 0.9704375 0.31462500000000004 0.974625 0.31704166666666667 0.979125 0.319125 0.9833333333333333 0.32093750000000004 0.9878333333333333 0.32154166666666667 0.9923333333333333 0.322125 0.9968333333333333 0.322125 1
0 0.28125 0.8708333333333333 0.26875 0.8729166666666667 0.2625 0.875 0.25833333333333336 0.8791666666666667 0.25 0.8895833333333333 0.24583333333333332 0.8958333333333334 0.24583333333333332 0.9208333333333333 0.24791666666666667 0.925 0.2520833333333333 0.9291666666666667 0.25833333333333336 0.9333333333333333 0.26458333333333334 0.9375 0.26875 0.9395833333333333 0.27291666666666664 0.9395833333333333 0.28125 0.9375 0.28958333333333336 0.9354166666666667 0.29791666666666666 0.9333333333333333 0.30416666666666664 0.9270833333333334 0.3104166666666667 0.9208333333333333 0.3125 0.9166666666666666 0.3125 0.89375 0.30833333333333335 0.8854166666666666 0.30416666666666664 0.88125 0.29791666666666666 0.8791666666666667 0.29375 0.875 0.28541666666666665 0.8708333333333333
0 0.05625 0.7270833333333333 0.041666666666666664 0.7291666666666666 0.0375 0.7333333333333333 0.035416666666666666 0.7375 0.035416666666666666 0.7416666666666667 0.0375 0.75 0.03958333333333333 0.7583333333333333 0.041666666666666664 0.7645833333333333 0.04583333333333333 0.76875 0.05416666666666667 0.775 0.06041666666666667 0.7791666666666667 0.06458333333333334 0.7791666666666667 0.07291666666666667 0.7770833333333333 0.08541666666666667 0.7604166666666666 0.08541666666666667 0.7458333333333333 0.08125 0.7375 0.07708333333333334 0.7333333333333333 0.07083333333333333 0.7291666666666666 0.06666666666666667 0.7270833333333333
0 0.7770833333333333 0.84375 0.7625 0.8458333333333333 0.7520833333333333 0.8541666666666666 0.7458333333333333 0.8604166666666667 0.74375 0.875 0.74375 0.8875 0.75 0.9 0.7583333333333333 0.9041666666666667 0.7666666666666667 0.90625 0.775 0.9083333333333333 0.7791666666666667 0.9083333333333333 0.7854166666666667 0.90625 0.7895833333333333 0.9041666666666667 0.7958333333333333 0.9 0.80625 0.8916666666666667 0.8104166666666667 0.8875 0.8125 0.875 0.8125 0.8645833333333334 0.8104166666666667 0.8604166666666667 0.80625 0.8541666666666666 0.8020833333333334 0.85 0.7895833333333333 0.84375
0 0.96875 0.7770833333333333 0.95 0.7958333333333333 0.9479166666666666 0.8020833333333334 0.9458333333333333 0.8145833333333333 0.9458333333333333 0.8229166666666666 0.95 0.83125 0.95625 0.8375 0.9645833333333333 0.84375 0.9770833333333333 0.8458333333333333 0.9854166666666667 0.8458333333333333 0.9895833333333334 0.84375 0.9979166666666667 0.8375 0.9979166666666667 0.7916666666666666 0.9958333333333333 0.7875 0.9916666666666667 0.78125 0.9791666666666666 0.7770833333333333
0 0.925 0.5166666666666667 0.9208333333333333 0.5208333333333334 0.9145833333333333 0.5291666666666667 0.9125 0.5333333333333333 0.9125 0.54375 0.9145833333333333 0.5541666666666667 0.9166666666666666 0.5583333333333333 0.9229166666666667 0.5666666666666667 0.9270833333333334 0.5708333333333333 0.9333333333333333 0.5729166666666666 0.94375 0.575 0.9479166666666666 0.575 0.9541666666666667 0.5708333333333333 0.9645833333333333 0.5625 0.96875 0.5583333333333333 0.96875 0.5395833333333333 0.9604166666666667 0.5291666666666667 0.9520833333333333 0.5208333333333334 0.94375 0.51875 0.93125 0.5166666666666667
0 0.7354166666666667 0.1125 0.725 0.11458333333333333 0.71875 0.11875 0.7104166666666667 0.125 0.7020833333333333 0.13125 0.7 0.16875 0.7208333333333333 0.18958333333333333 0.7458333333333333 0.18958333333333333 0.7583333333333333 0.18333333333333332 0.7625 0.17916666666666667 0.7770833333333333 0.1625 0.7770833333333333 0.13958333333333334 0.7729166666666667 0.13333333333333333 0.7625 0.12083333333333333 0.7583333333333333 0.11666666666666667 0.7541666666666667 0.11458333333333333 0.7458333333333333 0.1125
0 0.8199375 0 0.818625 0.0020416666666666665 0.8147291666666666 0.0044375 0.8114375 0.007729166666666666 0.808125 0.011041666666666667 0.8030416666666667 0.011625 0.7982291666666667 0.011625 0.7937291666666667 0.010437499999999999 0.7889375 0.0089375 0.7847291666666667 0.006541666666666667 0.7805416666666667 0.0044375 0.7766249999999999 0.0017291666666666666 0.7760833333333333 0
0 0.83125 0.3145833333333333 0.8104166666666667 0.325 0.80625 0.32708333333333334 0.80625 0.3416666666666667 0.8145833333333333 0.35833333333333334 0.81875 0.3625 0.8229166666666666 0.3729166666666667 0.8416666666666667 0.39166666666666666 0.8583333333333333 0.4 0.8854166666666666 0.4 0.90625 0.38958333333333334 0.9166666666666666 0.37916666666666665 0.9229166666666667 0.37083333333333335 0.93125 0.3541666666666667 0.93125 0.34375 0.9291666666666667 0.33125 0.9229166666666667 0.325 0.9166666666666666 0.32083333333333336 0.9020833333333333 0.31875 0.8729166666666667 0.31666666666666665 0.84375 0.3145833333333333
0 0.175 0.94375 0.16875 0.9479166666666666 0.16458333333333333 0.9479166666666666 0.16041666666666668 0.95 0.15625 0.9541666666666667 0.15208333333333332 0.9625 0.15 0.96875 0.14791666666666667 0.9770833333333333 0.14791666666666667 0.9854166666666667 0.151875 0.9931249999999999 0.15708333333333335 1 0.21687499999999998 1 0.22291666666666668 0.9916666666666667 0.225 0.975 0.225 0.9604166666666667 0.21875 0.9520833333333333 0.2125 0.9458333333333333 0.19375 0.94375
0 0 0.6059791666666666 0.005729166666666666 0.6103958333333334 0.009458333333333334 0.6215833333333334 0.010958333333333332 0.6327916666666666 0.007229166666666667 0.6439791666666667 0.002 0.6544375 0 0.656125