0 0.5666666666666667 0.9333333333333333 0.5583333333333333 0.9395833333333333 0.5520833333333334 0.9458333333333333 0.55 0.95625 0.55 0.9645833333333333 0.55625 0.9729166666666667 0.5625 0.9791666666666666 0.575 0.98125 0.5833333333333334 0.98125 0.5916666666666667 0.9729166666666667 0.5979166666666667 0.9645833333333333 0.5979166666666667 0.95625 0.5958333333333333 0.94375 0.5895833333333333 0.9375 0.5833333333333334 0.9333333333333333
0 0.09791666666666667 0.7145833333333333 0.09166666666666666 0.71875 0.08333333333333333 0.725 0.07916666666666666 0.7354166666666667 0.07916666666666666 0.7416666666666667 0.08958333333333333 0.7541666666666667 0.09583333333333334 0.7541666666666667 0.1 0.75625 0.11041666666666666 0.7458333333333333 0.11666666666666667 0.7333333333333333 0.11666666666666667 0.7208333333333333 0.11041666666666666 0.7145833333333333
0 0.8583333333333333 0.12708333333333333 0.8458333333333333 0.12916666666666668 0.84375 0.13333333333333333 0.8416666666666667 0.1375 0.8416666666666667 0.14583333333333334 0.84375 0.15208333333333332 0.85 0.15833333333333333 0.86875 0.15833333333333333 0.875 0.15208333333333332 0.875 0.13333333333333333 0.8708333333333333 0.12916666666666668 0.8666666666666667 0.12708333333333333
0 0.9979166666666667 0.51875 0.9916666666666667 0.5208333333333334 0.9854166666666667 0.525 0.98125 0.525 0.9770833333333333 0.5270833333333333 0.9708333333333333 0.5333333333333333 0.9666666666666667 0.5395833333333333 0.9666666666666667 0.5541666666666667 0.9708333333333333 0.5625 0.975 0.56875 0.9791666666666666 0.5729166666666666 0.98125 0.5791666666666667 0.9854166666666667 0.5833333333333334 0.9916666666666667 0.5854166666666667 0.9979166666666667 0.5895833333333333
0 0.022916666666666665 0.9833333333333333 0.014583333333333334 0.9854166666666667 0.00625 0.9875 0 0.9895833333333334 0.000625 1 0.04833333333333333 1 0.04375 0.9916666666666667 0.027083333333333334 0.9833333333333333
0 0.8041666666666667 0.475 0.7958333333333333 0.47708333333333336 0.7895833333333333 0.4791666666666667 0.7833333333333333 0.48541666666666666 0.7770833333333333 0.49375 0.775 0.4979166666666667 0.7729166666666667 0.5041666666666667 0.7729166666666667 0.5145833333333333 0.775 0.525 0.7791666666666667 0.53125 0.7875 0.5416666666666666 0.7916666666666666 0.5458333333333333 0.8083333333333333 0.5458333333333333 0.8208333333333333 0.5395833333333333 0.8333333333333334 0.5270833333333333 0.8354166666666667 0.5229166666666667 0.8375 0.5166666666666667 0.8375 0.5104166666666666 0.8354166666666667 0.5 0.8333333333333334 0.49375 0.8208333333333333 0.48125 0.8083333333333333 0.475
0 0.24791666666666667 0.43125 0.2375 0.43333333333333335 0.23333333333333334 0.4375 0.22916666666666666 0.44375 0.22916666666666666 0.4666666666666667 0.2375 0.475 0.24166666666666667 0.47708333333333336 0.24583333333333332 0.47708333333333336 0.2520833333333333 0.48125 0.25833333333333336 0.48125 0.26666666666666666 0.4791666666666667 0.2708333333333333 0.47708333333333336 0.275 0.47291666666666665 0.27708333333333335 0.46875 0.27708333333333335 0.45416666666666666 0.2708333333333333 0.44166666666666665 0.26666666666666666 0.4375 0.2604166666666667 0.43333333333333335 0.25625 0.43125
0 0.09791666666666667 0.34791666666666665 0.08958333333333333 0.3541666666666667 0.08541666666666667 0.35833333333333334 0.08125 0.36666666666666664 0.08125 0.375 0.08333333333333333 0.38958333333333334 0.0875 0.4 0.09375 0.40208333333333335 0.09791666666666667 0.40625 0.10625 0.40625 0.1125 0.40625 0.11666666666666667 0.4041666666666667 0.12083333333333333 0.4 0.12708333333333333 0.39166666666666666 0.13125 0.3854166666666667 0.13125 0.37916666666666665 0.12916666666666668 0.36666666666666664 0.12708333333333333 0.35833333333333334 0.12291666666666666 0.35208333333333336 0.11875 0.34791666666666665 0.11458333333333333 0.3458333333333333 0.10833333333333334 0.3458333333333333
0 0.26875 0.21458333333333332 0.2604166666666667 0.22083333333333333 0.25625 0.225 0.25625 0.25 0.2625 0.25625 0.2708333333333333 0.2625 0.2791666666666667 0.2625 0.2875 0.2604166666666667 0.30416666666666664 0.24375 0.30416666666666664 0.23541666666666666 0.3020833333333333 0.22708333333333333 0.29791666666666666 0.22291666666666668 0.28958333333333336 0.21666666666666667 0.28541666666666665 0.21458333333333332
0 0.32916666666666666 0.0125 0.31875 0.014583333333333334 0.29583333333333334 0.04583333333333333 0.29583333333333334 0.05 0.28541666666666665 0.06875 0.28541666666666665 0.07291666666666667 0.2875 0.07916666666666666 0.29583333333333334 0.08958333333333333 0.3020833333333333 0.09583333333333334 0.3104166666666667 0.10208333333333333 0.3145833333333333 0.10416666666666667 0.325 0.10416666666666667 0.3375 0.10208333333333333 0.34791666666666665 0.09375 0.35833333333333334 0.08333333333333333 0.3625 0.075 0.3625 0.035416666666666666 0.36041666666666666 0.03125 0.3541666666666667 0.022916666666666665 0.34791666666666665 0.016666666666666666 0.33958333333333335 0.0125
0 0.25416666666666665 0.09583333333333334 0.23958333333333334 0.10625 0.23541666666666666 0.11041666666666666 0.22916666666666666 0.11875 0.225 0.125 0.22291666666666668 0.12916666666666668 0.22291666666666668 0.13333333333333333 0.225 0.14583333333333334 0.22708333333333333 0.15208333333333332 0.23125 0.15625 0.24166666666666667 0.16458333333333333 0.24791666666666667 0.16875 0.25416666666666665 0.17083333333333334 0.2604166666666667 0.17083333333333334 0.26666666666666666 0.16875 0.2708333333333333 0.16666666666666666 0.28125 0.15625 0.28541666666666665 0.14791666666666667 0.28541666666666665 0.14375 0.28958333333333336 0.1375 0.28958333333333336 0.125 0.2875 0.1125 0.2791666666666667 0.10416666666666667 0.26875 0.09583333333333334
0 0.09375 0.06458333333333334 0.075 0.075 0.06875 0.07708333333333334 0.06666666666666667 0.08125 0.06458333333333334 0.08958333333333333 0.06458333333333334 0.09375 0.06666666666666667 0.09791666666666667 0.07291666666666667 0.10625 0.07916666666666666 0.11458333333333333 0.08541666666666667 0.12083333333333333 0.09375 0.125 0.10833333333333334 0.125 0.125 0.10833333333333334 0.125 0.08958333333333333 0.12291666666666666 0.08541666666666667 0.11875 0.08125 0.11666666666666667 0.075 0.1125 0.06875 0.10208333333333333 0.06458333333333334