0 0.5604166666666667 0.0625 0.54375 0.06458333333333334 0.5354166666666667 0.06666666666666667 0.525 0.075 0.5166666666666667 0.08333333333333333 0.5166666666666667 0.125 0.525 0.14166666666666666 0.5291666666666667 0.14583333333333334 0.5354166666666667 0.15 0.5395833333333333 0.15208333333333332 0.55 0.15416666666666667 0.5583333333333333 0.15416666666666667 0.5666666666666667 0.15208333333333332 0.575 0.15 0.58125 0.14375 0.5854166666666667 0.13958333333333334 0.5895833333333333 0.13333333333333333 0.59375 0.12708333333333333 0.5979166666666667 0.12083333333333333 0.6 0.11666666666666667 0.6 0.11041666666666666 0.5979166666666667 0.09375 0.5958333333333333 0.08541666666666667 0.5916666666666667 0.07916666666666666 0.5854166666666667 0.07291666666666667 0.5791666666666667 0.07083333333333333 0.575 0.06666666666666667 0.5666666666666667 0.0625
0 0.28958333333333336 0 0.29375 0.004166666666666667 0.3 0.0125 0.31666666666666665 0.020833333333333332 0.325 0.020833333333333332 0.3416666666666667 0.01875 0.35208333333333336 0.014583333333333334 0.3541666666666667 0.008333333333333333 0.35833333333333334 0.004166666666666667 0.36041666666666666 0
0 0.48333333333333334 0.03333333333333333 0.47291666666666665 0.041666666666666664 0.46875 0.04583333333333333 0.46458333333333335 0.052083333333333336 0.4625 0.05625 0.4625 0.06875 0.4666666666666667 0.08541666666666667 0.47291666666666665 0.0875 0.47708333333333336 0.09166666666666666 0.48125 0.09375 0.49583333333333335 0.09375 0.5145833333333333 0.08958333333333333 0.5145833333333333 0.08333333333333333 0.5270833333333333 0.07291666666666667 0.5291666666666667 0.06875 0.5145833333333333 0.05416666666666667 0.4979166666666667 0.035416666666666666 0.49166666666666664 0.03333333333333333
0 0.5333333333333333 0 0.5333333333333333 0.0125 0.5395833333333333 0.025 0.54375 0.029166666666666667 0.55 0.03333333333333333 0.5583333333333333 0.03958333333333333 0.5645833333333333 0.04375 0.56875 0.04583333333333333 0.5958333333333333 0.04583333333333333 0.6020833333333333 0.03958333333333333 0.6125 0.027083333333333334 0.6166666666666667 0.020833333333333332 0.6166666666666667 0
0 0.8645833333333334 0.10208333333333333 0.8583333333333333 0.10833333333333334 0.8541666666666666 0.11458333333333333 0.8541666666666666 0.12916666666666668 0.8645833333333334 0.13958333333333334 0.8729166666666667 0.14166666666666666 0.8791666666666667 0.14166666666666666 0.8833333333333333 0.13958333333333334 0.8895833333333333 0.13541666666666666 0.89375 0.12291666666666666 0.89375 0.11458333333333333 0.88125 0.10208333333333333
0 0.9541666666666667 0.020833333333333332 0.9416666666666667 0.022916666666666665 0.9333333333333333 0.027083333333333334 0.9291666666666667 0.03125 0.9104166666666667 0.05 0.9104166666666667 0.05416666666666667 0.9041666666666667 0.06458333333333334 0.9041666666666667 0.08958333333333333 0.9125 0.10625 0.9166666666666666 0.11041666666666666 0.925 0.11666666666666667 0.9333333333333333 0.12291666666666666 0.9395833333333333 0.12708333333333333 0.9479166666666666 0.12708333333333333 0.9645833333333333 0.125 0.9729166666666667 0.12291666666666666 0.9958333333333333 0.1 0.9979166666666667 0.09583333333333334 0.9979166666666667 0.04791666666666667 0.9958333333333333 0.04375 0.98125 0.029166666666666667 0.9645833333333333 0.020833333333333332
0 0.9729166666666667 0.7541666666666667 0.9625 0.75625 0.9520833333333333 0.7666666666666667 0.9416666666666667 0.7791666666666667 0.9395833333333333 0.7916666666666666 0.9395833333333333 0.8041666666666667 0.9416666666666667 0.8125 0.94375 0.8166666666666667 0.9541666666666667 0.8270833333333333 0.9666666666666667 0.8375 0.98125 0.8395833333333333 0.99375 0.8395833333333333 0.9979166666666667 0.8354166666666667 0.9979166666666667 0.7583333333333333 0.99375 0.7583333333333333 0.9854166666666667 0.75625 0.9833333333333333 0.7541666666666667
0 0.9979166666666667 0.8416666666666667 0.99375 0.8458333333333333 0.9916666666666667 0.8520833333333333 0.9895833333333334 0.8645833333333334 0.9895833333333334 0.8729166666666667 0.99375 0.88125 0.9979166666666667 0.8854166666666666
0 0.95 0.8708333333333333 0.9395833333333333 0.88125 0.9291666666666667 0.89375 0.9270833333333334 0.8979166666666667 0.925 0.90625 0.925 0.91875 0.9270833333333334 0.9270833333333334 0.9291666666666667 0.93125 0.9333333333333333 0.9375 0.9375 0.9416666666666667 0.95625 0.9541666666666667 0.9770833333333333 0.9541666666666667 0.99375 0.9458333333333333 0.9979166666666667 0.9416666666666667 0.9979166666666667 0.8875 0.9916666666666667 0.8791666666666667 0.9833333333333333 0.8708333333333333
0 0.9020833333333333 0.9270833333333334 0.8916666666666667 0.9291666666666667 0.88125 0.93125 0.875 0.9333333333333333 0.8729166666666667 0.9375 0.8729166666666667 0.9416666666666667 0.86875 0.9479166666666666 0.8666666666666667 0.9541666666666667 0.8666666666666667 0.9604166666666667 0.86875 0.96875 0.8708333333333333 0.9770833333333333 0.8729166666666667 0.9833333333333333 0.8770833333333333 0.9854166666666667 0.8833333333333333 0.9854166666666667 0.8895833333333333 0.9875 0.8916666666666667 0.9895833333333334 0.9 0.9916666666666667 0.90625 0.9916666666666667 0.9125 0.9895833333333334 0.9229166666666667 0.98125 0.93125 0.9729166666666667 0.9333333333333333 0.9666666666666667 0.9354166666666667 0.9541666666666667 0.9354166666666667 0.9479166666666666 0.9333333333333333 0.94375 0.9270833333333334 0.9375 0.9208333333333333 0.93125 0.9145833333333333 0.9291666666666667 0.9083333333333333 0.9270833333333334
0 0.8166666666666667 0.925 0.80625 0.9333333333333333 0.7979166666666667 0.9416666666666667 0.7979166666666667 0.9458333333333333 0.8 0.9625 0.7979166666666667 0.9833333333333333 0.8 0.9875 0.8041666666666667 0.99375 0.8083333333333333 0.9979166666666667 0.85 0.9979166666666667 0.8645833333333334 0.9770833333333333 0.8645833333333334 0.9604166666666667 0.8625 0.9541666666666667 0.8583333333333333 0.9458333333333333 0.8541666666666666 0.9416666666666667 0.8458333333333333 0.9354166666666667 0.8375 0.9291666666666667 0.8333333333333334 0.9270833333333334 0.825 0.925
0 0.7125 0.9895833333333334 0.7041666666666667 0.99375 0.7020833333333333 0.9979166666666667 0.7333333333333333 0.9979166666666667 0.7291666666666666 0.9958333333333333 0.7229166666666667 0.99375 0.7208333333333333 0.9916666666666667
0 0.7291666666666666 0.9145833333333333 0.7083333333333334 0.925 0.6958333333333333 0.9375 0.69375 0.9458333333333333 0.6916666666666667 0.9583333333333334 0.6916666666666667 0.9645833333333333 0.69375 0.96875 0.7 0.9770833333333333 0.70625 0.9854166666666667 0.7145833333333333 0.9895833333333334 0.7229166666666667 0.9916666666666667 0.73125 0.99375 0.74375 0.9958333333333333 0.7625 0.9979166666666667 0.7708333333333334 0.9979166666666667 0.7770833333333333 0.99375 0.7895833333333333 0.9833333333333333 0.7958333333333333 0.9770833333333333 0.7979166666666667 0.9625 0.7979166666666667 0.9479166666666666 0.7958333333333333 0.9395833333333333 0.7541666666666667 0.9145833333333333
0 0.05 0.7875 0.04583333333333333 0.7916666666666666 0.041666666666666664 0.7979166666666667 0.041666666666666664 0.8020833333333334 0.04375 0.8145833333333333 0.04791666666666667 0.8229166666666666 0.05416666666666667 0.8270833333333333 0.07083333333333333 0.8270833333333333 0.075 0.8229166666666666 0.07708333333333334 0.81875 0.07708333333333334 0.8145833333333333 0.075 0.8020833333333334 0.07291666666666667 0.79375 0.06875 0.7895833333333333 0.06458333333333334 0.7875
0 0.5020833333333333 0.5041666666666667 0.48541666666666666 0.5145833333333333 0.48125 0.51875 0.475 0.5270833333333333 0.4708333333333333 0.5333333333333333 0.46875 0.5375 0.4666666666666667 0.5458333333333333 0.46458333333333335 0.5625 0.46458333333333335 0.56875 0.475 0.5791666666666667 0.4875 0.5895833333333333 0.5041666666666667 0.5916666666666667 0.51875 0.5916666666666667 0.53125 0.5854166666666667 0.5354166666666667 0.58125 0.55 0.5520833333333334 0.55 0.5395833333333333 0.5479166666666667 0.525 0.5333333333333333 0.5104166666666666 0.5291666666666667 0.5083333333333333 0.5208333333333334 0.50625 0.5145833333333333 0.5041666666666667 0.5083333333333333 0.5041666666666667
0 0.6458333333333334 0.5083333333333333 0.6354166666666666 0.5104166666666666 0.6291666666666667 0.5125 0.6145833333333334 0.5229166666666667 0.6083333333333333 0.5291666666666667 0.6020833333333333 0.5375 0.6 0.5416666666666666 0.6 0.5708333333333333 0.6020833333333333 0.5770833333333333 0.6104166666666667 0.5875 0.6145833333333334 0.5916666666666667 0.6208333333333333 0.5958333333333333 0.6270833333333333 0.6 0.6333333333333333 0.6041666666666666 0.6395833333333333 0.6083333333333333 0.64375 0.6104166666666667 0.6520833333333333 0.6104166666666667 0.66875 0.6083333333333333 0.6791666666666667 0.60625 0.70625 0.5791666666666667 0.7083333333333334 0.5708333333333333 0.7083333333333334 0.5583333333333333 0.70625 0.55 0.7041666666666667 0.5416666666666666 0.7020833333333333 0.5375 0.6958333333333333 0.5291666666666667 0.6854166666666667 0.51875 0.6729166666666667 0.5125 0.6666666666666666 0.5104166666666666 0.6541666666666667 0.5083333333333333
0 0.9520833333333333 0.5916666666666667 0.9458333333333333 0.5958333333333333 0.9416666666666667 0.5958333333333333 0.9333333333333333 0.6 0.9208333333333333 0.6125 0.9104166666666667 0.625 0.9083333333333333 0.63125 0.9083333333333333 0.6395833333333333 0.9104166666666667 0.6479166666666667 0.9125 0.6541666666666667 0.9145833333333333 0.6583333333333333 0.91875 0.6625 0.93125 0.6729166666666667 0.9395833333333333 0.6791666666666667 0.9729166666666667 0.6791666666666667 0.98125 0.675 0.9875 0.6708333333333333 0.9916666666666667 0.6666666666666666 0.99375 0.6604166666666667 0.9979166666666667 0.65625 0.9979166666666667 0.6104166666666667 0.99375 0.6041666666666666 0.9875 0.5979166666666667 0.975 0.5916666666666667
0 0.10208333333333333 0.41458333333333336 0.0875 0.42916666666666664 0.08541666666666667 0.4375 0.08541666666666667 0.44583333333333336 0.09166666666666666 0.45208333333333334 0.10208333333333333 0.45416666666666666 0.10833333333333334 0.45416666666666666 0.12708333333333333 0.43125 0.12708333333333333 0.4270833333333333 0.12291666666666666 0.41875 0.12083333333333333 0.41458333333333336
0 0.11458333333333333 0.31875 0.11041666666666666 0.3229166666666667 0.10625 0.32916666666666666 0.10625 0.3458333333333333 0.11041666666666666 0.3541666666666667 0.11875 0.35833333333333334 0.125 0.35833333333333334 0.12916666666666668 0.36041666666666666 0.1375 0.3541666666666667 0.14375 0.34791666666666665 0.14583333333333334 0.34375 0.14583333333333334 0.33958333333333335 0.14583333333333334 0.33125 0.13958333333333334 0.3229166666666667 0.125 0.31875
0 0.36875 0.25 0.35833333333333334 0.25833333333333336 0.35 0.26666666666666666 0.34791666666666665 0.27291666666666664 0.3458333333333333 0.28125 0.3458333333333333 0.28541666666666665 0.34791666666666665 0.28958333333333336 0.35208333333333336 0.29583333333333334 0.35625 0.3020833333333333 0.36875 0.30625 0.375 0.30625 0.38333333333333336 0.3020833333333333 0.3875 0.29791666666666666 0.39375 0.2916666666666667 0.3958333333333333 0.28541666666666665 0.39791666666666664 0.27708333333333335 0.39791666666666664 0.2708333333333333 0.3958333333333333 0.2604166666666667 0.39375 0.25416666666666665 0.38958333333333334 0.25416666666666665 0.3770833333333333 0.2520833333333333 0.375 0.25
0 0.20625 0.0875 0.2 0.0875 0.19375 0.08958333333333333 0.1875 0.09583333333333334 0.18125 0.10416666666666667 0.18125 0.11041666666666666 0.18333333333333332 0.12291666666666666 0.1875 0.13333333333333333 0.19375 0.13541666666666666 0.19791666666666666 0.13958333333333334 0.20208333333333334 0.14166666666666666 0.20833333333333334 0.14166666666666666 0.21666666666666667 0.1375 0.22083333333333333 0.13125 0.225 0.125 0.22708333333333333 0.12083333333333333 0.22708333333333333 0.1 0.21875 0.09166666666666666 0.21041666666666667 0.08541666666666667