0 0.9 0.85 0.8833333333333333 0.8666666666666667 0.88125 0.8708333333333333 0.8791666666666667 0.8791666666666667 0.8791666666666667 0.8875 0.88125 0.8958333333333334 0.9 0.9145833333333333 0.9041666666666667 0.9145833333333333 0.9145833333333333 0.9125 0.9229166666666667 0.9104166666666667 0.9291666666666667 0.9083333333333333 0.9458333333333333 0.8916666666666667 0.9458333333333333 0.8666666666666667 0.9375 0.8583333333333333 0.9270833333333334 0.85
0 0.8625 0.7708333333333334 0.8541666666666666 0.7729166666666667 0.8479166666666667 0.775 0.8458333333333333 0.7791666666666667 0.8416666666666667 0.7875 0.8416666666666667 0.79375 0.84375 0.80625 0.8458333333333333 0.8125 0.8604166666666667 0.8270833333333333 0.8708333333333333 0.8270833333333333 0.8854166666666666 0.8229166666666666 0.8895833333333333 0.8145833333333333 0.8895833333333333 0.8083333333333333 0.8875 0.79375 0.8854166666666666 0.7854166666666667 0.88125 0.78125 0.8729166666666667 0.775 0.8666666666666667 0.7708333333333334
0 0.17291666666666666 0.825 0.16041666666666668 0.8270833333333333 0.14375 0.84375 0.14375 0.8583333333333333 0.14583333333333334 0.8625 0.15208333333333332 0.8708333333333333 0.15625 0.875 0.16041666666666668 0.8770833333333333 0.16458333333333333 0.8770833333333333 0.17083333333333334 0.8791666666666667 0.17291666666666666 0.88125 0.17916666666666667 0.8833333333333333 0.18125 0.8791666666666667 0.18333333333333332 0.8729166666666667 0.1875 0.86875 0.19791666666666666 0.8479166666666667 0.19791666666666666 0.84375 0.19166666666666668 0.83125 0.1875 0.8270833333333333 0.18333333333333332 0.825
0 0.2 0.8479166666666667 0.19583333333333333 0.8583333333333333 0.19166666666666668 0.8625 0.18958333333333333 0.86875 0.18541666666666667 0.8729166666666667 0.18125 0.8833333333333333 0.18125 0.8895833333333333 0.18333333333333332 0.89375 0.18333333333333332 0.8979166666666667 0.1875 0.9041666666666667 0.1875 0.9083333333333333 0.19166666666666668 0.9166666666666666 0.2 0.925 0.21041666666666667 0.9333333333333333 0.22083333333333333 0.9354166666666667 0.23125 0.9354166666666667 0.23958333333333334 0.9333333333333333 0.24375 0.93125 0.25625 0.91875 0.26666666666666666 0.90625 0.26666666666666666 0.875 0.23958333333333334 0.8479166666666667 0.22083333333333333 0.8458333333333333
0 0.45208333333333334 0.9604166666666667 0.44166666666666665 0.96875 0.43333333333333335 0.9770833333333333 0.43125 0.9854166666666667 0.43125 0.9916666666666667 0.43333333333333335 0.9958333333333333 0.48333333333333334 0.9979166666666667 0.4875 0.99375 0.4875 0.9895833333333334 0.4895833333333333 0.98125 0.49166666666666664 0.9791666666666666 0.49166666666666664 0.975 0.48333333333333334 0.9666666666666667 0.47708333333333336 0.9625 0.46875 0.9604166666666667
0 0.51875 0.9583333333333334 0.5145833333333333 0.9604166666666667 0.5104166666666666 0.9645833333333333 0.5041666666666667 0.9666666666666667 0.4979166666666667 0.9708333333333333 0.49375 0.9791666666666666 0.49166666666666664 0.9916666666666667 0.49166666666666664 0.9979166666666667 0.5541666666666667 0.9958333333333333 0.5541666666666667 0.9854166666666667 0.5520833333333334 0.9791666666666666 0.5395833333333333 0.9625 0.53125 0.9604166666666667 0.5229166666666667 0.9583333333333334
0 0.46041666666666664 0.8979166666666667 0.45208333333333334 0.9020833333333333 0.4479166666666667 0.90625 0.4375 0.9145833333333333 0.4354166666666667 0.9208333333333333 0.4354166666666667 0.925 0.4354166666666667 0.93125 0.44583333333333336 0.9541666666666667 0.45625 0.9583333333333334 0.4708333333333333 0.9604166666666667 0.47708333333333336 0.9604166666666667 0.48541666666666666 0.9541666666666667 0.49375 0.9458333333333333 0.49375 0.91875 0.48333333333333334 0.90625 0.47708333333333336 0.9 0.46875 0.8979166666666667
0 0.5020833333333333 0.8666666666666667 0.4895833333333333 0.8708333333333333 0.4875 0.8770833333333333 0.48333333333333334 0.88125 0.4791666666666667 0.8875 0.47708333333333336 0.8916666666666667 0.475 0.8958333333333334 0.48541666666666666 0.90625 0.4979166666666667 0.9208333333333333 0.5020833333333333 0.9208333333333333 0.5125 0.91875 0.5208333333333334 0.9166666666666666 0.5270833333333333 0.9145833333333333 0.5354166666666667 0.9083333333333333 0.5416666666666666 0.9020833333333333 0.5416666666666666 0.89375 0.5395833333333333 0.8895833333333333 0.5354166666666667 0.8833333333333333 0.53125 0.8791666666666667 0.525 0.875 0.51875 0.8729166666666667 0.5145833333333333 0.86875 0.5104166666666666 0.8666666666666667
0 0.5854166666666667 0.9333333333333333 0.5625 0.9375 0.55625 0.9458333333333333 0.55 0.9541666666666667 0.55 0.9625 0.55 0.96875 0.5520833333333334 0.9770833333333333 0.5541666666666667 0.9833333333333333 0.55625 0.9916666666666667 0.5583333333333333 0.9958333333333333 0.5625 0.9958333333333333 0.5979166666666667 0.9979166666666667 0.6104166666666667 0.9875 0.6104166666666667 0.9791666666666666 0.6125 0.9708333333333333 0.6145833333333334 0.9645833333333333 0.61875 0.9583333333333334 0.61875 0.9541666666666667 0.6166666666666667 0.95 0.6125 0.9458333333333333 0.6104166666666667 0.9395833333333333 0.60625 0.9354166666666667 0.6020833333333333 0.9333333333333333
0 0.6479166666666667 0.9520833333333333 0.63125 0.9541666666666667 0.6229166666666667 0.95625 0.61875 0.9604166666666667 0.6166666666666667 0.9645833333333333 0.6145833333333334 0.9708333333333333 0.6125 0.9791666666666666 0.6104166666666667 0.9895833333333334 0.6104166666666667 0.99375 0.6145833333333334 0.9979166666666667 0.68125 0.9958333333333333 0.68125 0.9895833333333334 0.6791666666666667 0.9770833333333333 0.6770833333333334 0.96875 0.6729166666666667 0.9625 0.66875 0.9583333333333334 0.65625 0.9520833333333333
0 0.575 0.8520833333333333 0.5708333333333333 0.8541666666666666 0.5666666666666667 0.8583333333333333 0.5604166666666667 0.8604166666666667 0.5541666666666667 0.8645833333333334 0.55 0.875 0.5479166666666667 0.8916666666666667 0.5479166666666667 0.9 0.5520833333333334 0.90625 0.5583333333333333 0.9145833333333333 0.5666666666666667 0.925 0.5708333333333333 0.9291666666666667 0.6020833333333333 0.9291666666666667 0.625 0.90625 0.6291666666666667 0.8979166666666667 0.6291666666666667 0.875 0.6229166666666667 0.86875 0.6104166666666667 0.8583333333333333 0.6020833333333333 0.8520833333333333
0 0.5916666666666667 0.7770833333333333 0.5791666666666667 0.7875 0.56875 0.7979166666666667 0.5666666666666667 0.8041666666666667 0.5666666666666667 0.8229166666666666 0.56875 0.83125 0.575 0.8375 0.5791666666666667 0.8416666666666667 0.5833333333333334 0.84375 0.6 0.8458333333333333 0.6145833333333334 0.8458333333333333 0.6208333333333333 0.8395833333333333 0.6270833333333333 0.83125 0.6291666666666667 0.8166666666666667 0.6291666666666667 0.8020833333333334 0.625 0.7958333333333333 0.6166666666666667 0.7854166666666667 0.6125 0.78125 0.6083333333333333 0.7791666666666667 0.6 0.7770833333333333
0 0.5541666666666667 0.7395833333333334 0.54375 0.7479166666666667 0.5375 0.7541666666666667 0.5354166666666667 0.7645833333333333 0.5354166666666667 0.775 0.5375 0.7791666666666667 0.54375 0.7875 0.5479166666666667 0.7916666666666666 0.5541666666666667 0.79375 0.5645833333333333 0.7958333333333333 0.56875 0.7958333333333333 0.58125 0.7854166666666667 0.5916666666666667 0.775 0.59375 0.7645833333333333 0.5916666666666667 0.7520833333333333 0.5875 0.7520833333333333 0.5833333333333334 0.7479166666666667 0.575 0.7416666666666667 0.5604166666666667 0.7395833333333334
0 0.5958333333333333 0.675 0.5895833333333333 0.6770833333333334 0.5854166666666667 0.6791666666666667 0.5791666666666667 0.6833333333333333 0.5729166666666666 0.6875 0.56875 0.6916666666666667 0.5645833333333333 0.7 0.5645833333333333 0.73125 0.56875 0.7354166666666667 0.58125 0.7458333333333333 0.5875 0.75 0.61875 0.75 0.6333333333333333 0.7354166666666667 0.6354166666666666 0.7208333333333333 0.6354166666666666 0.7083333333333334 0.6333333333333333 0.7041666666666667 0.6291666666666667 0.6979166666666666 0.625 0.6916666666666667 0.6208333333333333 0.6875 0.6020833333333333 0.675
0 0.4 0.6729166666666667 0.3729166666666667 0.6875 0.3625 0.6875 0.35833333333333334 0.6895833333333333 0.35833333333333334 0.6958333333333333 0.35625 0.7083333333333334 0.3541666666666667 0.7104166666666667 0.35208333333333336 0.7229166666666667 0.35208333333333336 0.7291666666666666 0.36041666666666666 0.7458333333333333 0.3645833333333333 0.75 0.3770833333333333 0.75625 0.4083333333333333 0.75625 0.43125 0.7333333333333333 0.43333333333333335 0.7270833333333333 0.4354166666666667 0.71875 0.4354166666666667 0.7104166666666667 0.43333333333333335 0.7020833333333333 0.43125 0.6958333333333333 0.41875 0.6833333333333333 0.40625 0.6729166666666667
0 0.35208333333333336 0.5916666666666667 0.33958333333333335 0.5979166666666667 0.325 0.6125 0.32083333333333336 0.6208333333333333 0.32083333333333336 0.625 0.31666666666666665 0.63125 0.31666666666666665 0.6479166666666667 0.325 0.6645833333333333 0.3333333333333333 0.6729166666666667 0.34375 0.68125 0.35208333333333336 0.6833333333333333 0.3645833333333333 0.6854166666666667 0.3729166666666667 0.6854166666666667 0.4083333333333333 0.6604166666666667 0.41041666666666665 0.6541666666666667 0.41041666666666665 0.63125 0.4083333333333333 0.6270833333333333 0.4041666666666667 0.6208333333333333 0.4 0.6145833333333334 0.3958333333333333 0.6083333333333333 0.39166666666666666 0.6020833333333333 0.3875 0.5979166666666667 0.375 0.5916666666666667
0 0.12708333333333333 0.23333333333333334 0.11875 0.2375 0.11458333333333333 0.24166666666666667 0.10416666666666667 0.24583333333333332 0.1 0.25 0.09375 0.2520833333333333 0.08958333333333333 0.25625 0.08333333333333333 0.26875 0.08333333333333333 0.29375 0.08958333333333333 0.30625 0.11041666666666666 0.32708333333333334 0.11666666666666667 0.32916666666666666 0.12708333333333333 0.33125 0.13541666666666666 0.3333333333333333 0.14166666666666666 0.3333333333333333 0.14791666666666667 0.32916666666666666 0.15208333333333332 0.32916666666666666 0.16041666666666668 0.325 0.17916666666666667 0.30625 0.18541666666666667 0.29375 0.18541666666666667 0.2708333333333333 0.18333333333333332 0.26666666666666666 0.17916666666666667 0.2604166666666667 0.175 0.25625 0.17291666666666666 0.25 0.16875 0.24583333333333332 0.15833333333333333 0.2375 0.15416666666666667 0.2375 0.14791666666666667 0.23333333333333334
0 0.09583333333333334 0.5291666666666667 0.08125 0.53125 0.07708333333333334 0.5354166666666667 0.07708333333333334 0.5395833333333333 0.07916666666666666 0.55 0.08125 0.55625 0.08958333333333333 0.5666666666666667 0.09583333333333334 0.5729166666666666 0.11666666666666667 0.5708333333333333 0.12083333333333333 0.5645833333333333 0.125 0.55625 0.125 0.55 0.12291666666666666 0.5416666666666666 0.11875 0.5375 0.11041666666666666 0.53125 0.10625 0.5291666666666667
0 0.09583333333333334 0.5770833333333333 0.09166666666666666 0.5833333333333334 0.08958333333333333 0.5895833333333333 0.08541666666666667 0.59375 0.08541666666666667 0.6020833333333333 0.08541666666666667 0.6083333333333333 0.0875 0.6145833333333334 0.09375 0.6208333333333333 0.1 0.6270833333333333 0.10416666666666667 0.6291666666666667 0.11666666666666667 0.6291666666666667 0.13125 0.625 0.1375 0.6166666666666667 0.13958333333333334 0.6125 0.13958333333333334 0.6083333333333333 0.1375 0.5958333333333333 0.13333333333333333 0.5875 0.125 0.58125 0.11875 0.5770833333333333 0.11458333333333333 0.575
0 0.9229166666666667 0.9708333333333333 0.9104166666666667 0.9729166666666667 0.9020833333333333 0.98125 0.89375 0.9916666666666667 0.89375 0.9979166666666667 0.9583333333333334 0.9979166666666667 0.9541666666666667 0.9854166666666667 0.9479166666666666 0.98125 0.9416666666666667 0.9770833333333333 0.9354166666666667 0.9729166666666667 0.93125 0.9708333333333333
0 0.2559166666666667 0.4003125 0.26206250000000003 0.3941875 0.26922916666666663 0.39008333333333334 0.27691666666666664 0.39110416666666664 0.2845833333333333 0.39520833333333333 0.29125 0.39929166666666666 0.29841666666666666 0.402875 0.30404166666666665 0.40852083333333333 0.3096875 0.4141458333333333 0.31275000000000003 0.42183333333333334 0.3096875 0.4295208333333333 0.3055833333333334 0.4361666666666667 0.29791666666666666 0.44027083333333333 0.28970833333333335 0.44027083333333333 0.28152083333333333 0.44027083333333333 0.27741666666666664 0.43820833333333337 0.28099999999999997 0.423375 0.27895833333333336 0.4156875 0.2687083333333333 0.4044166666666667
0 0.24056249999999998 0.41670833333333335 0.24464583333333334 0.4064583333333333 0.2513125 0.402375 0.25897916666666665 0.402875 0.2671875 0.40595833333333337 0.2733333333333333 0.4110833333333333 0.27895833333333336 0.41670833333333335 0.28049999999999997 0.4248958333333333 0.2784583333333333 0.4325833333333333 0.2748541666666667 0.43975000000000003 0.26975 0.4464166666666667 0.264625 0.4525625 0.2595 0.45870833333333333 0.2553958333333333 0.4653541666666667 0.24772916666666667 0.465875 0.24056249999999998 0.46229166666666666 0.23441666666666666 0.45716666666666667 0.22929166666666667 0.45102083333333337 0.22570833333333334 0.4438541666666667 0.22774999999999998 0.4361666666666667 0.23083333333333333 0.42847916666666663 0.23543750000000002 0.423375
0 0.8625 0.8895833333333333 0.8458333333333333 0.89375 0.8395833333333333 0.9020833333333333 0.8354166666666667 0.9083333333333333 0.8333333333333334 0.9125 0.8333333333333334 0.9291666666666667 0.8375 0.9375 0.8416666666666667 0.94375 0.8458333333333333 0.9479166666666666 0.85625 0.9520833333333333 0.8604166666666667 0.95625 0.8729166666666667 0.9625 0.8791666666666667 0.9625 0.8916666666666667 0.9604166666666667 0.9 0.95625 0.90625 0.94375 0.90625 0.9354166666666667 0.9041666666666667 0.9208333333333333 0.9020833333333333 0.9166666666666666 0.8791666666666667 0.89375 0.8729166666666667 0.8895833333333333