0 0.11875 0.5958333333333333 0.10625 0.5979166666666667 0.09791666666666667 0.6 0.08333333333333333 0.6145833333333334 0.07083333333333333 0.6291666666666667 0.07083333333333333 0.6333333333333333 0.07291666666666667 0.6416666666666667 0.075 0.6479166666666667 0.08125 0.6541666666666667 0.09166666666666666 0.6625 0.10208333333333333 0.6645833333333333 0.1125 0.6645833333333333 0.11666666666666667 0.6625 0.12083333333333333 0.6583333333333333 0.125 0.6520833333333333 0.12916666666666668 0.6458333333333334 0.13125 0.6416666666666667 0.13333333333333333 0.6333333333333333 0.13541666666666666 0.61875 0.13541666666666666 0.6125 0.13333333333333333 0.6083333333333333 0.12708333333333333 0.6 0.12291666666666666 0.5958333333333333
0 0.014583333333333334 0.7041666666666667 0.00625 0.70625 0 0.7083333333333334 0 0.78125 0.004166666666666667 0.7833333333333333 0.008333333333333333 0.7833333333333333 0.014583333333333334 0.7854166666666667 0.016666666666666666 0.7875 0.035416666666666666 0.7875 0.05 0.7770833333333333 0.05416666666666667 0.7729166666666667 0.05625 0.7666666666666667 0.06041666666666667 0.7625 0.0625 0.7583333333333333 0.06458333333333334 0.75 0.06458333333333334 0.7395833333333334 0.0625 0.7333333333333333 0.06041666666666667 0.7270833333333333 0.05625 0.71875 0.05 0.7125 0.0375 0.70625 0.025 0.7041666666666667
0 0.014583333333333334 0.58125 0 0.5833333333333334 0 0.6770833333333334 0.014583333333333334 0.6770833333333334 0.03333333333333333 0.6791666666666667 0.04583333333333333 0.6729166666666667 0.05416666666666667 0.6645833333333333 0.0625 0.6541666666666667 0.06458333333333334 0.65 0.06666666666666667 0.6416666666666667 0.06666666666666667 0.6291666666666667 0.06458333333333334 0.6166666666666667 0.06041666666666667 0.6083333333333333 0.05625 0.6041666666666666 0.05416666666666667 0.5979166666666667 0.05 0.59375 0.04375 0.5916666666666667 0.03958333333333333 0.5875 0.027083333333333334 0.58125
0 0.014583333333333334 0.27291666666666664 0 0.275 0 0.35208333333333336 0.022916666666666665 0.35208333333333336 0.04375 0.3416666666666667 0.04791666666666667 0.3375 0.052083333333333336 0.33125 0.05416666666666667 0.325 0.058333333333333334 0.32083333333333336 0.058333333333333334 0.3020833333333333 0.052083333333333336 0.28958333333333336 0.04791666666666667 0.28541666666666665 0.041666666666666664 0.28125 0.035416666666666666 0.2791666666666667 0.03125 0.275 0.027083333333333334 0.27291666666666664
0 0.06666666666666667 0.3145833333333333 0.05625 0.325 0.05416666666666667 0.33958333333333335 0.05416666666666667 0.35208333333333336 0.058333333333333334 0.35833333333333334 0.06458333333333334 0.3645833333333333 0.07708333333333334 0.36666666666666664 0.08541666666666667 0.36666666666666664 0.08958333333333333 0.3625 0.09583333333333334 0.3541666666666667 0.09791666666666667 0.35 0.09791666666666667 0.32708333333333334 0.09166666666666666 0.31875 0.0875 0.3145833333333333
0 0.19583333333333333 0.3458333333333333 0.18958333333333333 0.35 0.18125 0.35625 0.17916666666666667 0.38125 0.18541666666666667 0.38958333333333334 0.19375 0.39791666666666664 0.20416666666666666 0.39791666666666664 0.21666666666666667 0.3958333333333333 0.22291666666666668 0.38958333333333334 0.22916666666666666 0.38125 0.22916666666666666 0.3625 0.22708333333333333 0.35833333333333334 0.22083333333333333 0.35 0.21666666666666667 0.3458333333333333
0 0.6979166666666666 0.03333333333333333 0.6895833333333333 0.041666666666666664 0.6833333333333333 0.05 0.6833333333333333 0.06666666666666667 0.6854166666666667 0.08541666666666667 0.6875 0.08958333333333333 0.69375 0.09791666666666667 0.7104166666666667 0.1 0.7145833333333333 0.09791666666666667 0.7208333333333333 0.09375 0.7291666666666666 0.0875 0.7354166666666667 0.08333333333333333 0.7395833333333334 0.06666666666666667 0.7395833333333334 0.05416666666666667 0.71875 0.03333333333333333
0 0.74375 0 0.74375 0.010416666666666666 0.75 0.022916666666666665 0.7541666666666667 0.027083333333333334 0.7604166666666666 0.029166666666666667 0.7645833333333333 0.03333333333333333 0.7729166666666667 0.03333333333333333 0.7770833333333333 0.03333333333333333 0.7854166666666667 0.03125 0.7916666666666666 0.029166666666666667 0.7958333333333333 0.027083333333333334 0.8 0.022916666666666665 0.8083333333333333 0.0125 0.8125 0.00625 0.8125 0
0 0.45625 0.5625 0.45 0.5666666666666667 0.44166666666666665 0.5729166666666666 0.43333333333333335 0.5791666666666667 0.42916666666666664 0.5833333333333334 0.4270833333333333 0.5895833333333333 0.425 0.6 0.425 0.6041666666666666 0.42916666666666664 0.6125 0.43333333333333335 0.6166666666666667 0.44166666666666665 0.6208333333333333 0.4625 0.6208333333333333 0.4666666666666667 0.61875 0.4708333333333333 0.6145833333333334 0.47291666666666665 0.6104166666666667 0.475 0.6020833333333333 0.47708333333333336 0.59375 0.47708333333333336 0.5791666666666667 0.475 0.5645833333333333 0.46458333333333335 0.5625
0 0.9208333333333333 0.22291666666666668 0.9125 0.22708333333333333 0.9083333333333333 0.23125 0.9041666666666667 0.2375 0.9020833333333333 0.25 0.9020833333333333 0.26458333333333334 0.9104166666666667 0.28125 0.91875 0.28541666666666665 0.9270833333333334 0.2875 0.93125 0.2875 0.9354166666666667 0.2833333333333333 0.94375 0.27708333333333335 0.9458333333333333 0.27708333333333335 0.9520833333333333 0.2708333333333333 0.95625 0.2625 0.95625 0.24791666666666667 0.9416666666666667 0.22708333333333333 0.9333333333333333 0.225 0.925 0.22291666666666668
0 0.8291666666666667 0.44583333333333336 0.8208333333333333 0.45625 0.8166666666666667 0.4625 0.8166666666666667 0.48125 0.8229166666666666 0.49375 0.83125 0.5020833333333333 0.8395833333333333 0.5083333333333333 0.8625 0.5083333333333333 0.8708333333333333 0.5020833333333333 0.8791666666666667 0.49375 0.88125 0.48541666666666666 0.88125 0.47708333333333336 0.8666666666666667 0.46041666666666664 0.8541666666666666 0.4479166666666667 0.85 0.44583333333333336 0.84375 0.44375 0.8375 0.44375
0 0.76875 0.6270833333333333 0.7625 0.6291666666666667 0.75625 0.63125 0.75 0.6333333333333333 0.74375 0.6354166666666666 0.7375 0.6416666666666667 0.73125 0.6479166666666667 0.7291666666666666 0.6520833333333333 0.7270833333333333 0.6625 0.7270833333333333 0.6708333333333333 0.7354166666666667 0.6875 0.7395833333333334 0.6916666666666667 0.75 0.70625 0.7583333333333333 0.7083333333333334 0.7666666666666667 0.7104166666666667 0.775 0.7125 0.7791666666666667 0.7125 0.7854166666666667 0.7104166666666667 0.7916666666666666 0.70625 0.7958333333333333 0.70625 0.8 0.7041666666666667 0.8083333333333333 0.6958333333333333 0.8104166666666667 0.6875 0.8125 0.675 0.8125 0.66875 0.8020833333333334 0.6479166666666667 0.7875 0.6333333333333333 0.7791666666666667 0.6291666666666667 0.7729166666666667 0.6270833333333333
0 0 0.9032916666666666 0.0003125 0.9035416666666667 0.004208333333333333 0.9078125 0.0070625 0.9124375 0.010624999999999999 0.9170625 0.012750000000000001 0.9223958333333333 0.014166666666666666 0.9287916666666667 0.015604166666666667 0.9345 0.0163125 0.9405416666666666 0.015604166666666667 0.9469375 0.014520833333333334 0.9522708333333333 0.012041666666666668 0.9576041666666666 0.008479166666666668 0.9622291666666667 0.0038541666666666668 0.9665 0 0.9697083333333333
0 0.029166666666666667 0.08125 0.016666666666666666 0.0875 0 0.10416666666666667 0 0.13083333333333333 0.016666666666666666 0.1375 0.020833333333333332 0.14166666666666666 0.03333333333333333 0.14791666666666667 0.0375 0.14791666666666667 0.04791666666666667 0.14583333333333334 0.05416666666666667 0.14375 0.058333333333333334 0.14166666666666666 0.0625 0.1375 0.06458333333333334 0.13333333333333333 0.06666666666666667 0.12708333333333333 0.06875 0.11875 0.07083333333333333 0.1125 0.07083333333333333 0.10625 0.06875 0.09791666666666667 0.06666666666666667 0.09375 0.05416666666666667 0.08125
0 0.052083333333333336 0.9479166666666666 0.03958333333333333 0.9604166666666667 0.029166666666666667 0.9729166666666667 0.027083333333333334 0.9833333333333333 0.027083333333333334 0.99375 0.030625 1 0.057291666666666664 1 0.08958333333333333 1 0.08958333333333333 0.98125 0.0875 0.96875 0.08333333333333333 0.9625 0.075 0.9520833333333333 0.07083333333333333 0.9479166666666666