0 0.5520833333333334 0.9083333333333333 0.5479166666666667 0.9104166666666667 0.5416666666666666 0.9145833333333333 0.5375 0.91875 0.53125 0.9208333333333333 0.525 0.925 0.5208333333333334 0.9291666666666667 0.5166666666666667 0.9375 0.5166666666666667 0.9604166666666667 0.5208333333333334 0.9666666666666667 0.5291666666666667 0.9770833333333333 0.5333333333333333 0.98125 0.5458333333333333 0.9875 0.56875 0.9875 0.5770833333333333 0.9833333333333333 0.5833333333333334 0.9770833333333333 0.5895833333333333 0.96875 0.59375 0.9604166666666667 0.5958333333333333 0.9541666666666667 0.5958333333333333 0.9333333333333333 0.5875 0.9229166666666667 0.5791666666666667 0.9145833333333333 0.5729166666666666 0.9125 0.5645833333333333 0.9104166666666667 0.55625 0.9083333333333333
0 0.30625 0.525 0.29791666666666666 0.5270833333333333 0.28958333333333336 0.5291666666666667 0.28541666666666665 0.53125 0.28125 0.5354166666666667 0.275 0.54375 0.2708333333333333 0.55 0.2708333333333333 0.5625 0.27291666666666664 0.5770833333333333 0.28125 0.5854166666666667 0.28541666666666665 0.5875 0.29375 0.5895833333333333 0.3 0.5916666666666667 0.31666666666666665 0.5916666666666667 0.33541666666666664 0.5875 0.33958333333333335 0.58125 0.34375 0.575 0.3458333333333333 0.5708333333333333 0.3458333333333333 0.5625 0.34375 0.5520833333333334 0.33958333333333335 0.54375 0.33541666666666664 0.5395833333333333 0.32083333333333336 0.5291666666666667 0.31666666666666665 0.5291666666666667 0.3104166666666667 0.525
0 0.9479166666666666 0.8666666666666667 0.94375 0.86875 0.9375 0.8729166666666667 0.93125 0.8770833333333333 0.9270833333333334 0.88125 0.9145833333333333 0.9 0.9145833333333333 0.925 0.9166666666666666 0.9291666666666667 0.9229166666666667 0.9375 0.9291666666666667 0.9458333333333333 0.9354166666666667 0.9520833333333333 0.9416666666666667 0.9583333333333334 0.95 0.9604166666666667 0.9583333333333334 0.9625 0.9625 0.9625 0.96875 0.9604166666666667 0.975 0.9583333333333334 0.9791666666666666 0.95625 0.9875 0.95 0.9958333333333333 0.9416666666666667 0.9979166666666667 0.9375 0.9979166666666667 0.8895833333333333 0.99375 0.8833333333333333 0.9854166666666667 0.875 0.96875 0.8666666666666667
0 0 0.93125 0 0.9979166666666667 0.05 0.9979166666666667 0.052083333333333336 0.99375 0.052083333333333336 0.9875 0.05 0.9791666666666666 0.04791666666666667 0.9708333333333333 0.04583333333333333 0.9625 0.04375 0.9583333333333334 0.0375 0.95 0.029166666666666667 0.9416666666666667 0.008333333333333333 0.93125
0 0 0.5270833333333333 0 0.5666666666666667 0.004166666666666667 0.5666666666666667 0.008333333333333333 0.5645833333333333 0.010416666666666666 0.5604166666666667 0.0125 0.55625 0.0125 0.5520833333333334 0.014583333333333334 0.5479166666666667 0.014583333333333334 0.5416666666666666 0.004166666666666667 0.5270833333333333
0 0.8916666666666667 0.9416666666666667 0.88125 0.94375 0.8666666666666667 0.9583333333333334 0.8645833333333334 0.9645833333333333 0.8625 0.9770833333333333 0.8625 0.98125 0.8666666666666667 0.9895833333333334 0.8725 1 0.9154166666666667 1 0.91875 0.99375 0.91875 0.9895833333333334 0.9208333333333333 0.98125 0.9229166666666667 0.9791666666666666 0.925 0.9708333333333333 0.925 0.9645833333333333 0.9166666666666666 0.9541666666666667 0.9125 0.95 0.90625 0.9479166666666666 0.9020833333333333 0.94375 0.8979166666666667 0.9416666666666667
0 0.08125 0.9875 0.075 0.9916666666666667 0.068125 1 0.119375 1 0.11458333333333333 0.9958333333333333 0.1 0.9875
0 0.3333333333333333 0.14166666666666666 0.32916666666666666 0.14166666666666666 0.325 0.14375 0.32083333333333336 0.14791666666666667 0.3145833333333333 0.15625 0.3125 0.16041666666666668 0.3125 0.16666666666666666 0.31666666666666665 0.17708333333333334 0.3229166666666667 0.18125 0.32916666666666666 0.18541666666666667 0.3333333333333333 0.1875 0.33958333333333335 0.1875 0.3458333333333333 0.18541666666666667 0.35 0.18125 0.35625 0.17291666666666666 0.35833333333333334 0.16875 0.35833333333333334 0.16041666666666668 0.3541666666666667 0.14791666666666667 0.33958333333333335 0.14166666666666666
0 0.00625 0.3416666666666667 0 0.34375 0 0.4166666666666667 0.010416666666666666 0.4270833333333333 0.025 0.42916666666666664 0.0375 0.42916666666666664 0.05 0.42291666666666666 0.05416666666666667 0.41875 0.06041666666666667 0.41041666666666665 0.06458333333333334 0.4041666666666667 0.06666666666666667 0.4 0.06666666666666667 0.37916666666666665 0.0625 0.37083333333333335 0.05625 0.3645833333333333 0.04791666666666667 0.35833333333333334 0.03958333333333333 0.35208333333333336 0.03125 0.3458333333333333 0.027083333333333334 0.34375 0.016666666666666666 0.3416666666666667
0 0.8833333333333333 0.44166666666666665 0.8708333333333333 0.44375 0.8645833333333334 0.44583333333333336 0.84375 0.4666666666666667 0.8416666666666667 0.475 0.8416666666666667 0.48333333333333334 0.85625 0.5 0.8604166666666667 0.5041666666666667 0.8645833333333334 0.50625 0.875 0.5083333333333333 0.88125 0.5083333333333333 0.8895833333333333 0.5020833333333333 0.8979166666666667 0.49583333333333335 0.9041666666666667 0.49166666666666664 0.90625 0.475 0.90625 0.46041666666666664 0.8875 0.44166666666666665
0 0.03910416666666667 0 0.04135416666666667 0.004479166666666667 0.04595833333333333 0.011145833333333332 0.0500625 0.017791666666666664 0.05210416666666667 0.025479166666666667 0.0500625 0.0341875 0.04595833333333333 0.04135416666666667 0.042375 0.04852083333333333 0.0393125 0.05620833333333333 0.031625 0.06285416666666667 0.0239375 0.06541666666666666 0.01627083333333333 0.06491666666666666 0.008583333333333333 0.06235416666666667 0.0034583333333333332 0.0556875 0 0.051187500000000004 0 0
0 0.5 0.27708333333333335 0.4875 0.2791666666666667 0.47708333333333336 0.2833333333333333 0.4708333333333333 0.2916666666666667 0.46458333333333335 0.3 0.4625 0.30416666666666664 0.4625 0.3229166666666667 0.47291666666666665 0.3375 0.4791666666666667 0.34375 0.48541666666666666 0.34791666666666665 0.49375 0.34791666666666665 0.5104166666666666 0.3458333333333333 0.5208333333333334 0.34375 0.53125 0.3333333333333333 0.5333333333333333 0.32916666666666666 0.5354166666666667 0.3229166666666667 0.5354166666666667 0.31666666666666665 0.5333333333333333 0.30833333333333335 0.53125 0.3 0.5270833333333333 0.2916666666666667 0.5208333333333334 0.2875 0.5145833333333333 0.2833333333333333 0.5083333333333333 0.2791666666666667 0.5041666666666667 0.27708333333333335
0 0.6541666666666667 0.3625 0.6479166666666667 0.36666666666666664 0.6375 0.375 0.6333333333333333 0.37916666666666665 0.63125 0.38333333333333336 0.63125 0.38958333333333334 0.6291666666666667 0.3958333333333333 0.6270833333333333 0.39791666666666664 0.625 0.40625 0.625 0.4270833333333333 0.6270833333333333 0.4479166666666667 0.63125 0.45416666666666666 0.6375 0.46041666666666664 0.6458333333333334 0.4625 0.6583333333333333 0.46458333333333335 0.6666666666666666 0.46458333333333335 0.6791666666666667 0.4583333333333333 0.6979166666666666 0.4395833333333333 0.7 0.4354166666666667 0.7 0.43125 0.7041666666666667 0.425 0.70625 0.41875 0.7083333333333334 0.4125 0.7083333333333334 0.4083333333333333 0.70625 0.40208333333333335 0.7041666666666667 0.3958333333333333 0.7020833333333333 0.38958333333333334 0.7 0.3854166666666667 0.69375 0.3770833333333333 0.6833333333333333 0.36666666666666664 0.675 0.3625
0 0.6458333333333334 0.4979166666666667 0.6395833333333333 0.5041666666666667 0.6333333333333333 0.5125 0.6333333333333333 0.5395833333333333 0.6375 0.5458333333333333 0.6416666666666667 0.55 0.65625 0.55 0.6604166666666667 0.5479166666666667 0.66875 0.5416666666666666 0.675 0.5354166666666667 0.68125 0.5291666666666667 0.68125 0.5229166666666667 0.6833333333333333 0.51875 0.6791666666666667 0.5125 0.6729166666666667 0.5041666666666667 0.66875 0.5 0.65625 0.4979166666666667
0 0.9291666666666667 0.4875 0.91875 0.4895833333333333 0.9083333333333333 0.49166666666666664 0.9020833333333333 0.49375 0.8958333333333334 0.4979166666666667 0.8875 0.5041666666666667 0.8854166666666666 0.5104166666666666 0.8875 0.5208333333333334 0.8895833333333333 0.5291666666666667 0.8916666666666667 0.5395833333333333 0.89375 0.5458333333333333 0.9020833333333333 0.5541666666666667 0.9104166666666667 0.5583333333333333 0.9145833333333333 0.5583333333333333 0.9208333333333333 0.5625 0.9270833333333334 0.5625 0.9354166666666667 0.5604166666666667 0.94375 0.5583333333333333 0.9520833333333333 0.5541666666666667 0.9583333333333334 0.5458333333333333 0.9625 0.5395833333333333 0.9645833333333333 0.5354166666666667 0.9645833333333333 0.5145833333333333 0.9625 0.5104166666666666 0.95625 0.5041666666666667 0.9520833333333333 0.4979166666666667 0.9416666666666667 0.4895833333333333 0.9354166666666667 0.4875
0 0.2520833333333333 0.75 0.24583333333333332 0.7541666666666667 0.23541666666666666 0.7625 0.23125 0.7666666666666667 0.22916666666666666 0.7729166666666667 0.22708333333333333 0.7854166666666667 0.22708333333333333 0.7895833333333333 0.23333333333333334 0.7979166666666667 0.23958333333333334 0.8041666666666667 0.24583333333333332 0.80625 0.25625 0.8083333333333333 0.2604166666666667 0.8083333333333333 0.26875 0.8041666666666667 0.275 0.8 0.2791666666666667 0.7895833333333333 0.28125 0.7770833333333333 0.28125 0.7708333333333334 0.2791666666666667 0.7666666666666667 0.27291666666666664 0.7583333333333333 0.26875 0.7541666666666667 0.26458333333333334 0.7520833333333333 0.25625 0.75
0 0.61875 0.7166666666666667 0.6020833333333333 0.725 0.5979166666666667 0.7291666666666666 0.5958333333333333 0.7354166666666667 0.5916666666666667 0.7395833333333334 0.5854166666666667 0.7520833333333333 0.5854166666666667 0.7625 0.5875 0.775 0.5916666666666667 0.78125 0.5979166666666667 0.7895833333333333 0.6041666666666666 0.7979166666666667 0.6083333333333333 0.8020833333333334 0.6166666666666667 0.80625 0.6208333333333333 0.80625 0.6270833333333333 0.8104166666666667 0.6416666666666667 0.8104166666666667 0.6541666666666667 0.8083333333333333 0.6625 0.8020833333333334 0.6708333333333333 0.79375 0.675 0.7854166666666667 0.6770833333333334 0.7708333333333334 0.6770833333333334 0.7541666666666667 0.675 0.7458333333333333 0.6729166666666667 0.7395833333333334 0.65 0.7166666666666667