0 0.9229166666666667 0.008333333333333333 0.9166666666666666 0.008333333333333333 0.9083333333333333 0.010416666666666666 0.9020833333333333 0.016666666666666666 0.8979166666666667 0.020833333333333332 0.89375 0.029166666666666667 0.89375 0.03958333333333333 0.8958333333333334 0.05 0.9 0.05416666666666667 0.9083333333333333 0.06041666666666667 0.9145833333333333 0.06458333333333334 0.91875 0.06458333333333334 0.93125 0.0625 0.9395833333333333 0.058333333333333334 0.9458333333333333 0.05 0.95 0.04375 0.9520833333333333 0.03958333333333333 0.9520833333333333 0.035416666666666666 0.95 0.027083333333333334 0.9458333333333333 0.01875 0.9375 0.0125 0.93125 0.008333333333333333
0 0.99375 0.9333333333333333 0.9791666666666666 0.9354166666666667 0.9708333333333333 0.9375 0.9666666666666667 0.9416666666666667 0.9645833333333333 0.9458333333333333 0.9625 0.9541666666666667 0.9625 0.9625 0.9708333333333333 0.9791666666666666 0.975 0.9833333333333333 0.9833333333333333 0.9895833333333334 0.9875 0.9916666666666667 0.9979166666666667 0.9916666666666667 0.9979166666666667 0.9333333333333333
0 0.17916666666666667 0.96875 0.1625 0.9770833333333333 0.15625 0.9833333333333333 0.15208333333333332 0.9895833333333334 0.15 0.9979166666666667 0.2375 0.9979166666666667 0.23541666666666666 0.99375 0.225 0.9833333333333333 0.21458333333333332 0.975 0.20625 0.9708333333333333 0.2 0.96875
0 0.3958333333333333 0.9666666666666667 0.37916666666666665 0.9708333333333333 0.375 0.9770833333333333 0.3729166666666667 0.9833333333333333 0.36875 0.9875 0.36666666666666664 0.9916666666666667 0.36666666666666664 0.9979166666666667 0.42916666666666664 0.9979166666666667 0.42916666666666664 0.9916666666666667 0.4166666666666667 0.9770833333333333 0.40625 0.9666666666666667
0 0.42916666666666664 0.90625 0.4125 0.9104166666666667 0.4083333333333333 0.9166666666666666 0.4041666666666667 0.925 0.4041666666666667 0.93125 0.40625 0.9479166666666666 0.41041666666666665 0.9583333333333334 0.4166666666666667 0.9604166666666667 0.42083333333333334 0.9645833333333333 0.425 0.9666666666666667 0.44375 0.9666666666666667 0.45208333333333334 0.9625 0.45625 0.9583333333333334 0.4625 0.95 0.46458333333333335 0.9458333333333333 0.46458333333333335 0.9416666666666667 0.4625 0.9291666666666667 0.4583333333333333 0.91875 0.45 0.9125 0.44375 0.9083333333333333 0.4395833333333333 0.90625
0 0.425 0.8270833333333333 0.4166666666666667 0.8333333333333334 0.41041666666666665 0.8395833333333333 0.41041666666666665 0.8708333333333333 0.4166666666666667 0.8770833333333333 0.425 0.8833333333333333 0.4395833333333333 0.8833333333333333 0.46041666666666664 0.86875 0.46041666666666664 0.8645833333333334 0.46458333333333335 0.8583333333333333 0.4666666666666667 0.8520833333333333 0.4666666666666667 0.8458333333333333 0.46458333333333335 0.8416666666666667 0.45625 0.8333333333333334 0.4479166666666667 0.8270833333333333
0 0.4 0.4875 0.39375 0.49583333333333335 0.38958333333333334 0.5020833333333333 0.3875 0.50625 0.3854166666666667 0.5145833333333333 0.3854166666666667 0.525 0.3875 0.5291666666666667 0.38958333333333334 0.5333333333333333 0.3958333333333333 0.5354166666666667 0.4125 0.54375 0.41875 0.54375 0.425 0.54375 0.43333333333333335 0.5416666666666666 0.4395833333333333 0.5354166666666667 0.44583333333333336 0.5291666666666667 0.44583333333333336 0.5208333333333334 0.44583333333333336 0.5166666666666667 0.44166666666666665 0.5083333333333333 0.42083333333333334 0.4875 0.41041666666666665 0.48541666666666666
0 0.49375 0.6395833333333333 0.48125 0.6416666666666667 0.475 0.64375 0.46875 0.65 0.46458333333333335 0.65625 0.46458333333333335 0.6604166666666667 0.4666666666666667 0.6729166666666667 0.4708333333333333 0.68125 0.47708333333333336 0.6833333333333333 0.48125 0.6875 0.48541666666666666 0.6895833333333333 0.49583333333333335 0.6895833333333333 0.5104166666666666 0.6854166666666667 0.5145833333333333 0.6791666666666667 0.5166666666666667 0.675 0.5166666666666667 0.65625 0.5125 0.6479166666666667 0.5083333333333333 0.64375 0.5 0.6395833333333333
0 0.8791666666666667 0.3145833333333333 0.8729166666666667 0.31875 0.8604166666666667 0.32916666666666666 0.8541666666666666 0.33541666666666664 0.8479166666666667 0.34791666666666665 0.8479166666666667 0.36041666666666666 0.85 0.3645833333333333 0.8541666666666666 0.36875 0.8625 0.3729166666666667 0.8875 0.3729166666666667 0.9041666666666667 0.3645833333333333 0.9083333333333333 0.36041666666666666 0.9104166666666667 0.35625 0.9104166666666667 0.3458333333333333 0.9083333333333333 0.3333333333333333 0.9020833333333333 0.325 0.89375 0.31666666666666665 0.8854166666666666 0.3145833333333333
0 0.5333333333333333 0.06458333333333334 0.5270833333333333 0.06875 0.5229166666666667 0.06875 0.51875 0.07083333333333333 0.50625 0.08333333333333333 0.5020833333333333 0.09166666666666666 0.5020833333333333 0.11041666666666666 0.5125 0.13125 0.51875 0.1375 0.525 0.14166666666666666 0.5354166666666667 0.14375 0.5416666666666666 0.14375 0.5458333333333333 0.14166666666666666 0.5541666666666667 0.13541666666666666 0.5583333333333333 0.13125 0.5666666666666667 0.11458333333333333 0.56875 0.1 0.56875 0.08958333333333333 0.5666666666666667 0.08541666666666667 0.5604166666666667 0.07708333333333334 0.55625 0.07083333333333333 0.5479166666666667 0.06666666666666667 0.5395833333333333 0.06458333333333334
0 0.15 0.1125 0.14166666666666666 0.11458333333333333 0.13125 0.11666666666666667 0.125 0.11875 0.11666666666666667 0.12708333333333333 0.11458333333333333 0.13125 0.11458333333333333 0.13541666666666666 0.11041666666666666 0.14166666666666666 0.10833333333333334 0.14791666666666667 0.10833333333333334 0.16666666666666666 0.1125 0.17291666666666666 0.1125 0.17708333333333334 0.12291666666666666 0.19166666666666668 0.12708333333333333 0.19583333333333333 0.13333333333333333 0.2 0.13958333333333334 0.20416666666666666 0.14375 0.20625 0.15625 0.20833333333333334 0.16875 0.20833333333333334 0.18125 0.20208333333333334 0.19166666666666668 0.19166666666666668 0.19375 0.1875 0.19583333333333333 0.17916666666666667 0.19583333333333333 0.16458333333333333 0.19375 0.14791666666666667 0.18333333333333332 0.12916666666666668 0.18125 0.12291666666666666 0.17708333333333334 0.12083333333333333 0.17291666666666666 0.11875 0.16875 0.11875 0.1625 0.11666666666666667 0.15625 0.1125
0 0.08125 0.03333333333333333 0.075 0.0375 0.06666666666666667 0.04375 0.0625 0.052083333333333336 0.06041666666666667 0.06458333333333334 0.06041666666666667 0.07083333333333333 0.06458333333333334 0.07708333333333334 0.06875 0.08125 0.07916666666666666 0.08333333333333333 0.08541666666666667 0.08333333333333333 0.08958333333333333 0.08125 0.09583333333333334 0.075 0.10833333333333334 0.05625 0.10833333333333334 0.04375 0.10625 0.03958333333333333 0.10208333333333333 0.035416666666666666 0.09166666666666666 0.03333333333333333
0 0.23125 0.0375 0.21666666666666667 0.03958333333333333 0.21041666666666667 0.04583333333333333 0.21041666666666667 0.052083333333333336 0.21041666666666667 0.06875 0.2125 0.07291666666666667 0.21458333333333332 0.07708333333333334 0.22083333333333333 0.08333333333333333 0.22708333333333333 0.0875 0.24791666666666667 0.08541666666666667 0.2520833333333333 0.07916666666666666 0.25625 0.07083333333333333 0.25625 0.06666666666666667 0.25416666666666665 0.05416666666666667 0.2520833333333333 0.04791666666666667 0.24166666666666667 0.0375
0 0.19375 0.03333333333333333 0.18541666666666667 0.035416666666666666 0.18125 0.03958333333333333 0.18125 0.05 0.18541666666666667 0.06458333333333334 0.19166666666666668 0.06875 0.2 0.06875 0.21041666666666667 0.06666666666666667 0.21041666666666667 0.05416666666666667 0.20625 0.035416666666666666 0.20208333333333334 0.03333333333333333