0 0.5541666666666667 0.2875 0.5208333333333334 0.3227083333333333 0.51875 0.32916666666666666 0.51875 0.33958333333333335 0.5208333333333334 0.34791666666666665 0.5229166666666667 0.3541666666666667 0.5270833333333333 0.3625 0.5333333333333333 0.37083333333333335 0.5375 0.375 0.5541666666666667 0.38333333333333336 0.5645833333333333 0.38333333333333336 0.58125 0.38125 0.59375 0.37916666666666665 0.6020833333333333 0.375 0.6083333333333333 0.36875 0.6166666666666667 0.35833333333333334 0.6208333333333333 0.35208333333333336 0.6208333333333333 0.3375 0.61875 0.32083333333333336 0.6041666666666666 0.30625 0.5875 0.2916666666666667 0.5791666666666667 0.28958333333333336 0.5625 0.2875
0 1 0.29912500000000003 0.996 0.299375 0.9903125 0.299375 0.9849791666666667 0.29902083333333335 0.98 0.296875 0.975375 0.2929791666666667 0.9721875 0.28835416666666663 0.9700416666666667 0.28337500000000004 0.9689791666666667 0.2780416666666667 0.9689791666666667 0.2723541666666666 0.968625 0.2670208333333333 0.9682708333333333 0.2616875 0.9682708333333333 0.2559791666666667 0.9707708333333334 0.251 0.9736041666666666 0.24604166666666666 0.9778749999999999 0.242125 0.9825 0.23927083333333332 0.9878333333333333 0.23997916666666666 0.9931666666666668 0.24033333333333334 0.9988541666666666 0.24141666666666667 1 0.2416875
0 0.18441666666666665 0 0.18337499999999998 0.0024375 0.1786875 0.0075625 0.17397916666666668 0.01225 0.1684375 0.015666666666666666 0.16204166666666667 0.016520833333333332 0.155625 0.0169375 0.14881250000000001 0.016520833333333332 0.14283333333333334 0.013541666666666667 0.13899999999999998 0.0075625 0.1364375 0.0015833333333333333 0.136 0
0 0.05 0.7041666666666667 0.03333333333333333 0.7020833333333333 0 0.71875 0 0.7797916666666667 0.010416666666666666 0.7833333333333333 0.03125 0.78125 0.058333333333333334 0.7583333333333333 0.06666666666666667 0.7270833333333333 0.0625 0.7145833333333333
0 0 0.3755 0.0024375 0.3768958333333333 0.0070625 0.38045833333333334 0.010624999999999999 0.3847291666666666 0.012395833333333333 0.3904166666666667 0.0138125 0.39575 0.014895833333333334 0.40108333333333335 0.014895833333333334 0.40677083333333336 0.014166666666666666 0.4124583333333333 0.012750000000000001 0.4177916666666667 0.011333333333333334 0.423125 0.0091875 0.4281041666666667 0.006354166666666666 0.43272916666666666 0.0013750000000000001 0.43520833333333336 0 0.4356666666666667
0 0 0.4395833333333333 0 0.5145833333333333 0.008333333333333333 0.5083333333333333 0.01875 0.48333333333333334 0.016666666666666666 0.4583333333333333
0 0.14791666666666667 0.3145833333333333 0.14166666666666666 0.31875 0.13333333333333333 0.325 0.12916666666666668 0.32916666666666666 0.12708333333333333 0.3333333333333333 0.125 0.33958333333333335 0.12291666666666666 0.3458333333333333 0.12291666666666666 0.3541666666666667 0.125 0.36041666666666666 0.12916666666666668 0.36666666666666664 0.13541666666666666 0.375 0.13958333333333334 0.37916666666666665 0.14791666666666667 0.38125 0.1625 0.38333333333333336 0.16875 0.38333333333333336 0.17291666666666666 0.38125 0.17916666666666667 0.3770833333333333 0.18541666666666667 0.37083333333333335 0.19166666666666668 0.3645833333333333 0.19375 0.35625 0.19375 0.3458333333333333 0.19166666666666668 0.3333333333333333 0.18333333333333332 0.325 0.17291666666666666 0.31666666666666665 0.16041666666666668 0.3145833333333333
0 0.13125 0.21458333333333332 0.10625 0.22708333333333333 0.10208333333333333 0.23125 0.09791666666666667 0.23958333333333334 0.09583333333333334 0.25 0.09583333333333334 0.25833333333333336 0.11458333333333333 0.28125 0.1375 0.28125 0.14583333333333334 0.27708333333333335 0.15 0.27291666666666664 0.15833333333333333 0.2625 0.15833333333333333 0.25833333333333336 0.1625 0.2520833333333333 0.1625 0.23958333333333334 0.16041666666666668 0.225 0.15625 0.22083333333333333 0.15 0.21666666666666667 0.13958333333333334 0.21458333333333332
0 0.29791666666666666 0.29583333333333334 0.28541666666666665 0.29791666666666666 0.27291666666666664 0.3 0.26458333333333334 0.30416666666666664 0.25833333333333336 0.3125 0.2520833333333333 0.32083333333333336 0.25 0.325 0.25 0.3375 0.2520833333333333 0.35 0.2708333333333333 0.36875 0.2791666666666667 0.3729166666666667 0.3104166666666667 0.3729166666666667 0.3145833333333333 0.37083333333333335 0.3229166666666667 0.3625 0.32916666666666666 0.3541666666666667 0.3333333333333333 0.3458333333333333 0.33541666666666664 0.33958333333333335 0.33541666666666664 0.3333333333333333 0.3333333333333333 0.325 0.33125 0.31666666666666665 0.32916666666666666 0.3125 0.31875 0.3020833333333333 0.3104166666666667 0.29791666666666666 0.30416666666666664 0.29583333333333334
0 0.45416666666666666 0.0875 0.4479166666666667 0.09166666666666666 0.44375 0.09166666666666666 0.42916666666666664 0.10625 0.42916666666666664 0.12083333333333333 0.4479166666666667 0.1375 0.45208333333333334 0.1375 0.46458333333333335 0.13541666666666666 0.47291666666666665 0.13125 0.4791666666666667 0.12291666666666666 0.48125 0.11875 0.48125 0.09791666666666667 0.4791666666666667 0.09375 0.4708333333333333 0.08958333333333333 0.46041666666666664 0.0875
0 0.55625 0 0.5541666666666667 0.004166666666666667 0.55 0.0125 0.55 0.016666666666666666 0.5458333333333333 0.022916666666666665 0.5458333333333333 0.04791666666666667 0.5479166666666667 0.052083333333333336 0.5541666666666667 0.058333333333333334 0.5604166666666667 0.06458333333333334 0.56875 0.06666666666666667 0.5770833333333333 0.06666666666666667 0.5916666666666667 0.06458333333333334 0.6 0.0625 0.60625 0.058333333333333334 0.6166666666666667 0.05 0.6208333333333333 0.04583333333333333 0.625 0.0375 0.625 0.027083333333333334 0.6229166666666667 0.010416666666666666 0.6208333333333333 0
0 0.8583333333333333 0.025 0.85 0.03125 0.8458333333333333 0.035416666666666666 0.8458333333333333 0.03958333333333333 0.84375 0.04791666666666667 0.8416666666666667 0.05 0.8395833333333333 0.058333333333333334 0.8395833333333333 0.0625 0.8541666666666666 0.08333333333333333 0.8625 0.08541666666666667 0.8708333333333333 0.0875 0.875 0.0875 0.8833333333333333 0.08333333333333333 0.9041666666666667 0.0625 0.90625 0.05625 0.90625 0.05 0.9041666666666667 0.04583333333333333 0.9 0.03958333333333333 0.8958333333333334 0.035416666666666666 0.8895833333333333 0.029166666666666667 0.8854166666666666 0.029166666666666667 0.8791666666666667 0.025 0.8729166666666667 0.022916666666666665 0.86875 0.022916666666666665
0 0.96875 0.07083333333333333 0.9625 0.075 0.95625 0.08125 0.95 0.0875 0.9479166666666666 0.09375 0.9479166666666666 0.1 0.9479166666666666 0.10833333333333334 0.9541666666666667 0.11666666666666667 0.9583333333333334 0.12083333333333333 0.96875 0.12291666666666666 0.9770833333333333 0.12291666666666666 0.99375 0.11458333333333333 0.9979166666666667 0.1125 0.9979166666666667 0.07708333333333334 0.9895833333333334 0.07083333333333333
0 0.6729166666666667 0.3541666666666667 0.6625 0.35625 0.6458333333333334 0.3645833333333333 0.6354166666666666 0.3729166666666667 0.6291666666666667 0.37916666666666665 0.6229166666666667 0.39166666666666666 0.6229166666666667 0.4 0.625 0.4166666666666667 0.6270833333333333 0.425 0.6354166666666666 0.4354166666666667 0.6458333333333334 0.44583333333333336 0.6583333333333333 0.45208333333333334 0.6708333333333333 0.45208333333333334 0.68125 0.45 0.7020833333333333 0.4395833333333333 0.71875 0.42291666666666666 0.7208333333333333 0.41875 0.7229166666666667 0.4125 0.7229166666666667 0.39166666666666666 0.7125 0.3770833333333333 0.7083333333333334 0.3729166666666667 0.7020833333333333 0.36875 0.6958333333333333 0.3645833333333333 0.6895833333333333 0.36041666666666666 0.6833333333333333 0.35625 0.6791666666666667 0.3541666666666667
0 0.5208333333333334 0.39166666666666666 0.5145833333333333 0.3958333333333333 0.50625 0.40208333333333335 0.4979166666666667 0.4083333333333333 0.49375 0.4125 0.4895833333333333 0.42083333333333334 0.4895833333333333 0.44375 0.5020833333333333 0.46875 0.50625 0.47291666666666665 0.51875 0.4791666666666667 0.53125 0.48125 0.5416666666666666 0.48125 0.5479166666666667 0.47708333333333336 0.5520833333333334 0.47708333333333336 0.5604166666666667 0.47291666666666665 0.5708333333333333 0.4625 0.5729166666666666 0.45416666666666666 0.575 0.4375 0.575 0.42916666666666664 0.5666666666666667 0.4125 0.55625 0.40208333333333335 0.5458333333333333 0.39375 0.5333333333333333 0.39166666666666666
0 0.17291666666666666 0.65625 0.16041666666666668 0.6604166666666667 0.15625 0.6666666666666666 0.15208333333333332 0.6729166666666667 0.15208333333333332 0.68125 0.15208333333333332 0.6875 0.15416666666666667 0.6916666666666667 0.1625 0.7 0.17291666666666666 0.7083333333333334 0.18333333333333332 0.7083333333333334 0.19375 0.70625 0.20416666666666666 0.6958333333333333 0.20416666666666666 0.6875 0.20208333333333334 0.675 0.19166666666666668 0.6645833333333333 0.18125 0.65625
0 0.11666666666666667 0.6854166666666667 0.10833333333333334 0.6916666666666667 0.09166666666666666 0.70625 0.08541666666666667 0.7125 0.07916666666666666 0.725 0.07916666666666666 0.7458333333333333 0.08125 0.7520833333333333 0.08333333333333333 0.75625 0.08958333333333333 0.7645833333333333 0.09583333333333334 0.7708333333333334 0.1 0.7729166666666667 0.10625 0.775 0.11875 0.775 0.12916666666666668 0.7729166666666667 0.13333333333333333 0.7708333333333334 0.14166666666666666 0.7645833333333333 0.15 0.7583333333333333 0.15416666666666667 0.7541666666666667 0.15416666666666667 0.75 0.15625 0.7416666666666667 0.15833333333333333 0.7333333333333333 0.16041666666666668 0.73125 0.1625 0.7229166666666667 0.16458333333333333 0.7145833333333333 0.16458333333333333 0.7104166666666667 0.15416666666666667 0.6979166666666666 0.14375 0.6875 0.12916666666666668 0.6854166666666667
0 0.08125 0.625 0.07708333333333334 0.63125 0.075 0.6354166666666666 0.075 0.64375 0.07916666666666666 0.6541666666666667 0.08541666666666667 0.65625 0.08958333333333333 0.6604166666666667 0.09791666666666667 0.6645833333333333 0.10625 0.6645833333333333 0.11458333333333333 0.6625 0.11875 0.6604166666666667 0.12708333333333333 0.6541666666666667 0.13125 0.65 0.12916666666666668 0.6270833333333333 0.12083333333333333 0.6229166666666667
0 0.47708333333333336 0.24791666666666667 0.4625 0.25 0.43333333333333335 0.2791666666666667 0.43333333333333335 0.31875 0.4395833333333333 0.33125 0.44375 0.33541666666666664 0.45208333333333334 0.3416666666666667 0.45625 0.34375 0.4708333333333333 0.34375 0.4875 0.3416666666666667 0.5125 0.32916666666666666 0.51875 0.3229166666666667 0.54375 0.29583333333333334 0.54375 0.2916666666666667 0.5416666666666666 0.2791666666666667 0.5395833333333333 0.2708333333333333 0.5333333333333333 0.26458333333333334 0.525 0.25833333333333336 0.5208333333333334 0.25625 0.5125 0.25416666666666665 0.50625 0.2520833333333333 0.4979166666666667 0.25 0.4895833333333333 0.24791666666666667