0 0.08541666666666667 0.18541666666666667 0.06458333333333334 0.19583333333333333 0.041666666666666664 0.21875 0.03958333333333333 0.225 0.0375 0.23333333333333334 0.035416666666666666 0.24166666666666667 0.035416666666666666 0.24791666666666667 0.0375 0.25625 0.03958333333333333 0.2604166666666667 0.05 0.2708333333333333 0.05416666666666667 0.27291666666666664 0.058333333333333334 0.27291666666666664 0.06458333333333334 0.27708333333333335 0.08541666666666667 0.27708333333333335 0.10208333333333333 0.26875 0.10833333333333334 0.2625 0.11458333333333333 0.25416666666666665 0.11875 0.24583333333333332 0.11875 0.24166666666666667 0.12291666666666666 0.23541666666666666 0.12291666666666666 0.21041666666666667 0.11666666666666667 0.19791666666666666 0.1125 0.19375 0.10416666666666667 0.1875 0.1 0.18541666666666667
0 0.4593125 0 0.45510416666666664 0.008374999999999999 0.44652083333333337 0.0120625 0.43852083333333336 0.016979166666666667 0.42991666666666667 0.020666666666666667 0.42070833333333335 0.021291666666666667 0.4114791666666667 0.0200625 0.40227083333333336 0.017604166666666664 0.39366666666666666 0.013916666666666666 0.38506250000000003 0.009604166666666667 0.38077083333333334 0.001 0.38070833333333337 0
0 0.9 0.20833333333333334 0.88125 0.225 0.88125 0.25 0.89375 0.26458333333333334 0.9166666666666666 0.26666666666666666 0.9354166666666667 0.24791666666666667 0.9354166666666667 0.22708333333333333 0.9183333333333333 0.209375
0 0.99375 0.14583333333333334 0.9625 0.13958333333333334 0.9333333333333333 0.15416666666666667 0.91875 0.17083333333333334 0.9145833333333333 0.18333333333333332 0.9166666666666666 0.20416666666666666 0.93125 0.21875 0.9479166666666666 0.225 0.96875 0.225 0.9895833333333334 0.21666666666666667 0.9979166666666667 0.20625 0.9979166666666667 0.15
0 0.33541666666666664 0.7416666666666667 0.325 0.74375 0.31875 0.7458333333333333 0.3104166666666667 0.7520833333333333 0.29791666666666666 0.7625 0.28541666666666665 0.7729166666666667 0.2791666666666667 0.7791666666666667 0.2791666666666667 0.8 0.28541666666666665 0.8083333333333333 0.29583333333333334 0.8208333333333333 0.3020833333333333 0.8270833333333333 0.3145833333333333 0.8333333333333334 0.33958333333333335 0.8333333333333334 0.35208333333333336 0.8270833333333333 0.36875 0.8104166666666667 0.375 0.7979166666666667 0.375 0.76875 0.36041666666666666 0.7479166666666667 0.3541666666666667 0.7458333333333333 0.34791666666666665 0.74375 0.3416666666666667 0.7416666666666667
0 0.48541666666666666 0.95 0.475 0.9520833333333333 0.46875 0.9541666666666667 0.4625 0.9604166666666667 0.4625 0.9645833333333333 0.46458333333333335 0.9770833333333333 0.4666666666666667 0.9833333333333333 0.4708333333333333 0.9875 0.47708333333333336 0.9916666666666667 0.5 0.9895833333333334 0.5041666666666667 0.98125 0.5041666666666667 0.9708333333333333 0.5 0.95625 0.49375 0.9520833333333333 0.4895833333333333 0.95
0 0.9354166666666667 0.5625 0.9291666666666667 0.5645833333333333 0.9104166666666667 0.5833333333333334 0.9041666666666667 0.5958333333333333 0.9041666666666667 0.6208333333333333 0.9104166666666667 0.6333333333333333 0.9229166666666667 0.6458333333333334 0.93125 0.6479166666666667 0.9479166666666666 0.65 0.95625 0.65 0.96875 0.64375 0.9833333333333333 0.6291666666666667 0.9895833333333334 0.6166666666666667 0.9895833333333334 0.5979166666666667 0.9875 0.59375 0.9833333333333333 0.5875 0.9791666666666666 0.58125 0.9708333333333333 0.5791666666666667 0.9395833333333333 0.5625
0 0.875 0.5354166666666667 0.8645833333333334 0.54375 0.85625 0.5520833333333334 0.8541666666666666 0.55625 0.8520833333333333 0.5625 0.8520833333333333 0.56875 0.85 0.5729166666666666 0.85625 0.58125 0.8625 0.5875 0.8729166666666667 0.5895833333333333 0.8833333333333333 0.5895833333333333 0.9 0.58125 0.9041666666666667 0.5729166666666666 0.90625 0.5604166666666667 0.90625 0.5541666666666667 0.8979166666666667 0.54375 0.8895833333333333 0.5354166666666667
0 0.10833333333333334 0.39791666666666664 0.10208333333333333 0.40208333333333335 0.09791666666666667 0.40208333333333335 0.09166666666666666 0.40625 0.0875 0.40625 0.07916666666666666 0.41041666666666665 0.075 0.41458333333333336 0.06875 0.42291666666666666 0.06458333333333334 0.42916666666666664 0.0625 0.4354166666666667 0.06041666666666667 0.44375 0.06041666666666667 0.45 0.0625 0.4583333333333333 0.06458333333333334 0.4625 0.06875 0.46875 0.075 0.47708333333333336 0.08125 0.48541666666666666 0.0875 0.49166666666666664 0.1 0.4979166666666667 0.12291666666666666 0.4979166666666667 0.13958333333333334 0.4895833333333333 0.14375 0.48541666666666666 0.14791666666666667 0.4791666666666667 0.15208333333333332 0.47291666666666665 0.15625 0.4666666666666667 0.15833333333333333 0.4625 0.16041666666666668 0.4479166666666667 0.16041666666666668 0.43333333333333335 0.15833333333333333 0.4270833333333333 0.15625 0.42291666666666666 0.15 0.41458333333333336 0.14375 0.4083333333333333 0.13958333333333334 0.40625 0.13333333333333333 0.4041666666666667 0.12708333333333333 0.40208333333333335 0.11875 0.4 0.1125 0.39791666666666664
0 0.3854166666666667 0.55 0.37916666666666665 0.5520833333333334 0.375 0.5541666666666667 0.375 0.5583333333333333 0.3729166666666667 0.5666666666666667 0.37083333333333335 0.56875 0.37083333333333335 0.575 0.3729166666666667 0.58125 0.3770833333333333 0.5875 0.3770833333333333 0.5916666666666667 0.37916666666666665 0.5958333333333333 0.38333333333333336 0.6 0.39166666666666666 0.60625 0.4 0.60625 0.4125 0.6020833333333333 0.4166666666666667 0.5958333333333333 0.42083333333333334 0.5895833333333333 0.42291666666666666 0.5854166666666667 0.42291666666666666 0.58125 0.42083333333333334 0.56875 0.4166666666666667 0.5604166666666667 0.41041666666666665 0.55625 0.40208333333333335 0.5520833333333334 0.39375 0.55
0 0.675 0.50625 0.66875 0.5104166666666666 0.6645833333333333 0.5104166666666666 0.6604166666666667 0.5125 0.6520833333333333 0.5208333333333334 0.65 0.53125 0.65 0.5416666666666666 0.6520833333333333 0.5458333333333333 0.6645833333333333 0.5583333333333333 0.6770833333333334 0.56875 0.6833333333333333 0.56875 0.6958333333333333 0.5666666666666667 0.7020833333333333 0.5645833333333333 0.7104166666666667 0.55625 0.7166666666666667 0.5479166666666667 0.7166666666666667 0.5229166666666667 0.7 0.50625
0 0.6083333333333333 0.46458333333333335 0.6 0.4666666666666667 0.5916666666666667 0.46875 0.5833333333333334 0.47291666666666665 0.5770833333333333 0.48125 0.5708333333333333 0.4895833333333333 0.56875 0.49375 0.5666666666666667 0.5020833333333333 0.5666666666666667 0.5104166666666666 0.56875 0.5145833333333333 0.575 0.5229166666666667 0.58125 0.53125 0.6104166666666667 0.5333333333333333 0.6229166666666667 0.5229166666666667 0.6354166666666666 0.5104166666666666 0.6354166666666666 0.48333333333333334 0.63125 0.475 0.6270833333333333 0.4708333333333333 0.6145833333333334 0.46458333333333335
0 0.6770833333333334 0.0875 0.6708333333333333 0.0875 0.6625 0.08958333333333333 0.6583333333333333 0.09166666666666666 0.6541666666666667 0.09583333333333334 0.6479166666666667 0.10416666666666667 0.6416666666666667 0.1125 0.6395833333333333 0.11666666666666667 0.6375 0.125 0.6375 0.1375 0.6395833333333333 0.14583333333333334 0.6458333333333334 0.15208333333333332 0.65 0.15625 0.6583333333333333 0.1625 0.6666666666666666 0.1625 0.6729166666666667 0.1625 0.6791666666666667 0.16041666666666668 0.6875 0.15833333333333333 0.69375 0.15208333333333332 0.7 0.14583333333333334 0.70625 0.1375 0.7083333333333334 0.13333333333333333 0.7083333333333334 0.11458333333333333 0.70625 0.10833333333333334 0.6979166666666666 0.09791666666666667 0.6916666666666667 0.09166666666666666 0.6854166666666667 0.0875
0 0.89375 0.0020833333333333333 0.8875 0.00625 0.8791666666666667 0.0125 0.8729166666666667 0.01875 0.8666666666666667 0.025 0.8645833333333334 0.03125 0.8625 0.03958333333333333 0.8625 0.04375 0.8666666666666667 0.05 0.8666666666666667 0.05416666666666667 0.86875 0.06041666666666667 0.8729166666666667 0.06875 0.8833333333333333 0.07916666666666666 0.8875 0.08125 0.8958333333333334 0.08333333333333333 0.9020833333333333 0.08541666666666667 0.9104166666666667 0.0875 0.9145833333333333 0.0875 0.93125 0.07916666666666666 0.94375 0.06666666666666667 0.95 0.05416666666666667 0.95 0.035416666666666666 0.9458333333333333 0.029166666666666667 0.9375 0.01875 0.93125 0.010416666666666666 0.925 0.004166666666666667 0.9208333333333333 0.0020833333333333333
0 0.9729166666666667 0.7666666666666667 0.96875 0.7708333333333334 0.9604166666666667 0.7770833333333333 0.9583333333333334 0.7770833333333333 0.9541666666666667 0.78125 0.9541666666666667 0.8020833333333334 0.9604166666666667 0.8104166666666667 0.96875 0.81875 0.9770833333333333 0.8229166666666666 0.9854166666666667 0.8229166666666666 0.9916666666666667 0.8208333333333333 0.9979166666666667 0.8145833333333333 0.9979166666666667 0.78125 0.9958333333333333 0.7770833333333333 0.9895833333333334 0.7708333333333334 0.9854166666666667 0.76875 0.9770833333333333 0.7666666666666667
0 0.5083333333333333 0 0.5104166666666666 0.008333333333333333 0.5125 0.0125 0.5208333333333334 0.020833333333333332 0.5333333333333333 0.03125 0.54375 0.03333333333333333 0.5541666666666667 0.03333333333333333 0.56875 0.022916666666666665 0.575 0.016666666666666666 0.58125 0.008333333333333333 0.5833333333333334 0.004166666666666667 0.5833333333333334 0
0 1 0.5724166666666667 0.998 0.5742499999999999 0.9924583333333333 0.5776666666666667 0.9860625 0.5793750000000001 0.9792291666666666 0.5793750000000001 0.9728333333333333 0.5789583333333332 0.9429583333333333 0.5635833333333333 0.9373958333333333 0.5588958333333333 0.9327083333333334 0.5542083333333333 0.9322916666666666 0.5473750000000001 0.9331458333333333 0.5409791666666667 0.9339999999999999 0.5345624999999999 0.9357083333333333 0.5281666666666667 0.93825 0.5213333333333333 0.9416666666666667 0.515375 0.9450833333333333 0.5098125 0.9497708333333333 0.505125 0.95575 0.5021458333333333 0.9621458333333333 0.5 0.9685625000000001 0.4982916666666667 0.9749583333333334 0.49787499999999996 0.9813541666666666 0.5008541666666667 0.9864791666666667 0.505125 0.9894583333333333 0.5111041666666667 0.9933125 0.5157916666666666 1 0.5161666666666667
0 1 0.5152916666666667 0.9941666666666666 0.5145208333333333 0.9898958333333333 0.5093958333333333 0.9868958333333333 0.5034166666666666 0.9852083333333332 0.4970208333333333 0.9852083333333332 0.4901875 0.9852083333333332 0.48335416666666664 0.9860625 0.4769583333333333 0.9890416666666667 0.47097916666666667 0.9945833333333333 0.4671458333333333 1 0.46570833333333334
0 0.2375 0.73125 0.225 0.7333333333333333 0.22083333333333333 0.7354166666666667 0.2125 0.7416666666666667 0.20833333333333334 0.7458333333333333 0.20416666666666666 0.7520833333333333 0.2 0.7604166666666666 0.19791666666666666 0.76875 0.19791666666666666 0.7770833333333333 0.2 0.7854166666666667 0.20416666666666666 0.79375 0.21041666666666667 0.8020833333333334 0.21458333333333332 0.80625 0.22708333333333333 0.8125 0.25833333333333336 0.8125 0.2625 0.8104166666666667 0.2708333333333333 0.8041666666666667 0.27708333333333335 0.7979166666666667 0.27708333333333335 0.7791666666666667 0.28125 0.7666666666666667 0.275 0.7604166666666666 0.27479166666666666 0.7541666666666667 0.27145833333333336 0.7485416666666667 0.2670833333333333 0.744375 0.2604166666666667 0.7395833333333334 0.25 0.73125