0 0.6333333333333333 0.12708333333333333 0.625 0.12916666666666668 0.6166666666666667 0.13333333333333333 0.6104166666666667 0.14166666666666666 0.6083333333333333 0.14583333333333334 0.6083333333333333 0.15416666666666667 0.6125 0.16666666666666666 0.61875 0.17083333333333334 0.6229166666666667 0.17291666666666666 0.6333333333333333 0.17291666666666666 0.6458333333333334 0.17083333333333334 0.6520833333333333 0.16458333333333333 0.65625 0.15833333333333333 0.65625 0.15 0.6520833333333333 0.13541666666666666 0.6458333333333334 0.13125 0.6375 0.12708333333333333
0 0.96875 0.07916666666666666 0.95 0.09791666666666667 0.95 0.1125 0.9520833333333333 0.12708333333333333 0.9604166666666667 0.13541666666666666 0.9729166666666667 0.14583333333333334 0.99375 0.14583333333333334 0.9979166666666667 0.14375 0.9979166666666667 0.08333333333333333 0.99375 0.07916666666666666
0 0.46458333333333335 0 0.46458333333333335 0.0125 0.46875 0.020833333333333332 0.47291666666666665 0.025 0.48541666666666666 0.035416666666666666 0.49166666666666664 0.03958333333333333 0.5 0.041666666666666664 0.5145833333333333 0.04375 0.5208333333333334 0.04375 0.525 0.041666666666666664 0.53125 0.0375 0.5375 0.03333333333333333 0.54375 0.029166666666666667 0.5479166666666667 0.025 0.5541666666666667 0.01875 0.55625 0.010416666666666666 0.5583333333333333 0.004166666666666667 0.5583333333333333 0
0 0.47291666666666665 0.94375 0.4625 0.9458333333333333 0.45625 0.95 0.44583333333333336 0.9583333333333334 0.44166666666666665 0.9625 0.4395833333333333 0.9708333333333333 0.4375 0.9833333333333333 0.4375 0.9895833333333334 0.4395833333333333 0.99375 0.44375 0.9979166666666667 0.50625 0.9979166666666667 0.5083333333333333 0.9833333333333333 0.5083333333333333 0.9708333333333333 0.5041666666666667 0.9645833333333333 0.49375 0.9520833333333333 0.4895833333333333 0.9479166666666666 0.48125 0.94375
0 0.3020833333333333 0.8416666666666667 0.29375 0.85 0.28541666666666665 0.8604166666666667 0.2833333333333333 0.8729166666666667 0.2833333333333333 0.8875 0.2875 0.8958333333333334 0.29583333333333334 0.9041666666666667 0.30416666666666664 0.9104166666666667 0.30833333333333335 0.9125 0.3125 0.9125 0.31875 0.9166666666666666 0.32708333333333334 0.9166666666666666 0.3333333333333333 0.9145833333333333 0.33958333333333335 0.9104166666666667 0.35208333333333336 0.9 0.35625 0.8958333333333334 0.35833333333333334 0.8875 0.35833333333333334 0.8770833333333333 0.35625 0.8708333333333333 0.3541666666666667 0.8666666666666667 0.3458333333333333 0.85625 0.33541666666666664 0.8458333333333333 0.32708333333333334 0.8416666666666667
0 0.06666666666666667 0.3104166666666667 0.05 0.31875 0.04583333333333333 0.3229166666666667 0.041666666666666664 0.32916666666666666 0.03958333333333333 0.3333333333333333 0.03958333333333333 0.36666666666666664 0.06666666666666667 0.39375 0.10208333333333333 0.39375 0.11458333333333333 0.38125 0.125 0.36875 0.125 0.3375 0.09791666666666667 0.3104166666666667
0 0.014583333333333334 0.48333333333333334 0.0020833333333333333 0.4895833333333333 0 0.5916666666666667 0.004166666666666667 0.59375 0.008333333333333333 0.59375 0.01875 0.6 0.022916666666666665 0.6 0.029166666666666667 0.5979166666666667 0.0375 0.5958333333333333 0.04375 0.59375 0.04791666666666667 0.5916666666666667 0.06458333333333334 0.575 0.06666666666666667 0.5708333333333333 0.06875 0.5645833333333333 0.06875 0.5604166666666667 0.07291666666666667 0.5541666666666667 0.075 0.5479166666666667 0.07708333333333334 0.5416666666666666 0.07708333333333334 0.5375 0.075 0.53125 0.07291666666666667 0.525 0.06875 0.51875 0.06875 0.5145833333333333 0.06666666666666667 0.5083333333333333 0.06458333333333334 0.5020833333333333 0.058333333333333334 0.49583333333333335 0.05416666666666667 0.49166666666666664 0.04791666666666667 0.4895833333333333 0.04375 0.48541666666666666 0.03958333333333333 0.48333333333333334
0 1 0.6996041666666667 0.9975833333333333 0.6975833333333333 0.9933125 0.6911875 0.9898958333333333 0.6843541666666667 0.9873333333333334 0.6779583333333333 0.9864791666666667 0.6715416666666666 0.9868958333333333 0.6651458333333333 0.9898958333333333 0.6591666666666666 0.9954375 0.6549166666666667 1 0.6513333333333333
0 1 0.6386458333333334 0.9954375 0.6357083333333333 0.9898958333333333 0.6314375 0.9852083333333332 0.6267499999999999 0.9813541666666666 0.6211875 0.9787916666666666 0.6147916666666667 0.9766666666666667 0.6083958333333332 0.975375 0.602 0.9762291666666666 0.5951666666666667 0.9787916666666666 0.5887708333333334 0.9830625000000001 0.5832291666666667 0.98775 0.5785208333333334 0.992875 0.5742499999999999 0.998 0.5700000000000001 1 0.5691875
0 0.5229166666666667 0.6708333333333333 0.5145833333333333 0.6729166666666667 0.5083333333333333 0.6770833333333334 0.5 0.6833333333333333 0.49583333333333335 0.69375 0.49583333333333335 0.7 0.5020833333333333 0.70625 0.525 0.70625 0.5291666666666667 0.7041666666666667 0.5375 0.6979166666666666 0.5375 0.675 0.5291666666666667 0.6708333333333333
0 0.51875 0.2833333333333333 0.5104166666666666 0.28541666666666665 0.5020833333333333 0.2875 0.49375 0.28958333333333336 0.4895833333333333 0.2916666666666667 0.4708333333333333 0.3104166666666667 0.46875 0.3145833333333333 0.4666666666666667 0.32083333333333336 0.4666666666666667 0.32708333333333334 0.46875 0.3375 0.4708333333333333 0.34791666666666665 0.47291666666666665 0.3541666666666667 0.48125 0.3645833333333333 0.49166666666666664 0.375 0.5041666666666667 0.38125 0.5208333333333334 0.38125 0.5375 0.3729166666666667 0.5520833333333334 0.35833333333333334 0.55625 0.35 0.55625 0.3458333333333333 0.5604166666666667 0.33958333333333335 0.5604166666666667 0.32916666666666666 0.5583333333333333 0.31666666666666665 0.5520833333333334 0.30416666666666664 0.5416666666666666 0.29375 0.5333333333333333 0.2875 0.5291666666666667 0.28541666666666665 0.5229166666666667 0.2833333333333333