0 0.44166666666666665 0.11666666666666667 0.43333333333333335 0.12291666666666666 0.42916666666666664 0.12708333333333333 0.4270833333333333 0.1375 0.4270833333333333 0.14583333333333334 0.4354166666666667 0.15625 0.44375 0.16458333333333333 0.45416666666666666 0.16458333333333333 0.46458333333333335 0.1625 0.46875 0.15833333333333333 0.475 0.15 0.47708333333333336 0.14583333333333334 0.47708333333333336 0.12916666666666668 0.46458333333333335 0.11666666666666667
0 0.2520833333333333 0 0.24791666666666667 0.004166666666666667 0.24166666666666667 0.0125 0.2375 0.01875 0.2375 0.05416666666666667 0.25416666666666665 0.07083333333333333 0.26666666666666666 0.07708333333333334 0.2833333333333333 0.07708333333333334 0.28958333333333336 0.07291666666666667 0.29583333333333334 0.06666666666666667 0.29791666666666666 0.0625 0.29791666666666666 0.05 0.29583333333333334 0.029166666666666667 0.29375 0.01875 0.28541666666666665 0.0020833333333333333
0 0.14375 0.11875 0.12916666666666668 0.13125 0.11875 0.14166666666666666 0.11666666666666667 0.15 0.11458333333333333 0.16666666666666666 0.11458333333333333 0.175 0.13333333333333333 0.19375 0.1375 0.19791666666666666 0.14583333333333334 0.20208333333333334 0.16666666666666666 0.20208333333333334 0.17916666666666667 0.19583333333333333 0.18333333333333332 0.19166666666666668 0.1875 0.18541666666666667 0.19375 0.17291666666666666 0.19583333333333333 0.16458333333333333 0.19583333333333333 0.15416666666666667 0.19375 0.14583333333333334 0.17083333333333334 0.12291666666666666 0.1625 0.12083333333333333 0.15 0.11875
0 0 0.07545833333333334 0.002875 0.07583333333333334 0.008833333333333334 0.07883333333333334 0.010125 0.08564583333333334 0.011395833333333332 0.09206249999999999 0.013104166666666667 0.09845833333333333 0.013958333333333333 0.10485416666666666 0.012687499999999999 0.11125 0.011395833333333332 0.11510416666666666 0.006270833333333333 0.11850000000000001 0 0.12102083333333334
0 0 0.1219375 0.005 0.11979166666666667 0.010541666666666666 0.11637499999999999 0.0169375 0.11552083333333334 0.023770833333333335 0.11552083333333334 0.030166666666666668 0.1168125 0.037000000000000005 0.11850000000000001 0.04383333333333333 0.11979166666666667 0.050229166666666665 0.12191666666666667 0.056625 0.12362500000000001 0.0621875 0.12789583333333335 0.06560416666666666 0.13514583333333335 0.06729166666666667 0.1415625 0.06729166666666667 0.14881250000000001 0.06645833333333333 0.15520833333333334 0.06431250000000001 0.16204166666666667 0.06175 0.16885416666666667 0.059625000000000004 0.176125 0.056625 0.1829375 0.05364583333333333 0.18891666666666668 0.049374999999999995 0.19445833333333334 0.042979166666666666 0.1983125 0.037000000000000005 0.20129166666666667 0.030166666666666668 0.20343750000000002 0.023770833333333335 0.20385416666666664 0.017374999999999998 0.20299999999999999 0.010979166666666667 0.200875 0.0045625 0.19916666666666666 0 0.19772916666666665
0 1 0.2482916666666667 0.9929375 0.24877083333333333 0.9796666666666667 0.247875 0.9672916666666667 0.24258333333333332 0.9584375 0.23195833333333335 0.953125 0.2195625 0.9504791666666667 0.20629166666666665 0.9540000000000001 0.19302083333333334 0.96375 0.18239583333333334 0.9752500000000001 0.1744375 0.98675 0.16735416666666666 1 0.16239583333333335
0 0.43125 0.2625 0.42291666666666666 0.2708333333333333 0.42291666666666666 0.29375 0.43125 0.3020833333333333 0.4479166666666667 0.3 0.45208333333333334 0.29375 0.45416666666666666 0.28958333333333336 0.45416666666666666 0.2833333333333333 0.45208333333333334 0.275 0.4479166666666667 0.26875 0.44375 0.26458333333333334 0.4375 0.2625
0 0.69375 0.3333333333333333 0.6875 0.3375 0.675 0.34791666666666665 0.6708333333333333 0.35208333333333336 0.66875 0.3625 0.66875 0.3729166666666667 0.6770833333333334 0.38333333333333336 0.6854166666666667 0.39166666666666666 0.69375 0.39375 0.70625 0.3958333333333333 0.7104166666666667 0.3958333333333333 0.71875 0.3875 0.7270833333333333 0.3770833333333333 0.7291666666666666 0.3625 0.7291666666666666 0.34791666666666665 0.7208333333333333 0.33958333333333335 0.7125 0.3333333333333333
0 0.6416666666666667 0.5708333333333333 0.6354166666666666 0.575 0.63125 0.575 0.6229166666666667 0.5791666666666667 0.6125 0.5875 0.6041666666666666 0.5958333333333333 0.6020833333333333 0.6020833333333333 0.6 0.6104166666666667 0.5979166666666667 0.61875 0.5958333333333333 0.6270833333333333 0.5958333333333333 0.6333333333333333 0.6 0.6395833333333333 0.6 0.64375 0.6041666666666666 0.65 0.6041666666666666 0.6541666666666667 0.6083333333333333 0.6625 0.6270833333333333 0.68125 0.6354166666666666 0.6833333333333333 0.6479166666666667 0.6854166666666667 0.6541666666666667 0.6854166666666667 0.6708333333333333 0.6770833333333334 0.6791666666666667 0.66875 0.6854166666666667 0.6604166666666667 0.6875 0.6479166666666667 0.6895833333333333 0.625 0.6895833333333333 0.6104166666666667 0.6875 0.6020833333333333 0.6854166666666667 0.59375 0.6833333333333333 0.5895833333333333 0.66875 0.575 0.6625 0.5729166666666666 0.65 0.5708333333333333
0 0.06666666666666667 0.8833333333333333 0.0625 0.8854166666666666 0.05625 0.8895833333333333 0.052083333333333336 0.89375 0.04583333333333333 0.90625 0.04583333333333333 0.9395833333333333 0.052083333333333336 0.9479166666666666 0.06666666666666667 0.9645833333333333 0.075 0.9729166666666667 0.08333333333333333 0.9770833333333333 0.08958333333333333 0.9770833333333333 0.09791666666666667 0.975 0.10625 0.96875 0.11666666666666667 0.9583333333333334 0.12083333333333333 0.95 0.12083333333333333 0.9145833333333333 0.11875 0.9104166666666667 0.1125 0.9020833333333333 0.10833333333333334 0.8958333333333334 0.10416666666666667 0.8916666666666667 0.0875 0.8833333333333333
0 0.0375 0.8020833333333334 0.03125 0.80625 0.022916666666666665 0.8125 0.01875 0.8166666666666667 0.014583333333333334 0.825 0.014583333333333334 0.8541666666666666 0.016666666666666666 0.8583333333333333 0.020833333333333332 0.8645833333333334 0.027083333333333334 0.8729166666666667 0.0375 0.8770833333333333 0.05 0.8791666666666667 0.058333333333333334 0.8791666666666667 0.06666666666666667 0.875 0.075 0.8666666666666667 0.08125 0.8583333333333333 0.08333333333333333 0.85 0.08541666666666667 0.8375 0.08541666666666667 0.83125 0.08333333333333333 0.8270833333333333 0.07708333333333334 0.81875 0.07083333333333333 0.8125 0.05625 0.8020833333333334