0 0.14166666666666666 0.022916666666666665 0.13333333333333333 0.025 0.12916666666666668 0.027083333333333334 0.11875 0.0375 0.11666666666666667 0.04375 0.11458333333333333 0.05625 0.11458333333333333 0.06041666666666667 0.11875 0.06875 0.12291666666666666 0.07291666666666667 0.125 0.07916666666666666 0.13333333333333333 0.08333333333333333 0.14375 0.08541666666666667 0.14791666666666667 0.08541666666666667 0.15625 0.08125 0.1625 0.07708333333333334 0.16666666666666666 0.06875 0.16875 0.06041666666666667 0.17083333333333334 0.052083333333333336 0.17083333333333334 0.04583333333333333 0.16458333333333333 0.035416666666666666 0.1625 0.029166666666666667 0.15833333333333333 0.027083333333333334 0.15416666666666667 0.027083333333333334 0.14791666666666667 0.025 0.14583333333333334 0.022916666666666665
0 0.13541666666666666 0 0.14791666666666667 0.0125 0.16041666666666668 0.01875 0.19583333333333333 0.01875 0.20208333333333334 0.014583333333333334 0.21041666666666667 0.008333333333333333 0.21458333333333332 0.004166666666666667 0.21666666666666667 0
0 0.45625 0.035416666666666666 0.44166666666666665 0.0375 0.425 0.04583333333333333 0.41458333333333336 0.05625 0.40625 0.06666666666666667 0.4041666666666667 0.07083333333333333 0.40208333333333335 0.07916666666666666 0.40208333333333335 0.09375 0.4041666666666667 0.10416666666666667 0.4083333333333333 0.1125 0.4125 0.11875 0.4166666666666667 0.12291666666666666 0.425 0.12916666666666668 0.43333333333333335 0.13541666666666666 0.4395833333333333 0.13958333333333334 0.45 0.14166666666666666 0.46041666666666664 0.14166666666666666 0.4666666666666667 0.1375 0.4708333333333333 0.1375 0.4791666666666667 0.13333333333333333 0.4875 0.12708333333333333 0.49375 0.12083333333333333 0.5041666666666667 0.1 0.5041666666666667 0.08958333333333333 0.5020833333333333 0.06875 0.5 0.05625 0.48541666666666666 0.041666666666666664 0.47708333333333336 0.0375 0.4708333333333333 0.035416666666666666
0 0.6479166666666667 0 0.65625 0.00625 0.6625 0.010416666666666666 0.675 0.0125 0.6854166666666667 0.0125 0.69375 0.008333333333333333 0.6979166666666666 0.004166666666666667 0.7 0
0 0.0125 0.6333333333333333 0 0.6354166666666666 0 0.6979166666666666 0.00625 0.6979166666666666 0.01875 0.7 0.020833333333333332 0.7020833333333333 0.029166666666666667 0.7020833333333333 0.0375 0.7 0.04375 0.6979166666666666 0.04791666666666667 0.6958333333333333 0.05 0.6916666666666667 0.05 0.6875 0.052083333333333336 0.68125 0.05416666666666667 0.6791666666666667 0.05416666666666667 0.675 0.052083333333333336 0.6666666666666666 0.05 0.6604166666666667 0.04791666666666667 0.6520833333333333 0.0375 0.64375 0.03333333333333333 0.6395833333333333 0.020833333333333332 0.6333333333333333
0 0.14166666666666666 0.6041666666666666 0.13333333333333333 0.60625 0.12291666666666666 0.6166666666666667 0.12083333333333333 0.6229166666666667 0.12083333333333333 0.63125 0.12291666666666666 0.6395833333333333 0.125 0.6479166666666667 0.13541666666666666 0.65625 0.13958333333333334 0.6604166666666667 0.14375 0.6625 0.14791666666666667 0.6625 0.15833333333333333 0.6604166666666667 0.16666666666666666 0.65625 0.17291666666666666 0.6479166666666667 0.175 0.64375 0.175 0.6270833333333333 0.17083333333333334 0.61875 0.16666666666666666 0.6145833333333334 0.16041666666666668 0.6125 0.15625 0.6083333333333333 0.14791666666666667 0.6041666666666666
0 0.075 0.675 0.058333333333333334 0.6791666666666667 0.04791666666666667 0.7 0.04791666666666667 0.7104166666666667 0.05 0.7229166666666667 0.058333333333333334 0.7333333333333333 0.06666666666666667 0.7416666666666667 0.07291666666666667 0.74375 0.08541666666666667 0.7458333333333333 0.08958333333333333 0.7458333333333333 0.09375 0.74375 0.1 0.7395833333333334 0.10416666666666667 0.7354166666666667 0.10833333333333334 0.7270833333333333 0.10833333333333334 0.71875 0.10625 0.7020833333333333 0.10416666666666667 0.69375 0.09583333333333334 0.6833333333333333 0.0875 0.675
0 0.0375 0.375 0.03125 0.3770833333333333 0.027083333333333334 0.37916666666666665 0.027083333333333334 0.3875 0.025 0.4 0.03125 0.40625 0.041666666666666664 0.4083333333333333 0.05 0.4083333333333333 0.058333333333333334 0.4041666666666667 0.06041666666666667 0.39791666666666664 0.058333333333333334 0.3854166666666667 0.05625 0.37916666666666665 0.052083333333333336 0.3770833333333333 0.04791666666666667 0.375 0.04375 0.375
0 0.2 0.39166666666666666 0.19375 0.39375 0.1875 0.39791666666666664 0.18333333333333332 0.39791666666666664 0.17916666666666667 0.4 0.16875 0.41041666666666665 0.1625 0.42291666666666666 0.1625 0.45 0.16666666666666666 0.45625 0.16666666666666666 0.46041666666666664 0.16875 0.4666666666666667 0.17291666666666666 0.47291666666666665 0.17291666666666666 0.47708333333333336 0.17708333333333334 0.48541666666666666 0.18958333333333333 0.4979166666666667 0.19375 0.5 0.20208333333333334 0.5020833333333333 0.21041666666666667 0.5041666666666667 0.21458333333333332 0.5041666666666667 0.23125 0.49583333333333335 0.23958333333333334 0.4875 0.24583333333333332 0.4791666666666667 0.24791666666666667 0.475 0.25 0.46875 0.2520833333333333 0.4625 0.2520833333333333 0.4354166666666667 0.23958333333333334 0.41041666666666665 0.22708333333333333 0.39791666666666664 0.22291666666666668 0.3958333333333333 0.21458333333333332 0.39375 0.20625 0.39166666666666666
0 0 0.8645833333333334 0 0.9416666666666667 0.010416666666666666 0.9416666666666667 0.035416666666666666 0.925 0.035416666666666666 0.9208333333333333 0.03958333333333333 0.9145833333333333 0.041666666666666664 0.9083333333333333 0.04375 0.9020833333333333 0.04375 0.8979166666666667 0.03333333333333333 0.8791666666666667 0.03125 0.8729166666666667 0.025 0.8708333333333333 0.014583333333333334 0.8645833333333334
0 0.5416666666666666 0.7083333333333334 0.5375 0.7104166666666667 0.5333333333333333 0.7145833333333333 0.5229166666666667 0.7229166666666667 0.5229166666666667 0.7270833333333333 0.51875 0.7333333333333333 0.5166666666666667 0.7395833333333334 0.5166666666666667 0.74375 0.51875 0.75 0.5229166666666667 0.75625 0.5229166666666667 0.7604166666666666 0.525 0.7645833333333333 0.5375 0.7770833333333333 0.55 0.7791666666666667 0.5583333333333333 0.7791666666666667 0.5625 0.7770833333333333 0.5708333333333333 0.7708333333333334 0.5791666666666667 0.7645833333333333 0.5833333333333334 0.75625 0.5854166666666667 0.74375 0.5854166666666667 0.7354166666666667 0.5833333333333334 0.7291666666666666 0.5791666666666667 0.7208333333333333 0.5708333333333333 0.7125 0.5625 0.7104166666666667 0.5479166666666667 0.7083333333333334
0 0.9208333333333333 0.11666666666666667 0.9145833333333333 0.12083333333333333 0.9104166666666667 0.12083333333333333 0.8895833333333333 0.14791666666666667 0.8895833333333333 0.15625 0.8916666666666667 0.1625 0.89375 0.16666666666666666 0.8979166666666667 0.17291666666666666 0.9020833333333333 0.17916666666666667 0.90625 0.18333333333333332 0.9291666666666667 0.19375 0.9354166666666667 0.19375 0.9395833333333333 0.19375 0.9458333333333333 0.19166666666666668 0.95 0.18958333333333333 0.9625 0.17708333333333334 0.9666666666666667 0.16875 0.9666666666666667 0.15 0.9625 0.14166666666666666 0.9583333333333334 0.13541666666666666 0.9541666666666667 0.13125 0.9520833333333333 0.125 0.94375 0.12083333333333333 0.9354166666666667 0.11875 0.9270833333333334 0.11666666666666667