0 0.7104166666666667 0.08958333333333333 0.6708333333333333 0.09583333333333334 0.6604166666666667 0.10416666666666667 0.6497916666666667 0.133125 0.66875 0.16041666666666668 0.6914583333333333 0.173125 0.7174999999999999 0.16458333333333333 0.7354166666666667 0.13541666666666666 0.73125 0.10833333333333334
0 0.65 0.0125 0.6270833333333333 0.041666666666666664 0.6270833333333333 0.06458333333333334 0.6333333333333333 0.075 0.6604166666666667 0.09583333333333334 0.7083333333333334 0.0875 0.725 0.06041666666666667 0.7270833333333333 0.05 0.7208333333333333 0.027083333333333334 0.7104166666666667 0.016666666666666666 0.6854166666666667 0.00625 0.6604166666666667 0.00625
0 0 0.8104166666666667 0 0.86875 0.0020833333333333333 0.8645833333333334 0.010416666666666666 0.85 0.010416666666666666 0.8291666666666667 0.0020833333333333333 0.8145833333333333
0 0.5229166666666667 0.052083333333333336 0.51875 0.05416666666666667 0.5125 0.058333333333333334 0.5041666666666667 0.06458333333333334 0.5 0.06875 0.4895833333333333 0.08333333333333333 0.4895833333333333 0.09375 0.49166666666666664 0.10416666666666667 0.49375 0.10833333333333334 0.4979166666666667 0.11458333333333333 0.5041666666666667 0.12083333333333333 0.51875 0.13125 0.5416666666666666 0.13125 0.5541666666666667 0.125 0.5583333333333333 0.12083333333333333 0.5729166666666666 0.10416666666666667 0.5729166666666666 0.07916666666666666 0.56875 0.07291666666666667 0.5583333333333333 0.06041666666666667 0.5541666666666667 0.05625 0.5458333333333333 0.05416666666666667 0.5291666666666667 0.052083333333333336
0 0.31875 0.12291666666666666 0.3145833333333333 0.125 0.30625 0.13125 0.3020833333333333 0.13541666666666666 0.29583333333333334 0.14791666666666667 0.29583333333333334 0.15625 0.29791666666666666 0.16666666666666666 0.30833333333333335 0.17916666666666667 0.31875 0.18958333333333333 0.34791666666666665 0.18958333333333333 0.35833333333333334 0.17916666666666667 0.36875 0.16666666666666666 0.36875 0.15625 0.36666666666666664 0.14375 0.35625 0.13125 0.34791666666666665 0.12291666666666666
0 0.5208333333333334 0.775 0.5145833333333333 0.78125 0.5083333333333333 0.7895833333333333 0.5083333333333333 0.79375 0.5104166666666666 0.8020833333333334 0.5125 0.8104166666666667 0.5166666666666667 0.81875 0.5229166666666667 0.8229166666666666 0.53125 0.8291666666666667 0.5354166666666667 0.83125 0.5395833333333333 0.83125 0.5479166666666667 0.8291666666666667 0.55625 0.825 0.5625 0.8166666666666667 0.5645833333333333 0.8125 0.5645833333333333 0.7958333333333333 0.5604166666666667 0.7875 0.55625 0.7833333333333333 0.5479166666666667 0.7770833333333333 0.54375 0.775
0 0.38958333333333334 0.625 0.38125 0.6291666666666667 0.375 0.6333333333333333 0.37083333333333335 0.6375 0.36041666666666666 0.6458333333333334 0.35833333333333334 0.6520833333333333 0.35625 0.6583333333333333 0.3541666666666667 0.6645833333333333 0.35208333333333336 0.6708333333333333 0.35208333333333336 0.675 0.38125 0.7125 0.3875 0.7125 0.3958333333333333 0.7104166666666667 0.4 0.7083333333333334 0.40625 0.7041666666666667 0.4125 0.7 0.42083333333333334 0.69375 0.425 0.6895833333333333 0.44166666666666665 0.6625 0.44166666666666665 0.6541666666666667 0.4395833333333333 0.6458333333333334 0.4375 0.6416666666666667 0.43125 0.6354166666666666 0.42083333333333334 0.6270833333333333 0.41458333333333336 0.625
0 0.09375 0.027083333333333334 0.08333333333333333 0.041666666666666664 0.08333333333333333 0.06041666666666667 0.09583333333333334 0.07916666666666666 0.11875 0.08541666666666667 0.1375 0.07916666666666666 0.15416666666666667 0.06458333333333334 0.15416666666666667 0.04791666666666667 0.1375 0.025 0.10625 0.020833333333333332
0 0.022916666666666665 0.4270833333333333 0.010416666666666666 0.44166666666666665 0.008333333333333333 0.46458333333333335 0.020833333333333332 0.48125 0.03958333333333333 0.48333333333333334 0.05416666666666667 0.4708333333333333 0.05625 0.44166666666666665 0.041666666666666664 0.4270833333333333
0 0.13958333333333334 0.4875 0.13541666666666666 0.4895833333333333 0.12916666666666668 0.49583333333333335 0.12291666666666666 0.5 0.11666666666666667 0.50625 0.11666666666666667 0.5104166666666666 0.1125 0.5166666666666667 0.1125 0.5208333333333334 0.1125 0.5270833333333333 0.12916666666666668 0.5541666666666667 0.13541666666666666 0.55625 0.14375 0.5583333333333333 0.15 0.5604166666666667 0.15416666666666667 0.5604166666666667 0.175 0.5458333333333333 0.17708333333333334 0.5395833333333333 0.17916666666666667 0.5333333333333333 0.18125 0.5270833333333333 0.18125 0.5229166666666667 0.16875 0.4979166666666667 0.16458333333333333 0.49375 0.15833333333333333 0.4895833333333333 0.15416666666666667 0.4875
0 0.6416666666666667 0.2625 0.6208333333333333 0.26666666666666666 0.6104166666666667 0.2875 0.6083333333333333 0.29791666666666666 0.60625 0.30625 0.6083333333333333 0.3104166666666667 0.6145833333333334 0.31666666666666665 0.6208333333333333 0.325 0.6208333333333333 0.32708333333333334 0.625 0.33125 0.63125 0.33541666666666664 0.6375 0.3375 0.6416666666666667 0.3416666666666667 0.6458333333333334 0.34375 0.6666666666666666 0.34375 0.6729166666666667 0.33958333333333335 0.6770833333333334 0.33958333333333335 0.6895833333333333 0.32708333333333334 0.69375 0.3229166666666667 0.6979166666666666 0.3145833333333333 0.6979166666666666 0.29791666666666666 0.6895833333333333 0.28125 0.6854166666666667 0.27708333333333335 0.65625 0.2625
0 0.8875 0.45 0.8833333333333333 0.45208333333333334 0.875 0.4583333333333333 0.8666666666666667 0.46458333333333335 0.8625 0.4791666666666667 0.8625 0.4895833333333333 0.8645833333333334 0.49375 0.86875 0.5 0.8729166666666667 0.50625 0.8770833333333333 0.5125 0.8854166666666666 0.5166666666666667 0.8979166666666667 0.51875 0.9020833333333333 0.51875 0.9208333333333333 0.5 0.9229166666666667 0.48541666666666666 0.9229166666666667 0.47291666666666665 0.91875 0.4666666666666667 0.9125 0.4583333333333333 0.9083333333333333 0.45416666666666666 0.9020833333333333 0.45208333333333334 0.8916666666666667 0.45
0 0.5541666666666667 0.21666666666666667 0.5375 0.225 0.5291666666666667 0.23333333333333334 0.5229166666666667 0.24166666666666667 0.5208333333333334 0.24791666666666667 0.51875 0.25625 0.5166666666666667 0.26666666666666666 0.5145833333333333 0.275 0.5145833333333333 0.28125 0.5166666666666667 0.2875 0.51875 0.29375 0.5208333333333334 0.3 0.5229166666666667 0.30416666666666664 0.5333333333333333 0.3145833333333333 0.55 0.3229166666666667 0.5770833333333333 0.3229166666666667 0.5833333333333334 0.32083333333333336 0.5916666666666667 0.31666666666666665 0.6 0.3104166666666667 0.60625 0.30416666666666664 0.6083333333333333 0.29583333333333334 0.6083333333333333 0.2875 0.6166666666666667 0.27291666666666664 0.6166666666666667 0.25416666666666665 0.6145833333333334 0.25 0.6083333333333333 0.24166666666666667 0.6041666666666666 0.23541666666666666 0.5979166666666667 0.22916666666666666 0.5916666666666667 0.22291666666666668 0.5875 0.22291666666666668 0.58125 0.21875 0.575 0.21666666666666667
0 0.9729166666666667 0.44583333333333336 0.9666666666666667 0.45 0.95625 0.4583333333333333 0.9479166666666666 0.46458333333333335 0.94375 0.46875 0.9416666666666667 0.47291666666666665 0.9395833333333333 0.48125 0.9375 0.4895833333333333 0.9375 0.49583333333333335 0.9395833333333333 0.5020833333333333 0.9416666666666667 0.50625 0.95 0.5166666666666667 0.9604166666666667 0.5270833333333333 0.9729166666666667 0.5333333333333333 0.9833333333333333 0.5354166666666667 0.99375 0.5354166666666667 0.9979166666666667 0.5333333333333333 0.9979166666666667 0.44583333333333336
0 0.17747916666666666 0 0.17450000000000002 0.004479166666666667 0.16783333333333333 0.010624999999999999 0.16066666666666668 0.01627083333333333 0.15350000000000003 0.020354166666666666 0.1453125 0.022416666666666665 0.137125 0.022916666666666665 0.12891666666666668 0.022916666666666665 0.12020833333333333 0.022916666666666665 0.11202083333333333 0.01933333333333333 0.105375 0.015250000000000001 0.10127083333333334 0.0075625 0.0999375 0