0 0 0.825 0 0.9270833333333334 0.00625 0.9270833333333334 0.022916666666666665 0.9166666666666666 0.0375 0.9 0.04583333333333333 0.8729166666666667 0.03125 0.8416666666666667 0.014583333333333334 0.8270833333333333
0 0.3875 0.9416666666666667 0.38333333333333336 0.94375 0.3770833333333333 0.9479166666666666 0.37083333333333335 0.9520833333333333 0.36666666666666664 0.95625 0.36041666666666666 0.9625 0.35833333333333334 0.9708333333333333 0.35625 0.9791666666666666 0.35625 0.9833333333333333 0.35833333333333334 0.9916666666666667 0.36041666666666666 0.9979166666666667 0.41875 0.9979166666666667 0.42916666666666664 0.9875 0.43125 0.9791666666666666 0.43125 0.9708333333333333 0.42916666666666664 0.9666666666666667 0.42291666666666666 0.9583333333333334 0.4166666666666667 0.95 0.4125 0.9458333333333333 0.4041666666666667 0.9416666666666667
0 0 0.6916666666666667 0 0.7666666666666667 0.016666666666666666 0.7666666666666667 0.025 0.7625 0.029166666666666667 0.7583333333333333 0.03333333333333333 0.7520833333333333 0.03333333333333333 0.7229166666666667 0.029166666666666667 0.7166666666666667 0.029166666666666667 0.7125 0.004166666666666667 0.69375
0 0.14375 0.5916666666666667 0.1375 0.5958333333333333 0.12916666666666668 0.6020833333333333 0.125 0.60625 0.125 0.6395833333333333 0.12708333333333333 0.64375 0.13125 0.65 0.13541666666666666 0.6541666666666667 0.1375 0.6604166666666667 0.14166666666666666 0.6666666666666666 0.14583333333333334 0.6708333333333333 0.15625 0.6791666666666667 0.16666666666666666 0.6791666666666667 0.17708333333333334 0.6770833333333334 0.18541666666666667 0.6708333333333333 0.19375 0.6625 0.19791666666666666 0.6541666666666667 0.19791666666666666 0.6416666666666667 0.19583333333333333 0.6291666666666667 0.19375 0.625 0.1875 0.6166666666666667 0.18125 0.6083333333333333 0.175 0.6 0.17083333333333334 0.5958333333333333 0.1625 0.59375 0.15 0.5916666666666667
0 0.13333333333333333 0.5145833333333333 0.12083333333333333 0.51875 0.11666666666666667 0.525 0.1125 0.53125 0.11041666666666666 0.5354166666666667 0.11041666666666666 0.5416666666666666 0.1125 0.5541666666666667 0.11666666666666667 0.5645833333333333 0.12291666666666666 0.5666666666666667 0.12916666666666668 0.5708333333333333 0.13333333333333333 0.56875 0.1375 0.5666666666666667 0.14166666666666666 0.5625 0.15208333333333332 0.5541666666666667 0.15416666666666667 0.5479166666666667 0.15625 0.5416666666666666 0.15625 0.5354166666666667 0.15416666666666667 0.5270833333333333 0.15208333333333332 0.5229166666666667 0.14791666666666667 0.51875 0.14166666666666666 0.5145833333333333
0 0 0.9333333333333333 0 0.9979166666666667 0.029166666666666667 0.9979166666666667 0.03958333333333333 0.9770833333333333 0.0375 0.95625 0.022916666666666665 0.9395833333333333
0 0.2833333333333333 0.8 0.2708333333333333 0.7958333333333333 0.22291666666666668 0.8 0.18958333333333333 0.8333333333333334 0.1875 0.8479166666666667 0.19791666666666666 0.8791666666666667 0.22708333333333333 0.89375 0.25 0.89375 0.28125 0.8833333333333333 0.29583333333333334 0.86875 0.3 0.8520833333333333 0.29791666666666666 0.81875
0 0.19375 0.7604166666666666 0.17083333333333334 0.7666666666666667 0.15833333333333333 0.7875 0.16041666666666668 0.8104166666666667 0.18125 0.8341666666666666 0.19291666666666665 0.8279166666666666 0.21875 0.8020833333333334 0.20625 0.76875
0 0.32708333333333334 0.07916666666666666 0.29583333333333334 0.10208333333333333 0.2916666666666667 0.11041666666666666 0.2916666666666667 0.13333333333333333 0.3104166666666667 0.17083333333333334 0.3229166666666667 0.17708333333333334 0.3416666666666667 0.17708333333333334 0.36875 0.16666666666666666 0.38333333333333336 0.15208333333333332 0.3875 0.11666666666666667 0.38125 0.10208333333333333 0.3645833333333333 0.08541666666666667 0.35 0.07916666666666666
0 0.26875 0.016666666666666666 0.25625 0.020833333333333332 0.24166666666666667 0.0375 0.2375 0.04791666666666667 0.23958333333333334 0.07291666666666667 0.25833333333333336 0.09791666666666667 0.2833333333333333 0.10833333333333334 0.2920833333333333 0.10354166666666667 0.31666666666666665 0.08541666666666667 0.3229166666666667 0.06875 0.31875 0.05 0.30625 0.03125 0.2916666666666667 0.020833333333333332
0 0.08333333333333333 0.035416666666666666 0.058333333333333334 0.03125 0.022916666666666665 0.052083333333333336 0.014583333333333334 0.06666666666666667 0.010416666666666666 0.0875 0.025 0.10833333333333334 0.041666666666666664 0.11041666666666666 0.06041666666666667 0.10625 0.07916666666666666 0.09166666666666666 0.09166666666666666 0.06875 0.09166666666666666 0.04791666666666667
0 0.009583333333333333 0.08958333333333333 0 0.08958333333333333 0 0.16624999999999998 0.01875 0.14208333333333334 0.022916666666666665 0.125 0.022916666666666665 0.10833333333333334