0 0.2833333333333333 0 0.2875 0.01875 0.3020833333333333 0.0375 0.3145833333333333 0.04375 0.3416666666666667 0.04375 0.3645833333333333 0.025 0.375 0
0 0.26875 0.6416666666666667 0.24791666666666667 0.6520833333333333 0.2375 0.6708333333333333 0.23958333333333334 0.6979166666666666 0.25833333333333336 0.7229166666666667 0.275 0.73125 0.2939583333333333 0.7327083333333333 0.32083333333333336 0.7041666666666667 0.32083333333333336 0.68125 0.29791666666666666 0.65
0 0.35625 0.70625 0.3229166666666667 0.70625 0.29375 0.7354166666666667 0.2916666666666667 0.7583333333333333 0.3020833333333333 0.7833333333333333 0.31666666666666665 0.8 0.3375 0.8020833333333334 0.3541666666666667 0.7979166666666667 0.3729166666666667 0.7875 0.38333333333333336 0.775 0.3875 0.7541666666666667 0.3854166666666667 0.7354166666666667
0 0.725 0.34375 0.7083333333333334 0.35625 0.7 0.38333333333333336 0.7083333333333334 0.40208333333333335 0.7229166666666667 0.4166666666666667 0.7479166666666667 0.4166666666666667 0.76875 0.4 0.7770833333333333 0.3854166666666667 0.7770833333333333 0.37083333333333335 0.7708333333333334 0.3541666666666667 0.7358333333333333 0.3425
0 0.7479166666666667 0.29375 0.7291666666666666 0.30833333333333335 0.725 0.32083333333333336 0.7270833333333333 0.33875 0.7670833333333333 0.35125 0.7854166666666667 0.33541666666666664 0.7916666666666666 0.31666666666666665 0.7770833333333333 0.29791666666666666
0 0 0.38958333333333334 0 0.4791666666666667 0.008333333333333333 0.4791666666666667 0.014583333333333334 0.475 0.027083333333333334 0.46458333333333335 0.03125 0.46041666666666664 0.03125 0.44583333333333336 0.027083333333333334 0.44166666666666665 0.025 0.43333333333333335 0.022916666666666665 0.4166666666666667 0.022916666666666665 0.41041666666666665 0.027083333333333334 0.40625 0.025 0.4 0.01875 0.3958333333333333 0.0125 0.39166666666666666 0.008333333333333333 0.38958333333333334
0 0.05625 0.3854166666666667 0.03958333333333333 0.39375 0.03125 0.40208333333333335 0.025 0.41041666666666665 0.025 0.4166666666666667 0.027083333333333334 0.43333333333333335 0.029166666666666667 0.44166666666666665 0.03333333333333333 0.4479166666666667 0.03958333333333333 0.45416666666666666 0.05 0.45625 0.058333333333333334 0.45625 0.06666666666666667 0.45416666666666666 0.07291666666666667 0.45208333333333334 0.08125 0.44375 0.08125 0.4375 0.09375 0.41458333333333336 0.09375 0.41041666666666665 0.08333333333333333 0.3958333333333333 0.07916666666666666 0.39166666666666666 0.07291666666666667 0.3875 0.06875 0.3854166666666667
0 0.1125 0.4041666666666667 0.10833333333333334 0.40625 0.10208333333333333 0.41041666666666665 0.09791666666666667 0.41458333333333336 0.08333333333333333 0.4375 0.08333333333333333 0.4583333333333333 0.0875 0.46458333333333335 0.09583333333333334 0.475 0.1 0.4791666666666667 0.1125 0.48541666666666666 0.12916666666666668 0.48541666666666666 0.14166666666666666 0.4791666666666667 0.14583333333333334 0.475 0.16041666666666668 0.4583333333333333 0.16041666666666668 0.4354166666666667 0.15833333333333333 0.43125 0.15208333333333332 0.42291666666666666 0.14583333333333334 0.41458333333333336 0.14166666666666666 0.41041666666666665 0.1375 0.41041666666666665 0.12916666666666668 0.4083333333333333 0.12708333333333333 0.40625 0.11666666666666667 0.4041666666666667
0 0 0.14166666666666666 0 0.22916666666666666 0.008333333333333333 0.22916666666666666 0.014583333333333334 0.225 0.025 0.21666666666666667 0.03125 0.21041666666666667 0.0375 0.19791666666666666 0.03958333333333333 0.18541666666666667 0.03958333333333333 0.17291666666666666 0.0375 0.16458333333333333 0.035416666666666666 0.16041666666666668 0.029166666666666667 0.15208333333333332 0.025 0.14791666666666667 0.020833333333333332 0.14583333333333334 0.0125 0.14375 0.004166666666666667 0.14166666666666666
0 0.16875 0.29375 0.15208333333333332 0.29583333333333334 0.13958333333333334 0.30625 0.12916666666666668 0.31666666666666665 0.12291666666666666 0.32916666666666666 0.12291666666666666 0.3541666666666667 0.125 0.35833333333333334 0.13125 0.36666666666666664 0.13541666666666666 0.37083333333333335 0.14375 0.375 0.15833333333333333 0.375 0.175 0.3729166666666667 0.1875 0.3625 0.2 0.35 0.20208333333333334 0.3458333333333333 0.20416666666666666 0.33958333333333335 0.20416666666666666 0.32916666666666666 0.20208333333333334 0.3145833333333333 0.19791666666666666 0.30625 0.19375 0.3020833333333333 0.18541666666666667 0.29583333333333334 0.18125 0.29375
0 0 0 0 0.016666666666666666 0.016666666666666666 0.01875 0.03125 0.01875 0.04791666666666667 0.004166666666666667 0.05 0
0 0.11666666666666667 0.09166666666666666 0.1125 0.09375 0.10416666666666667 0.1 0.09791666666666667 0.10416666666666667 0.09375 0.1125 0.09166666666666666 0.12291666666666666 0.08958333333333333 0.13333333333333333 0.08958333333333333 0.1375 0.1 0.15833333333333333 0.10833333333333334 0.1625 0.11875 0.16458333333333333 0.12916666666666668 0.16666666666666666 0.13541666666666666 0.16666666666666666 0.15208333333333332 0.15833333333333333 0.15625 0.15416666666666667 0.15833333333333333 0.14791666666666667 0.1625 0.14375 0.16666666666666666 0.13541666666666666 0.16666666666666666 0.1125 0.1625 0.10416666666666667 0.15833333333333333 0.1 0.15208333333333332 0.09583333333333334 0.14791666666666667 0.09375 0.13125 0.09166666666666666
0 0.05416666666666667 0.6541666666666667 0.0375 0.6625 0.014583333333333334 0.6854166666666667 0.0125 0.6895833333333333 0.010416666666666666 0.6958333333333333 0.008333333333333333 0.7041666666666667 0.00625 0.7104166666666667 0.016666666666666666 0.7166666666666667 0.029166666666666667 0.7291666666666666 0.03125 0.7354166666666667 0.03958333333333333 0.7375 0.05416666666666667 0.7354166666666667 0.0625 0.7333333333333333 0.075 0.7229166666666667 0.08541666666666667 0.7125 0.0875 0.7083333333333334 0.08958333333333333 0.7 0.09166666666666666 0.6916666666666667 0.09375 0.6833333333333333 0.09375 0.6770833333333334 0.08541666666666667 0.6604166666666667 0.075 0.65625 0.06041666666666667 0.6541666666666667
0 0 0.7125 0 0.7833333333333333 0.004166666666666667 0.78125 0.0125 0.775 0.016666666666666666 0.7708333333333334 0.020833333333333332 0.7625 0.020833333333333332 0.7583333333333333 0.025 0.7520833333333333 0.025 0.7479166666666667 0.029166666666666667 0.7416666666666667 0.029166666666666667 0.7375 0.022916666666666665 0.725 0.016666666666666666 0.71875 0.008333333333333333 0.7125
0 0.3125 0.04583333333333333 0.28958333333333336 0.075 0.28958333333333336 0.09166666666666666 0.30625 0.11666666666666667 0.33958333333333335 0.125 0.35833333333333334 0.11458333333333333 0.375 0.09583333333333334 0.375 0.06666666666666667 0.34791666666666665 0.04583333333333333