0 0.33389583333333334 1 0.3413333333333333 0.9955416666666667 0.3501458333333333 0.9929583333333334 0.3605 0.9924375 0.36983333333333335 0.9924375 0.3782916666666667 1
0 0.17708333333333334 0.5333333333333333 0.16875 0.5354166666666667 0.16041666666666668 0.5375 0.15416666666666667 0.5395833333333333 0.14791666666666667 0.5458333333333333 0.14166666666666666 0.5541666666666667 0.1375 0.5625 0.13541666666666666 0.56875 0.13541666666666666 0.5770833333333333 0.1375 0.59375 0.13958333333333334 0.6020833333333333 0.14791666666666667 0.6104166666666667 0.15833333333333333 0.61875 0.18333333333333332 0.61875 0.1875 0.6166666666666667 0.19375 0.6104166666666667 0.2 0.6020833333333333 0.20625 0.59375 0.20833333333333334 0.5895833333333333 0.20833333333333334 0.575 0.20625 0.55625 0.20208333333333334 0.5479166666666667 0.19791666666666666 0.54375 0.19166666666666668 0.5395833333333333 0.18541666666666667 0.5354166666666667 0.18125 0.5333333333333333
0 0.4583333333333333 0.10833333333333334 0.4395833333333333 0.12708333333333333 0.4375 0.13125 0.4354166666666667 0.1375 0.4354166666666667 0.14166666666666666 0.4354166666666667 0.15 0.4395833333333333 0.15625 0.44375 0.1625 0.46041666666666664 0.16666666666666666 0.47291666666666665 0.16666666666666666 0.48541666666666666 0.15416666666666667 0.4875 0.14375 0.4875 0.13125 0.4791666666666667 0.11458333333333333 0.4708333333333333 0.11041666666666666 0.4625 0.10833333333333334
0 0.6145833333333334 0.08541666666666667 0.5895833333333333 0.09791666666666667 0.5854166666666667 0.10208333333333333 0.5770833333333333 0.11875 0.575 0.12916666666666668 0.575 0.14166666666666666 0.5770833333333333 0.14791666666666667 0.58125 0.15625 0.5875 0.1625 0.5958333333333333 0.16875 0.6020833333333333 0.17083333333333334 0.6145833333333334 0.17291666666666666 0.6270833333333333 0.175 0.6333333333333333 0.175 0.65 0.16666666666666666 0.6604166666666667 0.15625 0.6625 0.14791666666666667 0.6645833333333333 0.13541666666666666 0.6645833333333333 0.125 0.6625 0.11666666666666667 0.6583333333333333 0.10833333333333334 0.6520833333333333 0.1 0.6479166666666667 0.09583333333333334 0.63125 0.0875 0.6229166666666667 0.08541666666666667
0 0.7333333333333333 0 0.7354166666666667 0.004166666666666667 0.7354166666666667 0.008333333333333333 0.7375 0.014583333333333334 0.7395833333333334 0.01875 0.74375 0.025 0.75 0.03125 0.7666666666666667 0.03958333333333333 0.7916666666666666 0.03958333333333333 0.8083333333333333 0.03125 0.8270833333333333 0.0125 0.8291666666666667 0.008333333333333333 0.8291666666666667 0.004166666666666667 0.83125 0
0 0.9479166666666666 0.8333333333333334 0.9416666666666667 0.8375 0.9375 0.8375 0.9270833333333334 0.84375 0.9229166666666667 0.84375 0.9125 0.8520833333333333 0.90625 0.8583333333333333 0.9020833333333333 0.8645833333333334 0.9 0.86875 0.9 0.8875 0.9291666666666667 0.9125 0.95625 0.9125 0.9625 0.9083333333333333 0.9666666666666667 0.9083333333333333 0.9729166666666667 0.90625 0.98125 0.9020833333333333 0.9854166666666667 0.8979166666666667 0.9916666666666667 0.8895833333333333 0.9958333333333333 0.8833333333333333 0.9958333333333333 0.8666666666666667 0.9625 0.8333333333333334
0 0.83125 0.7645833333333333 0.8270833333333333 0.7666666666666667 0.8208333333333333 0.7729166666666667 0.8145833333333333 0.7770833333333333 0.8083333333333333 0.7833333333333333 0.80625 0.7895833333333333 0.80625 0.8 0.8083333333333333 0.8104166666666667 0.8166666666666667 0.81875 0.8291666666666667 0.8291666666666667 0.84375 0.83125 0.8541666666666666 0.83125 0.8604166666666667 0.8270833333333333 0.86875 0.8208333333333333 0.8729166666666667 0.8166666666666667 0.8729166666666667 0.8020833333333334 0.8708333333333333 0.7854166666666667 0.86875 0.78125 0.8625 0.7729166666666667 0.8541666666666666 0.76875 0.8458333333333333 0.7666666666666667 0.8354166666666667 0.7645833333333333
0 0.45416666666666666 0.8354166666666667 0.4395833333333333 0.8375 0.4354166666666667 0.8416666666666667 0.43125 0.84375 0.43333333333333335 0.8541666666666666 0.43125 0.8708333333333333 0.42916666666666664 0.8791666666666667 0.42916666666666664 0.8854166666666666 0.4354166666666667 0.8895833333333333 0.44166666666666665 0.8916666666666667 0.44583333333333336 0.8958333333333334 0.45 0.8979166666666667 0.45625 0.9 0.4625 0.9 0.46875 0.8979166666666667 0.47708333333333336 0.89375 0.4875 0.8833333333333333 0.4895833333333333 0.8791666666666667 0.49166666666666664 0.8729166666666667 0.49166666666666664 0.8666666666666667 0.4895833333333333 0.8541666666666666 0.48541666666666666 0.8458333333333333 0.46458333333333335 0.8354166666666667
0 0.36875 0.8041666666666667 0.34375 0.8166666666666667 0.3375 0.8229166666666666 0.3333333333333333 0.8291666666666667 0.33125 0.8333333333333334 0.32916666666666666 0.8395833333333333 0.32708333333333334 0.8458333333333333 0.32708333333333334 0.8708333333333333 0.33541666666666664 0.8875 0.3416666666666667 0.8958333333333334 0.35 0.9041666666666667 0.36666666666666664 0.9125 0.39375 0.9125 0.40208333333333335 0.9083333333333333 0.4083333333333333 0.9020833333333333 0.42083333333333334 0.8875 0.4270833333333333 0.8791666666666667 0.42916666666666664 0.8708333333333333 0.43125 0.8541666666666666 0.43125 0.8458333333333333 0.42083333333333334 0.825 0.40625 0.8104166666666667 0.39791666666666664 0.80625 0.39166666666666666 0.8041666666666667
0 0.09375 0 0.06458333333333334 0.029166666666666667 0.06458333333333334 0.058333333333333334 0.09583333333333334 0.08958333333333333 0.10208333333333333 0.08958333333333333 0.11666666666666667 0.0875 0.125 0.08541666666666667 0.13333333333333333 0.07916666666666666 0.15 0.06458333333333334 0.15833333333333333 0.05625 0.15833333333333333 0.022916666666666665 0.14583333333333334 0.010416666666666666 0.13333333333333333 0
0 0.1875 0.008333333333333333 0.17916666666666667 0.0125 0.17291666666666666 0.016666666666666666 0.16875 0.020833333333333332 0.1625 0.022916666666666665 0.16041666666666668 0.04583333333333333 0.1625 0.05 0.16875 0.058333333333333334 0.175 0.058333333333333334 0.17916666666666667 0.058333333333333334 0.19166666666666668 0.06041666666666667 0.20208333333333334 0.0625 0.20416666666666666 0.06458333333333334 0.21041666666666667 0.06458333333333334 0.21666666666666667 0.058333333333333334 0.21875 0.05 0.22083333333333333 0.03333333333333333 0.22083333333333333 0.025 0.21875 0.020833333333333332 0.21458333333333332 0.014583333333333334 0.20625 0.010416666666666666 0.19375 0.008333333333333333
0 0.175 0.06041666666666667 0.1625 0.06666666666666667 0.15208333333333332 0.07708333333333334 0.14375 0.0875 0.14166666666666666 0.09583333333333334 0.13958333333333334 0.1125 0.13958333333333334 0.12083333333333333 0.14375 0.12708333333333333 0.15 0.13541666666666666 0.15625 0.14375 0.16041666666666668 0.14791666666666667 0.16666666666666666 0.15 0.17708333333333334 0.15208333333333332 0.1875 0.15416666666666667 0.19166666666666668 0.15416666666666667 0.21666666666666667 0.14166666666666666 0.22083333333333333 0.1375 0.22916666666666666 0.12083333333333333 0.22916666666666666 0.1 0.225 0.09166666666666666 0.22083333333333333 0.08541666666666667 0.21666666666666667 0.08125 0.21458333333333332 0.075 0.21041666666666667 0.06875 0.20208333333333334 0.06458333333333334 0.19166666666666668 0.0625 0.17916666666666667 0.06041666666666667
0 0.25 0.1125 0.24375 0.11666666666666667 0.23541666666666666 0.12291666666666666 0.23125 0.12708333333333333 0.22916666666666666 0.13958333333333334 0.22916666666666666 0.15 0.23333333333333334 0.15625 0.23958333333333334 0.16458333333333333 0.24375 0.16875 0.25416666666666665 0.17083333333333334 0.2604166666666667 0.17083333333333334 0.26875 0.16458333333333333 0.27708333333333335 0.15625 0.2791666666666667 0.15 0.28125 0.1375 0.28125 0.13125 0.27708333333333335 0.125 0.27708333333333335 0.12083333333333333 0.275 0.11666666666666667 0.27291666666666664 0.1125
0 0.19791666666666666 0.4354166666666667 0.18333333333333332 0.4375 0.175 0.4395833333333333 0.15833333333333333 0.45625 0.15625 0.46041666666666664 0.15416666666666667 0.46875 0.15416666666666667 0.48333333333333334 0.15625 0.49375 0.16458333333333333 0.5020833333333333 0.175 0.5104166666666666 0.17916666666666667 0.5104166666666666 0.1875 0.5083333333333333 0.19583333333333333 0.50625 0.20208333333333334 0.5 0.20625 0.49583333333333335 0.21041666666666667 0.4895833333333333 0.2125 0.48333333333333334 0.21666666666666667 0.4791666666666667 0.21875 0.475 0.22083333333333333 0.4666666666666667 0.22083333333333333 0.45625 0.21875 0.45 0.21666666666666667 0.44583333333333336 0.21041666666666667 0.4395833333333333 0.20416666666666666 0.4354166666666667