0 0.5479166666666667 0.8354166666666667 0.5395833333333333 0.8395833333333333 0.5354166666666667 0.84375 0.5291666666666667 0.8458333333333333 0.525 0.85 0.5208333333333334 0.8583333333333333 0.51875 0.875 0.51875 0.8895833333333333 0.5208333333333334 0.8958333333333334 0.525 0.9041666666666667 0.5375 0.9166666666666666 0.55 0.91875 0.5583333333333333 0.91875 0.5625 0.9166666666666666 0.5708333333333333 0.9104166666666667 0.5791666666666667 0.9041666666666667 0.5875 0.8979166666666667 0.5916666666666667 0.8875 0.59375 0.8708333333333333 0.59375 0.8645833333333334 0.5916666666666667 0.8604166666666667 0.5854166666666667 0.8520833333333333 0.5791666666666667 0.8458333333333333 0.5645833333333333 0.8354166666666667
0 0.4 0.6291666666666667 0.39166666666666666 0.6333333333333333 0.38333333333333336 0.6416666666666667 0.37083333333333335 0.65625 0.36041666666666666 0.66875 0.3541666666666667 0.6770833333333334 0.35208333333333336 0.6875 0.35208333333333336 0.6958333333333333 0.3645833333333333 0.7104166666666667 0.3770833333333333 0.7229166666666667 0.38958333333333334 0.725 0.4 0.725 0.40625 0.7208333333333333 0.41041666666666665 0.7208333333333333 0.41458333333333336 0.71875 0.41875 0.7166666666666667 0.42083333333333334 0.7104166666666667 0.4270833333333333 0.6979166666666666 0.43125 0.69375 0.4375 0.6791666666666667 0.4375 0.6729166666666667 0.4375 0.6666666666666666 0.43125 0.6541666666666667 0.4270833333333333 0.6479166666666667 0.42291666666666666 0.64375 0.42083333333333334 0.6375 0.4166666666666667 0.63125
0 0 0.9166666666666666 0 0.9979166666666667 0.010416666666666666 0.9958333333333333 0.016666666666666666 0.9875 0.022916666666666665 0.9791666666666666 0.025 0.975 0.027083333333333334 0.9604166666666667 0.027083333333333334 0.9458333333333333 0.01875 0.9291666666666667 0.00625 0.9166666666666666
0 0.14791666666666667 0.09583333333333334 0.13541666666666666 0.09791666666666667 0.125 0.10208333333333333 0.11875 0.11458333333333333 0.11875 0.12083333333333333 0.12083333333333333 0.13333333333333333 0.12291666666666666 0.13958333333333334 0.12708333333333333 0.14375 0.13333333333333333 0.14791666666666667 0.14583333333333334 0.14791666666666667 0.16041666666666668 0.14583333333333334 0.16458333333333333 0.14166666666666666 0.17083333333333334 0.13333333333333333 0.17291666666666666 0.12916666666666668 0.17291666666666666 0.125 0.17083333333333334 0.1125 0.16666666666666666 0.10416666666666667 0.16041666666666668 0.1 0.15208333333333332 0.09583333333333334
0 0.07708333333333334 0 0.07916666666666666 0.004166666666666667 0.1 0.01875 0.11458333333333333 0.01875 0.12916666666666668 0.016666666666666666 0.13333333333333333 0.014583333333333334 0.14166666666666666 0.008333333333333333 0.14583333333333334 0.004166666666666667 0.14583333333333334 0
0 0.08333333333333333 0.0375 0.07916666666666666 0.0375 0.07083333333333333 0.03958333333333333 0.05625 0.06041666666666667 0.05625 0.09166666666666666 0.07083333333333333 0.10625 0.08125 0.10625 0.09375 0.10416666666666667 0.09791666666666667 0.10208333333333333 0.10625 0.09583333333333334 0.11458333333333333 0.08958333333333333 0.11666666666666667 0.08125 0.11458333333333333 0.06666666666666667 0.1125 0.058333333333333334 0.1 0.04583333333333333 0.0875 0.035416666666666666
0 0.4395833333333333 0.7583333333333333 0.4270833333333333 0.7791666666666667 0.42916666666666664 0.8 0.4395833333333333 0.8125 0.46041666666666664 0.8229166666666666 0.48166666666666663 0.8279166666666666 0.5147916666666666 0.8083333333333333 0.5079166666666667 0.7808333333333334 0.48333333333333334 0.7541666666666667
0 0.4979166666666667 0.6145833333333334 0.47229166666666667 0.6347916666666666 0.46875 0.6697916666666667 0.4810416666666667 0.6766666666666666 0.49875 0.6943750000000001 0.5083333333333333 0.69375 0.53125 0.68125 0.5375 0.6729166666666667 0.5395833333333333 0.6416666666666667 0.5166666666666667 0.61875
0 0.4708333333333333 0.6729166666666667 0.4395833333333333 0.6791666666666667 0.42291666666666666 0.7104166666666667 0.42083333333333334 0.7270833333333333 0.4270833333333333 0.7416666666666667 0.4395833333333333 0.7541666666666667 0.48125 0.75 0.49375 0.7375 0.4979166666666667 0.6979166666666666 0.48333333333333334 0.6791666666666667
0 0.9125 0.61875 0.9 0.625 0.89375 0.63125 0.8895833333333333 0.6375 0.8875 0.64375 0.8854166666666666 0.65625 0.8854166666666666 0.6645833333333333 0.89375 0.68125 0.9 0.6875 0.9083333333333333 0.69375 0.9125 0.6958333333333333 0.9166666666666666 0.6958333333333333 0.9229166666666667 0.7 0.9479166666666666 0.7 0.9604166666666667 0.69375 0.9729166666666667 0.68125 0.975 0.675 0.9770833333333333 0.6666666666666666 0.9791666666666666 0.65625 0.9791666666666666 0.6520833333333333 0.9770833333333333 0.6479166666666667 0.9729166666666667 0.64375 0.9708333333333333 0.6375 0.9666666666666667 0.6333333333333333 0.94375 0.61875
0 0.8625 0.5125 0.8541666666666666 0.51875 0.8479166666666667 0.525 0.8479166666666667 0.55 0.85625 0.5666666666666667 0.8604166666666667 0.5708333333333333 0.8645833333333334 0.5729166666666666 0.88125 0.5729166666666666 0.8895833333333333 0.5666666666666667 0.8958333333333334 0.5604166666666667 0.8979166666666667 0.5541666666666667 0.9 0.5458333333333333 0.9020833333333333 0.5375 0.9020833333333333 0.5333333333333333 0.8958333333333334 0.525 0.8875 0.5166666666666667 0.88125 0.5145833333333333 0.86875 0.5125
0 0.7833333333333333 0.2 0.7708333333333334 0.20625 0.7604166666666666 0.21458333333333332 0.7520833333333333 0.22291666666666668 0.7458333333333333 0.23541666666666666 0.74375 0.25 0.74375 0.2625 0.7458333333333333 0.2708333333333333 0.7479166666666667 0.275 0.76875 0.29583333333333334 0.775 0.29791666666666666 0.7833333333333333 0.3 0.7895833333333333 0.3 0.8020833333333334 0.29791666666666666 0.8083333333333333 0.29583333333333334 0.8145833333333333 0.2916666666666667 0.8229166666666666 0.28541666666666665 0.8291666666666667 0.2791666666666667 0.8375 0.2625 0.8395833333333333 0.24791666666666667 0.8395833333333333 0.23333333333333334 0.8375 0.22708333333333333 0.8333333333333334 0.21875 0.8208333333333333 0.20625 0.8125 0.20208333333333334 0.80625 0.2
0 0.9729166666666667 0.9875 0.9645833333333333 0.9895833333333334 0.9604166666666667 0.9916666666666667 0.9520833333333333 0.9979166666666667 0.9916666666666667 0.9979166666666667 0.9875 0.9958333333333333 0.98125 0.9895833333333334 0.9770833333333333 0.9875