0 0.00625 0.3416666666666667 0 0.3416666666666667 0 0.3854166666666667 0.014583333333333334 0.37083333333333335 0.014583333333333334 0.35
0 0.035416666666666666 0.32708333333333334 0.015416666666666667 0.35 0.016666666666666666 0.3729166666666667 0.03125 0.39166666666666666 0.05 0.39791666666666664 0.07291666666666667 0.36875 0.075 0.34375 0.058333333333333334 0.32708333333333334
0 0.31979166666666664 0.14979166666666668 0.294375 0.16333333333333336 0.28958333333333336 0.17708333333333334 0.3 0.19583333333333333 0.31666666666666665 0.19791666666666666 0.3333333333333333 0.1875 0.3375 0.17083333333333334
0 0.3104166666666667 0.05625 0.28958333333333336 0.05416666666666667 0.22291666666666668 0.09583333333333334 0.21875 0.10416666666666667 0.21875 0.12916666666666668 0.2275 0.14208333333333334 0.26375 0.15833333333333333 0.28979166666666667 0.16541666666666668 0.31666666666666665 0.14583333333333334 0.32916666666666666 0.12083333333333333 0.3333333333333333 0.08333333333333333 0.32708333333333334 0.06875
0 0.26875 0.325 0.25625 0.33125 0.24791666666666667 0.3375 0.23958333333333334 0.3458333333333333 0.22708333333333333 0.37083333333333335 0.225 0.37916666666666665 0.225 0.39166666666666666 0.22708333333333333 0.4041666666666667 0.23125 0.4125 0.2375 0.41875 0.24583333333333332 0.425 0.2520833333333333 0.42916666666666664 0.2625 0.43125 0.2708333333333333 0.43125 0.2791666666666667 0.42916666666666664 0.28541666666666665 0.4270833333333333 0.28958333333333336 0.425 0.3 0.4166666666666667 0.3104166666666667 0.40625 0.31666666666666665 0.39375 0.31875 0.3875 0.32083333333333336 0.37916666666666665 0.32083333333333336 0.36666666666666664 0.31875 0.3541666666666667 0.2916666666666667 0.32708333333333334 0.28125 0.325
0 0.0375 0.14791666666666667 0.03125 0.15208333333333332 0.027083333333333334 0.15208333333333332 0.022916666666666665 0.15416666666666667 0.014583333333333334 0.1625 0.0125 0.16875 0.010416666666666666 0.17916666666666667 0.008333333333333333 0.19166666666666668 0.008333333333333333 0.19791666666666666 0.010416666666666666 0.20625 0.0125 0.21041666666666667 0.020833333333333332 0.21875 0.0375 0.22708333333333333 0.04791666666666667 0.22916666666666666 0.05416666666666667 0.22916666666666666 0.06041666666666667 0.225 0.06875 0.21875 0.07291666666666667 0.21458333333333332 0.07708333333333334 0.20625 0.07708333333333334 0.20208333333333334 0.08125 0.19583333333333333 0.08125 0.175 0.07916666666666666 0.17083333333333334 0.075 0.16458333333333333 0.07083333333333333 0.16041666666666668 0.06458333333333334 0.15416666666666667 0.05625 0.15208333333333332 0.05 0.15 0.041666666666666664 0.14791666666666667
0 0.0625 0.4979166666666667 0.05416666666666667 0.5 0.04583333333333333 0.5041666666666667 0.041666666666666664 0.5145833333333333 0.0375 0.51875 0.03125 0.53125 0.03125 0.5458333333333333 0.035416666666666666 0.5541666666666667 0.03958333333333333 0.5583333333333333 0.04791666666666667 0.5645833333333333 0.05416666666666667 0.56875 0.075 0.56875 0.08333333333333333 0.5625 0.09166666666666666 0.5541666666666667 0.09791666666666667 0.5416666666666666 0.09791666666666667 0.5354166666666667 0.09583333333333334 0.5229166666666667 0.09375 0.5145833333333333 0.0875 0.5083333333333333 0.07916666666666666 0.5020833333333333 0.075 0.5 0.06875 0.4979166666666667
0 0 0.6083333333333333 0 0.6770833333333334 0.010416666666666666 0.6791666666666667 0.014583333333333334 0.6770833333333334 0.01875 0.675 0.022916666666666665 0.6708333333333333 0.035416666666666666 0.6583333333333333 0.0375 0.6520833333333333 0.0375 0.6270833333333333 0.03125 0.61875 0.022916666666666665 0.6104166666666667 0.010416666666666666 0.6083333333333333
0 0 0.6791666666666667 0 0.7604166666666666 0.03125 0.7604166666666666 0.04375 0.7479166666666667 0.05625 0.7333333333333333 0.05625 0.7083333333333334 0.05416666666666667 0.7041666666666667 0.04791666666666667 0.6958333333333333 0.041666666666666664 0.6875 0.0375 0.6833333333333333 0.027083333333333334 0.68125 0.008333333333333333 0.6791666666666667
0 0.04791666666666667 0.83125 0.041666666666666664 0.8354166666666667 0.035416666666666666 0.8416666666666667 0.025 0.85625 0.025 0.8604166666666667 0.020833333333333332 0.8666666666666667 0.020833333333333332 0.8708333333333333 0.022916666666666665 0.8770833333333333 0.025 0.8833333333333333 0.029166666666666667 0.8895833333333333 0.029166666666666667 0.89375 0.035416666666666666 0.9 0.03958333333333333 0.9041666666666667 0.04375 0.90625 0.052083333333333336 0.9083333333333333 0.06041666666666667 0.9083333333333333 0.06875 0.90625 0.07291666666666667 0.9041666666666667 0.08125 0.8979166666666667 0.08958333333333333 0.8895833333333333 0.09166666666666666 0.88125 0.09375 0.86875 0.09375 0.8625 0.08958333333333333 0.85625 0.08333333333333333 0.8479166666666667 0.07708333333333334 0.8395833333333333 0.07291666666666667 0.8354166666666667 0.06666666666666667 0.8333333333333334 0.05416666666666667 0.83125
0 0.55625 0.325 0.55 0.32916666666666666 0.5375 0.33958333333333335 0.5333333333333333 0.34375 0.53125 0.35625 0.53125 0.36666666666666664 0.5333333333333333 0.37083333333333335 0.5375 0.375 0.5416666666666666 0.3770833333333333 0.5479166666666667 0.37916666666666665 0.5604166666666667 0.37916666666666665 0.5708333333333333 0.3770833333333333 0.575 0.375 0.5833333333333334 0.36875 0.5916666666666667 0.3625 0.5916666666666667 0.33958333333333335 0.5833333333333334 0.3333333333333333 0.575 0.32708333333333334 0.5708333333333333 0.325
0 0.01875 0.9416666666666667 0.00625 0.94375 0 0.9458333333333333 0 1 0.052083333333333336 1 0.05416666666666667 0.9916666666666667 0.05416666666666667 0.9854166666666667 0.052083333333333336 0.96875 0.04791666666666667 0.9583333333333334 0.041666666666666664 0.9541666666666667 0.03333333333333333 0.9479166666666666 0.027083333333333334 0.94375 0.022916666666666665 0.9416666666666667
0 0.22083333333333333 0.14583333333333334 0.20416666666666666 0.1625 0.20416666666666666 0.18958333333333333 0.23125 0.21041666666666667 0.24791666666666667 0.21041666666666667 0.26666666666666666 0.19375 0.2708333333333333 0.17083333333333334 0.2604166666666667 0.15833333333333333 0.22708333333333333 0.14375