0 0 0 0 0.04791666666666667 0.004166666666666667 0.04791666666666667 0.016666666666666666 0.05 0.01875 0.052083333333333336 0.022916666666666665 0.052083333333333336 0.027083333333333334 0.05 0.035416666666666666 0.04375 0.041666666666666664 0.03958333333333333 0.04791666666666667 0.035416666666666666 0.05416666666666667 0.029166666666666667 0.06041666666666667 0.022916666666666665 0.0625 0.016666666666666666 0.06458333333333334 0.008333333333333333 0.06458333333333334 0
0 0 0.3729166666666667 0 0.4583333333333333 0.008333333333333333 0.4583333333333333 0.016666666666666666 0.45416666666666666 0.022916666666666665 0.45 0.027083333333333334 0.44583333333333336 0.03333333333333333 0.44375 0.0375 0.43333333333333335 0.03958333333333333 0.41875 0.03958333333333333 0.41041666666666665 0.0375 0.4041666666666667 0.03333333333333333 0.3958333333333333 0.014583333333333334 0.3770833333333333 0.010416666666666666 0.375
0 0.1875 0.13333333333333333 0.18333333333333332 0.1375 0.175 0.14375 0.17291666666666666 0.14375 0.16875 0.14791666666666667 0.16458333333333333 0.15625 0.16458333333333333 0.175 0.16666666666666666 0.17916666666666667 0.17083333333333334 0.18541666666666667 0.175 0.19166666666666668 0.17916666666666667 0.19791666666666666 0.1875 0.20208333333333334 0.19583333333333333 0.20416666666666666 0.20208333333333334 0.20416666666666666 0.21041666666666667 0.2 0.21458333333333332 0.19583333333333333 0.21875 0.18958333333333333 0.22083333333333333 0.18125 0.22291666666666668 0.16458333333333333 0.22291666666666668 0.15625 0.22083333333333333 0.15208333333333332 0.21666666666666667 0.14583333333333334 0.2125 0.13958333333333334 0.20416666666666666 0.13541666666666666 0.19166666666666668 0.13333333333333333
0 0 0.11666666666666667 0 0.18333333333333332 0.004166666666666667 0.18333333333333332 0.010416666666666666 0.18125 0.020833333333333332 0.17083333333333334 0.025 0.1625 0.027083333333333334 0.15625 0.027083333333333334 0.14375 0.025 0.13125 0.016666666666666666 0.12291666666666666 0.008333333333333333 0.11666666666666667
0 0.0875 0.16875 0.058333333333333334 0.1875 0.05625 0.19583333333333333 0.05416666666666667 0.20208333333333334 0.052083333333333336 0.21041666666666667 0.052083333333333336 0.21458333333333332 0.05416666666666667 0.22291666666666668 0.05625 0.22916666666666666 0.058333333333333334 0.23333333333333334 0.07083333333333333 0.24583333333333332 0.08333333333333333 0.2520833333333333 0.10833333333333334 0.2520833333333333 0.12291666666666666 0.24375 0.12916666666666668 0.24166666666666667 0.13125 0.2375 0.13125 0.23333333333333334 0.13333333333333333 0.22708333333333333 0.13541666666666666 0.22083333333333333 0.1375 0.21875 0.13958333333333334 0.2125 0.13958333333333334 0.20833333333333334 0.1375 0.2 0.13541666666666666 0.19375 0.13333333333333333 0.18541666666666667 0.13125 0.18125 0.12083333333333333 0.17083333333333334 0.10416666666666667 0.16875
0 0.06458333333333334 0.029166666666666667 0.05416666666666667 0.03125 0.04583333333333333 0.0375 0.03958333333333333 0.041666666666666664 0.03125 0.04791666666666667 0.022916666666666665 0.05416666666666667 0.01875 0.058333333333333334 0.016666666666666666 0.075 0.016666666666666666 0.09375 0.020833333333333332 0.10208333333333333 0.025 0.10625 0.03125 0.11041666666666666 0.03958333333333333 0.11666666666666667 0.04375 0.11875 0.052083333333333336 0.12083333333333333 0.058333333333333334 0.12083333333333333 0.06458333333333334 0.11875 0.07083333333333333 0.11458333333333333 0.075 0.11458333333333333 0.07916666666666666 0.1125 0.08333333333333333 0.10833333333333334 0.08958333333333333 0.1 0.09583333333333334 0.09166666666666666 0.09791666666666667 0.0875 0.09791666666666667 0.05416666666666667 0.09583333333333334 0.05 0.08958333333333333 0.041666666666666664 0.08541666666666667 0.0375 0.07916666666666666 0.03333333333333333 0.07083333333333333 0.029166666666666667
0 0.4354166666666667 0 0.4354166666666667 0.004166666666666667 0.43333333333333335 0.014583333333333334 0.43125 0.016666666666666666 0.43125 0.020833333333333332 0.43333333333333335 0.025 0.4375 0.03125 0.44166666666666665 0.035416666666666666 0.45625 0.04583333333333333 0.4791666666666667 0.04583333333333333 0.48333333333333334 0.04375 0.4895833333333333 0.03958333333333333 0.49583333333333335 0.035416666666666666 0.5020833333333333 0.03125 0.50625 0.020833333333333332 0.5083333333333333 0.00625 0.5083333333333333 0
0 0.99375 0.1125 0.9791666666666666 0.125 0.975 0.12916666666666668 0.96875 0.14166666666666666 0.96875 0.1625 0.9708333333333333 0.16666666666666666 0.9770833333333333 0.175 0.9833333333333333 0.18125 0.99375 0.18958333333333333 0.9979166666666667 0.19166666666666668 0.9979166666666667 0.11041666666666666
0 0.7541666666666667 0.58125 0.7479166666666667 0.5854166666666667 0.7395833333333334 0.5916666666666667 0.7354166666666667 0.6041666666666666 0.7354166666666667 0.6145833333333334 0.7395833333333334 0.6229166666666667 0.74375 0.6270833333333333 0.7541666666666667 0.6354166666666666 0.7625 0.6354166666666666 0.7729166666666667 0.6333333333333333 0.7854166666666667 0.6208333333333333 0.7854166666666667 0.5979166666666667 0.7791666666666667 0.5895833333333333 0.7729166666666667 0.5833333333333334 0.7625 0.58125
0 0.4375 0.8895833333333333 0.425 0.9020833333333333 0.425 0.9229166666666667 0.4270833333333333 0.9270833333333334 0.43333333333333335 0.9354166666666667 0.44375 0.9395833333333333 0.45625 0.9416666666666667 0.46041666666666664 0.9416666666666667 0.46875 0.9354166666666667 0.47708333333333336 0.9270833333333334 0.47708333333333336 0.90625 0.46041666666666664 0.8895833333333333
0 0.14583333333333334 0.425 0.1375 0.43125 0.12291666666666666 0.44375 0.11666666666666667 0.45 0.11458333333333333 0.45416666666666666 0.1125 0.4625 0.1125 0.46875 0.1125 0.475 0.11875 0.4895833333333333 0.12291666666666666 0.49375 0.14583333333333334 0.5145833333333333 0.1625 0.5145833333333333 0.175 0.5083333333333333 0.18125 0.5020833333333333 0.1875 0.49375 0.18958333333333333 0.48541666666666666 0.19166666666666668 0.46875 0.19166666666666668 0.46041666666666664 0.18958333333333333 0.45416666666666666 0.1875 0.45 0.18333333333333332 0.44375 0.175 0.43333333333333335 0.17083333333333334 0.42916666666666664 0.16458333333333333 0.4270833333333333 0.15208333333333332 0.425