0 0.14375 0.9333333333333333 0.13333333333333333 0.94375 0.12291666666666666 0.95625 0.12291666666666666 0.9729166666666667 0.125 0.9916666666666667 0.13125 0.9979166666666667 0.18541666666666667 0.9979166666666667 0.19583333333333333 0.9875 0.19583333333333333 0.9583333333333334 0.18541666666666667 0.9458333333333333 0.175 0.9354166666666667 0.15833333333333333 0.9333333333333333
0 0 0.30093749999999997 0.005916666666666666 0.30347916666666663 0.005395833333333333 0.31125 0.0017708333333333332 0.3185208333333333 0 0.32
0 0.0125 0 0.016666666666666666 0.00625 0.029166666666666667 0.0125 0.03958333333333333 0.014583333333333334 0.04583333333333333 0.014583333333333334 0.058333333333333334 0.008333333333333333 0.0625 0.004166666666666667 0.06458333333333334 0
0 0.07083333333333333 0 0.08125 0.010416666666666666 0.09375 0.016666666666666666 0.10416666666666667 0.016666666666666666 0.1125 0.014583333333333334 0.11666666666666667 0.0125 0.125 0.00625 0.13125 0
0 0.06458333333333334 0.8729166666666667 0.058333333333333334 0.875 0.052083333333333336 0.8791666666666667 0.04791666666666667 0.8791666666666667 0.041666666666666664 0.8854166666666666 0.0375 0.8895833333333333 0.035416666666666666 0.8958333333333334 0.03125 0.9 0.029166666666666667 0.9041666666666667 0.027083333333333334 0.9208333333333333 0.027083333333333334 0.9354166666666667 0.0375 0.95625 0.041666666666666664 0.9604166666666667 0.05416666666666667 0.9666666666666667 0.06666666666666667 0.96875 0.07708333333333334 0.96875 0.08333333333333333 0.9666666666666667 0.0875 0.9645833333333333 0.09375 0.9583333333333334 0.10416666666666667 0.9458333333333333 0.11458333333333333 0.9333333333333333 0.12083333333333333 0.925 0.12083333333333333 0.89375 0.1125 0.8833333333333333 0.10833333333333334 0.8791666666666667 0.10416666666666667 0.8770833333333333 0.09791666666666667 0.875 0.09166666666666666 0.8729166666666667
0 0.12083333333333333 0.8458333333333333 0.11458333333333333 0.8520833333333333 0.10833333333333334 0.8604166666666667 0.10833333333333334 0.8770833333333333 0.11458333333333333 0.8854166666666666 0.12291666666666666 0.89375 0.12916666666666668 0.89375 0.1375 0.8916666666666667 0.15 0.8791666666666667 0.15208333333333332 0.86875 0.15208333333333332 0.8583333333333333 0.14583333333333334 0.85 0.14166666666666666 0.8458333333333333
0 0.21875 0.8229166666666666 0.21041666666666667 0.825 0.20416666666666666 0.8291666666666667 0.19583333333333333 0.8354166666666667 0.1875 0.8416666666666667 0.18333333333333332 0.8458333333333333 0.18125 0.8520833333333333 0.17916666666666667 0.8645833333333334 0.17916666666666667 0.86875 0.18125 0.8729166666666667 0.1875 0.88125 0.19166666666666668 0.8854166666666666 0.20625 0.8875 0.21875 0.8875 0.22291666666666668 0.8854166666666666 0.23125 0.8791666666666667 0.23958333333333334 0.8729166666666667 0.24375 0.86875 0.24791666666666667 0.8604166666666667 0.24791666666666667 0.84375 0.24583333333333332 0.8395833333333333 0.23958333333333334 0.83125 0.23541666666666666 0.8270833333333333 0.22708333333333333 0.8229166666666666
0 0.16041666666666668 0.4 0.15625 0.40208333333333335 0.15 0.40625 0.14583333333333334 0.41041666666666665 0.13958333333333334 0.4166666666666667 0.1375 0.425 0.1375 0.42916666666666664 0.14166666666666666 0.4375 0.14583333333333334 0.44166666666666665 0.14791666666666667 0.4479166666666667 0.15625 0.45208333333333334 0.16458333333333333 0.45416666666666666 0.16875 0.45416666666666666 0.17916666666666667 0.4479166666666667 0.18541666666666667 0.44583333333333336 0.1875 0.44166666666666665 0.1875 0.4375 0.18958333333333333 0.42916666666666664 0.19166666666666668 0.4270833333333333 0.19166666666666668 0.42291666666666666 0.18333333333333332 0.40625 0.175 0.40208333333333335 0.16458333333333333 0.4
0 0.20208333333333334 0.5520833333333334 0.19166666666666668 0.5604166666666667 0.1875 0.5645833333333333 0.1875 0.5833333333333334 0.18958333333333333 0.5875 0.19375 0.59375 0.20208333333333334 0.5979166666666667 0.21458333333333332 0.6 0.21875 0.6 0.22291666666666668 0.5979166666666667 0.22916666666666666 0.59375 0.2375 0.5875 0.24166666666666667 0.5770833333333333 0.24166666666666667 0.56875 0.23958333333333334 0.5645833333333333 0.23333333333333334 0.5583333333333333 0.22708333333333333 0.5520833333333334 0.21875 0.55 0.2125 0.55
0 0.9979166666666667 0.8354166666666667 0.9958333333333333 0.8520833333333333 0.9979166666666667 0.85625
0 0.7729166666666667 0.48125 0.76875 0.48333333333333334 0.7625 0.4895833333333333 0.75625 0.49375 0.7479166666666667 0.5041666666666667 0.7479166666666667 0.5125 0.75 0.525 0.7520833333333333 0.5333333333333333 0.7583333333333333 0.5458333333333333 0.7625 0.55 0.7708333333333334 0.55625 0.7875 0.55625 0.80625 0.5541666666666667 0.8104166666666667 0.5520833333333334 0.8166666666666667 0.5479166666666667 0.8208333333333333 0.54375 0.8291666666666667 0.5333333333333333 0.8291666666666667 0.5208333333333334 0.8270833333333333 0.5083333333333333 0.8166666666666667 0.49583333333333335 0.8083333333333333 0.4875 0.7958333333333333 0.48125