0 0.975 0.6541666666666667 0.9541666666666667 0.6625 0.9479166666666666 0.66875 0.9416666666666667 0.6833333333333333 0.9416666666666667 0.6958333333333333 0.9458333333333333 0.70625 0.9583333333333334 0.71875 0.975 0.7270833333333333 0.9854166666666667 0.7270833333333333 0.9979166666666667 0.7208333333333333 0.9979166666666667 0.6625
0 1 0.21229166666666668 0.9944375 0.21722916666666667 0.995 0.22229166666666667 1 0.22874999999999998
0 0.11458333333333333 0.4875 0.11041666666666666 0.4895833333333333 0.10625 0.49375 0.09583333333333334 0.5020833333333333 0.09375 0.5104166666666666 0.09166666666666666 0.51875 0.09166666666666666 0.5229166666666667 0.09375 0.5291666666666667 0.09583333333333334 0.5333333333333333 0.10833333333333334 0.5458333333333333 0.11875 0.5479166666666667 0.12708333333333333 0.5479166666666667 0.13333333333333333 0.54375 0.14166666666666666 0.5375 0.14583333333333334 0.5333333333333333 0.14791666666666667 0.525 0.15 0.5104166666666666 0.15 0.5041666666666667 0.13333333333333333 0.4875
0 0.12083333333333333 0.22083333333333333 0.11458333333333333 0.22708333333333333 0.10833333333333334 0.23541666666666666 0.10833333333333334 0.2520833333333333 0.11458333333333333 0.2604166666666667 0.12291666666666666 0.26875 0.12916666666666668 0.26875 0.1375 0.26666666666666666 0.15 0.25416666666666665 0.15208333333333332 0.24375 0.15208333333333332 0.23333333333333334 0.14583333333333334 0.225 0.14166666666666666 0.22083333333333333
0 0.14375 0.30833333333333335 0.13333333333333333 0.31875 0.12291666666666666 0.33125 0.12291666666666666 0.34791666666666665 0.125 0.36666666666666664 0.14375 0.3854166666666667 0.15833333333333333 0.3854166666666667 0.175 0.38333333333333336 0.19583333333333333 0.3625 0.19583333333333333 0.3333333333333333 0.18541666666666667 0.32083333333333336 0.175 0.3104166666666667 0.15833333333333333 0.30833333333333335
0 0.21875 0.19791666666666666 0.21041666666666667 0.2 0.20416666666666666 0.20416666666666666 0.19583333333333333 0.21041666666666667 0.1875 0.21666666666666667 0.18333333333333332 0.22083333333333333 0.18125 0.22708333333333333 0.17916666666666667 0.23958333333333334 0.17916666666666667 0.24375 0.18125 0.24791666666666667 0.1875 0.25625 0.19166666666666668 0.2604166666666667 0.20625 0.2625 0.21875 0.2625 0.22291666666666668 0.2604166666666667 0.23125 0.25416666666666665 0.23958333333333334 0.24791666666666667 0.24375 0.24375 0.24791666666666667 0.23541666666666666 0.24791666666666667 0.21875 0.24583333333333332 0.21458333333333332 0.23958333333333334 0.20625 0.23541666666666666 0.20208333333333334 0.22708333333333333 0.19791666666666666
0 0.8791666666666667 0.4 0.875 0.4 0.86875 0.40625 0.8645833333333334 0.41041666666666665 0.8604166666666667 0.4166666666666667 0.8583333333333333 0.42083333333333334 0.8583333333333333 0.425 0.8604166666666667 0.43333333333333335 0.8625 0.4375 0.86875 0.4395833333333333 0.88125 0.44583333333333336 0.8875 0.44583333333333336 0.8958333333333334 0.4395833333333333 0.9 0.4354166666666667 0.9041666666666667 0.42916666666666664 0.90625 0.425 0.90625 0.42083333333333334 0.9041666666666667 0.4125 0.8854166666666666 0.4
0 0.9520833333333333 0.45208333333333334 0.9479166666666666 0.45416666666666666 0.9395833333333333 0.46041666666666664 0.9354166666666667 0.46458333333333335 0.93125 0.47291666666666665 0.93125 0.49583333333333335 0.9375 0.5083333333333333 0.9458333333333333 0.5125 0.95625 0.5145833333333333 0.9604166666666667 0.5145833333333333 0.9645833333333333 0.5125 0.96875 0.5083333333333333 0.975 0.5041666666666667 0.9770833333333333 0.5041666666666667 0.9833333333333333 0.5 0.9875 0.48333333333333334 0.9875 0.4708333333333333 0.9854166666666667 0.4666666666666667 0.98125 0.46041666666666664 0.9770833333333333 0.45625 0.96875 0.45208333333333334
0 0.6979166666666666 0.6854166666666667 0.68125 0.7041666666666667 0.6833333333333333 0.725 0.6979166666666666 0.7479166666666667 0.71875 0.75 0.7416666666666667 0.7333333333333333 0.7458333333333333 0.7145833333333333 0.7395833333333334 0.6979166666666666 0.73125 0.6895833333333333
0 0.07083333333333333 0.25 0.04791666666666667 0.25625 0.0375 0.26458333333333334 0.03125 0.27708333333333335 0.027083333333333334 0.29375 0.027083333333333334 0.30625 0.035416666666666666 0.325 0.04791666666666667 0.3375 0.0625 0.3416666666666667 0.08125 0.3416666666666667 0.0875 0.33958333333333335 0.11458333333333333 0.3125 0.12291666666666666 0.28958333333333336 0.12291666666666666 0.2791666666666667 0.11666666666666667 0.2625 0.10833333333333334 0.25625 0.08541666666666667 0.25
0 0.5247916666666667 1 0.5810416666666666 1 0.5708333333333333 0.9854166666666667 0.5625 0.98125 0.5458333333333333 0.98125 0.5416666666666666 0.9833333333333333
0 0.022916666666666665 0.48333333333333334 0.01875 0.48541666666666666 0.014583333333333334 0.4895833333333333 0.008333333333333333 0.49166666666666664 0.0020833333333333333 0.49583333333333335 0.0020833333333333333 0.5291666666666667 0.010416666666666666 0.5354166666666667 0.016666666666666666 0.5395833333333333 0.03125 0.5416666666666666 0.041666666666666664 0.5416666666666666 0.05 0.5333333333333333 0.05625 0.525 0.058333333333333334 0.51875 0.06041666666666667 0.5083333333333333 0.06041666666666667 0.5041666666666667 0.05625 0.4979166666666667 0.04791666666666667 0.4875 0.041875 0.4845833333333333