0 0.15 0.23125 0.14583333333333334 0.23333333333333334 0.13958333333333334 0.2375 0.13541666666666666 0.24166666666666667 0.12916666666666668 0.24375 0.12291666666666666 0.24791666666666667 0.11875 0.2520833333333333 0.10833333333333334 0.27291666666666664 0.10833333333333334 0.29375 0.11041666666666666 0.29791666666666666 0.11666666666666667 0.30625 0.12291666666666666 0.3145833333333333 0.12708333333333333 0.31875 0.13541666666666666 0.32083333333333336 0.15 0.3229166666666667 0.15625 0.3229166666666667 0.1625 0.31875 0.17083333333333334 0.3125 0.175 0.30833333333333335 0.17708333333333334 0.30416666666666664 0.17708333333333334 0.3 0.17916666666666667 0.29375 0.18125 0.2916666666666667 0.18125 0.2875 0.18541666666666667 0.28125 0.1875 0.275 0.18958333333333333 0.26875 0.19166666666666668 0.2625 0.19166666666666668 0.24166666666666667 0.18958333333333333 0.2375 0.18541666666666667 0.23333333333333334 0.16666666666666666 0.23125
0 0.32708333333333334 0.14375 0.3104166666666667 0.14583333333333334 0.3020833333333333 0.15 0.29583333333333334 0.15416666666666667 0.2916666666666667 0.15833333333333333 0.28541666666666665 0.16041666666666668 0.27708333333333335 0.16875 0.27291666666666664 0.175 0.26875 0.18333333333333332 0.26666666666666666 0.18958333333333333 0.26666666666666666 0.21458333333333332 0.27291666666666664 0.22708333333333333 0.2791666666666667 0.23333333333333334 0.2875 0.23958333333333334 0.29375 0.24166666666666667 0.3020833333333333 0.24375 0.30833333333333335 0.24375 0.31666666666666665 0.24166666666666667 0.325 0.23958333333333334 0.3333333333333333 0.2375 0.3375 0.23541666666666666 0.34791666666666665 0.225 0.35 0.21875 0.35208333333333336 0.20833333333333334 0.35208333333333336 0.19791666666666666 0.3541666666666667 0.19166666666666668 0.3625 0.17708333333333334 0.3625 0.1625 0.35833333333333334 0.15416666666666667 0.3541666666666667 0.15 0.3416666666666667 0.14375
0 0.49166666666666664 0.14375 0.48541666666666666 0.14791666666666667 0.47708333333333336 0.15416666666666667 0.47291666666666665 0.15833333333333333 0.47291666666666665 0.17708333333333334 0.48125 0.1875 0.4895833333333333 0.19583333333333333 0.50625 0.19583333333333333 0.5208333333333334 0.18125 0.5208333333333334 0.15833333333333333 0.51875 0.15416666666666667 0.5145833333333333 0.14791666666666667 0.5020833333333333 0.14375
0 0 0.48541666666666666 0 0.5458333333333333 0.00625 0.54375 0.008333333333333333 0.5375 0.016666666666666666 0.5229166666666667 0.016666666666666666 0.4979166666666667 0.014583333333333334 0.49375 0.010416666666666666 0.4875
0 0 0 0 0.01875 0.008333333333333333 0.01875 0.01875 0.016666666666666666 0.03125 0.010416666666666666 0.035416666666666666 0.00625 0.0375 0
0 0.8503958333333334 1 0.8539166666666667 0.9934166666666666 0.8606874999999999 0.9866458333333333 0.8686666666666666 0.9804999999999999 0.877875 0.9774375000000001 0.8877083333333334 0.9774375000000001 0.8957083333333333 0.9823541666666666 0.9024583333333334 0.9891041666666667 0.9092291666666666 0.995875 0.9115833333333333 1
0 0.305 1 0.3055833333333334 0.9953541666666667 0.307125 0.9876666666666666 0.3107083333333333 0.98 0.31685416666666666 0.9743541666666666 0.3235208333333333 0.9702708333333334 0.33068749999999997 0.9666875 0.338875 0.9661666666666666 0.3465625 0.9677083333333333 0.35475 0.9717916666666666 0.3613958333333333 0.9758958333333333 0.36602083333333335 0.9825625 0.3690833333333333 0.9902291666666667 0.3701041666666667 0.9979166666666667 0.37025 1
0 0.18541666666666667 0.7166666666666667 0.17083333333333334 0.7166666666666667 0.15625 0.725 0.14166666666666666 0.7520833333333333 0.14583333333333334 0.7770833333333333 0.16458333333333333 0.7916666666666666 0.18958333333333333 0.7854166666666667 0.20833333333333334 0.7625 0.20625 0.7375
0 0.2922708333333333 0 0.2922708333333333 0.006541666666666667 0.29104166666666664 0.01575 0.28489583333333335 0.024354166666666666 0.27629166666666666 0.029270833333333336 0.26585416666666667 0.03235416666666666 0.2553958333333333 0.03235416666666666 0.24433333333333335 0.030500000000000003 0.235125 0.02804166666666667 0.22591666666666665 0.024979166666666667 0.2173125 0.0194375 0.2099375 0.012687499999999999 0.20379166666666665 0.0053124999999999995 0.20308333333333334 0
0 0.36635416666666665 0 0.3653958333333333 0.0028541666666666667 0.359875 0.010833333333333334 0.35127083333333337 0.018208333333333333 0.3420416666666667 0.023125 0.3328333333333333 0.024354166666666666 0.3217708333333333 0.024354166666666666 0.3107083333333333 0.02375 0.3021041666666667 0.0200625 0.29770833333333335 0.013333333333333334 0.2935 0.004083333333333333 0.2935 0
0 0.5497916666666666 0 0.6104166666666667 0 0.6183333333333334 0.015625 0.61875 0.0375 0.6145833333333334 0.04375 0.6041666666666666 0.05625 0.5979166666666667 0.0625 0.5895833333333333 0.06458333333333334 0.5729166666666666 0.06666666666666667 0.5645833333333333 0.06666666666666667 0.5583333333333333 0.06458333333333334 0.5541666666666667 0.0625 0.5375 0.04583333333333333 0.5354166666666667 0.03333333333333333 0.5354166666666667 0.022916666666666665 0.5375 0.01875 0.5416666666666666 0.014583333333333334 0.54375 0.008333333333333333
0 0.05 0.24791666666666667 0.03958333333333333 0.25 0.025 0.2625 0.014583333333333334 0.27291666666666664 0.0125 0.2875 0.0125 0.3020833333333333 0.016666666666666666 0.30833333333333335 0.025 0.31875 0.03333333333333333 0.32916666666666666 0.0375 0.3333333333333333 0.04583333333333333 0.33541666666666664 0.0625 0.3375 0.06875 0.3375 0.08333333333333333 0.325 0.09583333333333334 0.3125 0.09791666666666667 0.30833333333333335 0.1 0.3020833333333333 0.10208333333333333 0.29583333333333334 0.10208333333333333 0.2916666666666667 0.10208333333333333 0.28541666666666665 0.09583333333333334 0.2708333333333333 0.08958333333333333 0.26458333333333334 0.08125 0.25833333333333336 0.075 0.25416666666666665 0.06666666666666667 0.25 0.06041666666666667 0.24791666666666667
0 0.06458333333333334 0.44583333333333336 0.06041666666666667 0.4479166666666667 0.05416666666666667 0.45208333333333334 0.05 0.45625 0.04375 0.4583333333333333 0.03958333333333333 0.4625 0.03333333333333333 0.46875 0.03125 0.475 0.029166666666666667 0.48125 0.027083333333333334 0.4875 0.027083333333333334 0.4979166666666667 0.029166666666666667 0.5083333333333333 0.041666666666666664 0.5270833333333333 0.04791666666666667 0.5333333333333333 0.052083333333333336 0.5354166666666667 0.06041666666666667 0.5375 0.07708333333333334 0.5395833333333333 0.08333333333333333 0.5395833333333333 0.08958333333333333 0.5354166666666667 0.09791666666666667 0.5291666666666667 0.10625 0.5229166666666667 0.1125 0.5166666666666667 0.11458333333333333 0.5125 0.11458333333333333 0.4791666666666667 0.1125 0.475 0.10625 0.4666666666666667 0.10208333333333333 0.46041666666666664 0.09791666666666667 0.45625 0.09166666666666666 0.45208333333333334 0.0875 0.45 0.08125 0.4479166666666667 0.06875 0.44583333333333336
0 0 0.7333333333333333 0 0.85 0.008333333333333333 0.85 0.014583333333333334 0.8458333333333333 0.027083333333333334 0.8354166666666667 0.03333333333333333 0.8291666666666667 0.0375 0.8208333333333333 0.0375 0.8166666666666667 0.041666666666666664 0.8104166666666667 0.041666666666666664 0.7854166666666667 0.03958333333333333 0.7770833333333333 0.0375 0.7708333333333334 0.035416666666666666 0.7625 0.03333333333333333 0.7541666666666667 0.03125 0.75 0.020833333333333332 0.7395833333333334 0.016666666666666666 0.7375 0.010416666666666666 0.7354166666666667