0 0.8208333333333333 0 0.8229166666666666 0.004166666666666667 0.83125 0.014583333333333334 0.8375 0.016666666666666666 0.84375 0.01875 0.8479166666666667 0.01875 0.8729166666666667 0.00625 0.875 0
0 0.98125 0.03958333333333333 0.9708333333333333 0.05 0.96875 0.05416666666666667 0.9666666666666667 0.0625 0.9645833333333333 0.07083333333333333 0.9645833333333333 0.075 0.96875 0.07916666666666666 0.9770833333333333 0.08541666666666667 0.9854166666666667 0.09166666666666666 0.9916666666666667 0.09583333333333334 0.9979166666666667 0.09583333333333334 0.9979166666666667 0.03958333333333333
0 0.95 0.008333333333333333 0.9375 0.01875 0.9291666666666667 0.027083333333333334 0.9270833333333334 0.03125 0.9270833333333334 0.035416666666666666 0.925 0.03958333333333333 0.9395833333333333 0.05416666666666667 0.9520833333333333 0.05416666666666667 0.9666666666666667 0.052083333333333336 0.98125 0.0375 0.98125 0.029166666666666667 0.9770833333333333 0.01875 0.96875 0.0125 0.9645833333333333 0.010416666666666666 0.95625 0.008333333333333333
0 0.6625 0.33541666666666664 0.6583333333333333 0.3375 0.6520833333333333 0.3416666666666667 0.6458333333333334 0.3458333333333333 0.6416666666666667 0.35625 0.6416666666666667 0.3645833333333333 0.64375 0.36875 0.6479166666666667 0.375 0.6541666666666667 0.38333333333333336 0.6583333333333333 0.38958333333333334 0.6666666666666666 0.39375 0.6729166666666667 0.39375 0.6770833333333334 0.3958333333333333 0.69375 0.37916666666666665 0.6958333333333333 0.375 0.6979166666666666 0.36666666666666664 0.7 0.35833333333333334 0.7020833333333333 0.35 0.7020833333333333 0.3458333333333333 0.69375 0.3375 0.6770833333333334 0.33541666666666664
0 0.85 0.25625 0.8354166666666667 0.25833333333333336 0.8270833333333333 0.2604166666666667 0.8229166666666666 0.2625 0.8166666666666667 0.26875 0.80625 0.2833333333333333 0.80625 0.2875 0.8020833333333334 0.29583333333333334 0.8020833333333334 0.3020833333333333 0.8104166666666667 0.30833333333333335 0.8145833333333333 0.3104166666666667 0.8520833333333333 0.30833333333333335 0.8583333333333333 0.3 0.8645833333333334 0.2916666666666667 0.8666666666666667 0.2875 0.8666666666666667 0.275 0.8625 0.25833333333333336 0.8583333333333333 0.25625
0 0.9375 0.14583333333333334 0.9270833333333334 0.14791666666666667 0.9208333333333333 0.15 0.9166666666666666 0.15416666666666667 0.9104166666666667 0.1625 0.90625 0.16875 0.90625 0.19583333333333333 0.9104166666666667 0.20208333333333334 0.9166666666666666 0.20833333333333334 0.9270833333333334 0.21041666666666667 0.9375 0.21041666666666667 0.9458333333333333 0.20833333333333334 0.9520833333333333 0.20625 0.9708333333333333 0.1875 0.9708333333333333 0.18333333333333332 0.96875 0.17291666666666666 0.9666666666666667 0.16666666666666666 0.9604166666666667 0.16041666666666668 0.9479166666666666 0.15 0.9416666666666667 0.14583333333333334
0 0.96875 0.4125 0.9520833333333333 0.41458333333333336 0.9416666666666667 0.4166666666666667 0.9375 0.41875 0.9333333333333333 0.42291666666666666 0.9270833333333334 0.425 0.9229166666666667 0.4375 0.9229166666666667 0.44583333333333336 0.93125 0.45416666666666666 0.9416666666666667 0.4625 0.9520833333333333 0.46458333333333335 0.9708333333333333 0.4666666666666667 0.9791666666666666 0.4666666666666667 0.9854166666666667 0.46041666666666664 0.9916666666666667 0.45208333333333334 0.9916666666666667 0.42916666666666664 0.9854166666666667 0.42083333333333334 0.9770833333333333 0.4125
0 0.9979166666666667 0.4875 0.99375 0.49375 0.9895833333333334 0.5 0.9875 0.5041666666666667 0.9854166666666667 0.5145833333333333 0.9854166666666667 0.525 0.9875 0.5291666666666667 0.9916666666666667 0.5333333333333333 0.9979166666666667 0.5354166666666667
0 0.9916666666666667 0.7375 0.98125 0.7395833333333334 0.9729166666666667 0.7416666666666667 0.9625 0.74375 0.9541666666666667 0.7479166666666667 0.9520833333333333 0.7541666666666667 0.95 0.7583333333333333 0.9583333333333334 0.76875 0.9770833333333333 0.7875 0.99375 0.8020833333333334 0.9979166666666667 0.8041666666666667 0.9979166666666667 0.7375
0 0.9208333333333333 0.7791666666666667 0.9166666666666666 0.7833333333333333 0.9145833333333333 0.8041666666666667 0.9145833333333333 0.825 0.9166666666666666 0.83125 0.91875 0.8354166666666667 0.925 0.84375 0.93125 0.85 0.9375 0.8520833333333333 0.9458333333333333 0.8520833333333333 0.9520833333333333 0.8541666666666666 0.9708333333333333 0.8645833333333334 0.9791666666666666 0.8645833333333334 0.9875 0.8625 0.9916666666666667 0.8604166666666667 0.9979166666666667 0.8541666666666666 0.9979166666666667 0.8083333333333333 0.9791666666666666 0.7895833333333333 0.9729166666666667 0.7854166666666667 0.9645833333333333 0.78125 0.9416666666666667 0.7791666666666667
0 0.8770833333333333 0.7479166666666667 0.8583333333333333 0.75 0.8333333333333334 0.7625 0.8229166666666666 0.7729166666666667 0.8229166666666666 0.7895833333333333 0.8291666666666667 0.8020833333333334 0.8354166666666667 0.8104166666666667 0.8458333333333333 0.8229166666666666 0.8520833333333333 0.8291666666666667 0.8729166666666667 0.8291666666666667 0.8791666666666667 0.8270833333333333 0.8875 0.825 0.89375 0.8229166666666666 0.9 0.8208333333333333 0.9041666666666667 0.81875 0.9104166666666667 0.8145833333333333 0.9145833333333333 0.8020833333333334 0.9145833333333333 0.7729166666666667 0.8895833333333333 0.7479166666666667
0 0.8458333333333333 0.6416666666666667 0.8395833333333333 0.6458333333333334 0.8354166666666667 0.65 0.8333333333333334 0.65625 0.83125 0.6666666666666666 0.8291666666666667 0.6770833333333334 0.8291666666666667 0.725 0.8333333333333334 0.73125 0.8395833333333333 0.7375 0.8604166666666667 0.7479166666666667 0.875 0.7479166666666667 0.8875 0.74375 0.89375 0.7354166666666667 0.9 0.7270833333333333 0.9020833333333333 0.7229166666666667 0.9020833333333333 0.7 0.8958333333333334 0.6895833333333333 0.8958333333333334 0.6854166666666667 0.8875 0.6708333333333333 0.8875 0.6666666666666666 0.88125 0.6541666666666667 0.875 0.6479166666666667 0.86875 0.64375 0.85625 0.6416666666666667
0 0.9229166666666667 0.6520833333333333 0.91875 0.65625 0.9145833333333333 0.6625 0.9125 0.66875 0.9125 0.6895833333333333 0.9166666666666666 0.70625 0.9229166666666667 0.7104166666666667 0.9291666666666667 0.7104166666666667 0.94375 0.7083333333333334 0.9583333333333334 0.70625 0.96875 0.7020833333333333 0.9791666666666666 0.68125 0.9770833333333333 0.6625 0.9604166666666667 0.6541666666666667 0.9395833333333333 0.6520833333333333
0 0.7604166666666666 0 0.7666666666666667 0.00625 0.7791666666666667 0.00625 0.7854166666666667 0
0 0.9833333333333333 0.95625 0.98125 0.9791666666666666 0.98125 0.9979166666666667 0.9979166666666667 0.9979166666666667 0.9979166666666667 0.95625
0 0.9083333333333333 0.8854166666666666 0.89375 0.9 0.89375 0.9083333333333333 0.8958333333333334 0.9208333333333333 0.9 0.9291666666666667 0.9083333333333333 0.9354166666666667 0.9145833333333333 0.9395833333333333 0.9229166666666667 0.9458333333333333 0.93125 0.9520833333333333 0.9354166666666667 0.9541666666666667 0.9458333333333333 0.9541666666666667 0.9666666666666667 0.9520833333333333 0.96875 0.95 0.9979166666666667 0.9520833333333333 0.9958333333333333 0.8958333333333334 0.9916666666666667 0.89375 0.9854166666666667 0.8916666666666667 0.9770833333333333 0.8895833333333333 0.9666666666666667 0.8875 0.9583333333333334 0.8854166666666666
0 0.8833333333333333 0.9145833333333333 0.8770833333333333 0.9166666666666666 0.875 0.9208333333333333 0.8729166666666667 0.925 0.8708333333333333 0.93125 0.86875 0.9479166666666666 0.8666666666666667 0.9729166666666667 0.8666666666666667 0.9875 0.86875 0.9916666666666667 0.8708333333333333 0.9979166666666667 0.925 0.9979166666666667 0.9270833333333334 0.99375 0.93125 0.9854166666666667 0.93125 0.9604166666666667 0.9270833333333334 0.9520833333333333 0.9229166666666667 0.9479166666666666 0.9145833333333333 0.9416666666666667 0.9083333333333333 0.9375 0.90625 0.9375 0.9 0.93125 0.8895833333333333 0.9145833333333333
0 0.7708333333333334 0.9770833333333333 0.7666666666666667 0.9791666666666666 0.7604166666666666 0.9854166666666667 0.7541666666666667 0.9895833333333334 0.7520833333333333 0.9895833333333334 0.7458333333333333 0.9958333333333333 0.7416666666666667 0.9979166666666667 0.7895833333333333 0.9979166666666667 0.7895833333333333 0.99375 0.78125 0.9854166666666667
0 0.6270833333333333 0.27708333333333335 0.6145833333333334 0.2875 0.6041666666666666 0.29791666666666666 0.6020833333333333 0.30833333333333335 0.6020833333333333 0.31666666666666665 0.6083333333333333 0.3229166666666667 0.6166666666666667 0.32916666666666666 0.6208333333333333 0.33125 0.6270833333333333 0.33125 0.63125 0.3333333333333333 0.6375 0.32708333333333334 0.6416666666666667 0.32083333333333336 0.64375 0.3145833333333333 0.6458333333333334 0.30416666666666664 0.6479166666666667 0.2916666666666667 0.6479166666666667 0.2875 0.6395833333333333 0.2791666666666667 0.6333333333333333 0.27708333333333335
0 0.9979166666666667 0.13541666666666666 0.9916666666666667 0.14375 0.9875 0.15 0.9875 0.16041666666666668 0.9895833333333334 0.17083333333333334 0.9979166666666667 0.17916666666666667