0 0.9916666666666667 0.8104166666666667 0.9875 0.8145833333333333 0.9833333333333333 0.8208333333333333 0.9791666666666666 0.8291666666666667 0.9791666666666666 0.84375 0.9833333333333333 0.85 0.9833333333333333 0.8541666666666666 0.9895833333333334 0.8666666666666667 0.9979166666666667 0.875 0.9979166666666667 0.8083333333333333
0 0.9979166666666667 0.9020833333333333 0.99375 0.9041666666666667 0.9895833333333334 0.9083333333333333 0.9854166666666667 0.9166666666666666 0.9833333333333333 0.9229166666666667 0.9833333333333333 0.94375 0.9854166666666667 0.9479166666666666 0.9895833333333334 0.9541666666666667 0.9958333333333333 0.9604166666666667 0.9979166666666667 0.9645833333333333
0 0.8270833333333333 0.04791666666666667 0.8125 0.05 0.8020833333333334 0.06041666666666667 0.79375 0.07083333333333333 0.7916666666666666 0.07916666666666666 0.7916666666666666 0.08958333333333333 0.7958333333333333 0.09791666666666667 0.8020833333333334 0.10416666666666667 0.8125 0.1125 0.81875 0.11666666666666667 0.8229166666666666 0.11666666666666667 0.83125 0.11458333333333333 0.8395833333333333 0.11041666666666666 0.84375 0.10416666666666667 0.85 0.09583333333333334 0.8541666666666666 0.08958333333333333 0.85625 0.08541666666666667 0.85625 0.06875 0.8458333333333333 0.05625 0.8375 0.04791666666666667
0 0.37916666666666665 0.125 0.36666666666666664 0.13125 0.35625 0.14166666666666666 0.35 0.15 0.3458333333333333 0.15833333333333333 0.34375 0.16458333333333333 0.34375 0.17916666666666667 0.35208333333333336 0.19583333333333333 0.35625 0.2 0.3645833333333333 0.20625 0.37083333333333335 0.21041666666666667 0.37916666666666665 0.21666666666666667 0.3875 0.21666666666666667 0.39375 0.21666666666666667 0.4 0.21458333333333332 0.4041666666666667 0.2125 0.41875 0.19791666666666666 0.42916666666666664 0.17708333333333334 0.42916666666666664 0.15833333333333333 0.425 0.15 0.42083333333333334 0.14583333333333334 0.41458333333333336 0.14166666666666666 0.40625 0.13541666666666666 0.4 0.13125 0.39375 0.12708333333333333 0.38958333333333334 0.125
0 0.31875 0.59375 0.3125 0.6 0.3125 0.6229166666666667 0.325 0.6395833333333333 0.32916666666666666 0.6395833333333333 0.3333333333333333 0.6416666666666667 0.3375 0.64375 0.34375 0.6375 0.35 0.6291666666666667 0.35 0.61875 0.34791666666666665 0.6041666666666666 0.3375 0.59375
0 0.6291666666666667 0.18125 0.6208333333333333 0.1875 0.6166666666666667 0.19166666666666668 0.6145833333333334 0.19583333333333333 0.6166666666666667 0.21041666666666667 0.625 0.21666666666666667 0.63125 0.22083333333333333 0.6354166666666666 0.21875 0.6395833333333333 0.21666666666666667 0.6458333333333334 0.2125 0.65 0.2 0.65 0.19166666666666668 0.6458333333333334 0.1875 0.6375 0.18125
0 0.6916666666666667 0.13333333333333333 0.6666666666666666 0.14583333333333334 0.6625 0.15 0.65625 0.1625 0.65625 0.16875 0.6583333333333333 0.18125 0.6604166666666667 0.19375 0.6645833333333333 0.20208333333333334 0.6729166666666667 0.20833333333333334 0.6770833333333334 0.21041666666666667 0.6979166666666666 0.21041666666666667 0.7104166666666667 0.20416666666666666 0.7145833333333333 0.2 0.7208333333333333 0.19791666666666666 0.73125 0.1875 0.7375 0.17916666666666667 0.7375 0.1625 0.7333333333333333 0.15416666666666667 0.7291666666666666 0.14791666666666667 0.725 0.14375 0.7083333333333334 0.13541666666666666 0.7 0.13333333333333333
0 0.5666666666666667 0.23125 0.5583333333333333 0.23541666666666666 0.5541666666666667 0.24375 0.5520833333333334 0.25416666666666665 0.5520833333333334 0.25833333333333336 0.5541666666666667 0.2625 0.5604166666666667 0.2708333333333333 0.5708333333333333 0.275 0.5770833333333333 0.275 0.58125 0.27291666666666664 0.5895833333333333 0.26666666666666666 0.59375 0.25416666666666665 0.59375 0.24375 0.5895833333333333 0.2375 0.5854166666666667 0.23333333333333334 0.575 0.23125
0 0.54375 0.38125 0.5354166666666667 0.3875 0.5291666666666667 0.39166666666666666 0.525 0.4 0.5229166666666667 0.4125 0.5229166666666667 0.41875 0.525 0.425 0.5270833333333333 0.42916666666666664 0.5333333333333333 0.4354166666666667 0.54375 0.44375 0.5520833333333334 0.44583333333333336 0.5645833333333333 0.4479166666666667 0.5708333333333333 0.4479166666666667 0.58125 0.4395833333333333 0.5895833333333333 0.43125 0.5916666666666667 0.425 0.59375 0.41458333333333336 0.59375 0.41041666666666665 0.5916666666666667 0.40625 0.5854166666666667 0.4 0.58125 0.39375 0.575 0.3875 0.56875 0.3854166666666667 0.5625 0.38333333333333336 0.55625 0.38125 0.5520833333333334 0.38125
0 0.55 0.5875 0.5458333333333333 0.5895833333333333 0.5375 0.5958333333333333 0.5333333333333333 0.6041666666666666 0.53125 0.6125 0.53125 0.6166666666666667 0.5333333333333333 0.6208333333333333 0.5375 0.6270833333333333 0.54375 0.6354166666666666 0.5583333333333333 0.6395833333333333 0.5666666666666667 0.6395833333333333 0.575 0.63125 0.58125 0.6229166666666667 0.5833333333333334 0.6104166666666667 0.5833333333333334 0.6 0.5708333333333333 0.5875
0 0.6895833333333333 0.6708333333333333 0.6770833333333334 0.6729166666666667 0.6645833333333333 0.675 0.6541666666666667 0.6791666666666667 0.65 0.6854166666666667 0.6479166666666667 0.6916666666666667 0.64375 0.6958333333333333 0.6416666666666667 0.7 0.6416666666666667 0.7083333333333334 0.64375 0.7270833333333333 0.6458333333333334 0.7375 0.65 0.7416666666666667 0.6583333333333333 0.7479166666666667 0.66875 0.75625 0.675 0.7604166666666666 0.6833333333333333 0.7604166666666666 0.69375 0.7583333333333333 0.6979166666666666 0.75625 0.7041666666666667 0.7520833333333333 0.7104166666666667 0.7479166666666667 0.7145833333333333 0.74375 0.71875 0.7375 0.7229166666666667 0.7291666666666666 0.725 0.7166666666666667 0.725 0.7041666666666667 0.7229166666666667 0.6979166666666666 0.71875 0.6895833333333333 0.7125 0.68125 0.7083333333333334 0.6770833333333334 0.6958333333333333 0.6708333333333333
0 0.86875 0.9145833333333333 0.8645833333333334 0.9166666666666666 0.8625 0.94375 0.8666666666666667 0.95 0.8729166666666667 0.9583333333333334 0.8770833333333333 0.9625 0.8958333333333334 0.9625 0.9020833333333333 0.9583333333333334 0.9104166666666667 0.9520833333333333 0.9145833333333333 0.9479166666666666 0.9166666666666666 0.9395833333333333 0.9166666666666666 0.93125 0.9083333333333333 0.9229166666666667 0.9041666666666667 0.9208333333333333 0.9 0.9208333333333333 0.89375 0.9166666666666666 0.8875 0.9145833333333333