0 0.17708333333333334 0.9 0.16458333333333333 0.9125 0.1625 0.9208333333333333 0.16041666666666668 0.9375 0.16041666666666668 0.9458333333333333 0.16458333333333333 0.9520833333333333 0.17291666666666666 0.9625 0.17708333333333334 0.9666666666666667 0.19583333333333333 0.9666666666666667 0.20625 0.9583333333333334 0.21666666666666667 0.9479166666666666 0.21875 0.94375 0.22083333333333333 0.9354166666666667 0.22083333333333333 0.925 0.21875 0.9166666666666666 0.2125 0.9083333333333333 0.20625 0.9020833333333333 0.19166666666666668 0.9
0 0.0625 0.08333333333333333 0.06041666666666667 0.0875 0.058333333333333334 0.09166666666666666 0.058333333333333334 0.09583333333333334 0.05416666666666667 0.10208333333333333 0.05416666666666667 0.10625 0.05 0.1125 0.04791666666666667 0.12083333333333333 0.04583333333333333 0.13125 0.04583333333333333 0.13541666666666666 0.05 0.1375 0.0625 0.14375 0.06666666666666667 0.14375 0.08125 0.15208333333333332 0.10416666666666667 0.15208333333333332 0.11041666666666666 0.15 0.11666666666666667 0.14583333333333334 0.12083333333333333 0.14583333333333334 0.125 0.14375 0.13541666666666666 0.13333333333333333 0.1375 0.12291666666666666 0.1375 0.11458333333333333 0.11875 0.09583333333333334 0.1125 0.09375 0.10416666666666667 0.09166666666666666 0.09375 0.08958333333333333 0.08541666666666667 0.0875 0.075 0.08541666666666667 0.06666666666666667 0.08333333333333333
0 0.8229166666666666 0.17291666666666666 0.8145833333333333 0.17708333333333334 0.8104166666666667 0.18541666666666667 0.8083333333333333 0.19583333333333333 0.8083333333333333 0.2 0.8104166666666667 0.20416666666666666 0.8145833333333333 0.20833333333333334 0.8333333333333334 0.20833333333333334 0.8375 0.20416666666666666 0.8416666666666667 0.19791666666666666 0.84375 0.19166666666666668 0.84375 0.1875 0.8375 0.175
0 0.5833333333333334 0.9416666666666667 0.5770833333333333 0.94375 0.5708333333333333 0.9458333333333333 0.5666666666666667 0.9479166666666666 0.5479166666666667 0.9666666666666667 0.5458333333333333 0.9729166666666667 0.54375 0.98125 0.5416666666666666 0.9895833333333334 0.5416666666666666 0.99375 0.54375 0.9979166666666667 0.6166666666666667 0.9979166666666667 0.6166666666666667 0.9916666666666667 0.61875 0.9833333333333333 0.6208333333333333 0.98125 0.6229166666666667 0.9729166666666667 0.6229166666666667 0.9666666666666667 0.6208333333333333 0.9604166666666667 0.61875 0.9541666666666667 0.6125 0.9479166666666666 0.6083333333333333 0.94375 0.6041666666666666 0.9416666666666667
0 0.34791666666666665 0.425 0.33958333333333335 0.4270833333333333 0.33125 0.42916666666666664 0.325 0.43125 0.3145833333333333 0.44166666666666665 0.3145833333333333 0.45 0.31666666666666665 0.46041666666666664 0.32083333333333336 0.4666666666666667 0.33125 0.4791666666666667 0.33541666666666664 0.48333333333333334 0.33958333333333335 0.48541666666666666 0.35 0.48541666666666666 0.3541666666666667 0.48333333333333334 0.35833333333333334 0.4791666666666667 0.37083333333333335 0.46041666666666664 0.37083333333333335 0.45416666666666666 0.36875 0.44166666666666665 0.3645833333333333 0.43125 0.35208333333333336 0.425
0 0.3333333333333333 0.48541666666666666 0.3229166666666667 0.4875 0.3125 0.4895833333333333 0.30625 0.49166666666666664 0.3 0.49583333333333335 0.28958333333333336 0.5041666666666667 0.28541666666666665 0.5083333333333333 0.28125 0.5166666666666667 0.28125 0.5229166666666667 0.2833333333333333 0.5291666666666667 0.29375 0.5416666666666666 0.30416666666666664 0.5520833333333334 0.30833333333333335 0.5541666666666667 0.3145833333333333 0.55625 0.3229166666666667 0.55625 0.32916666666666666 0.5541666666666667 0.3458333333333333 0.5375 0.35 0.5291666666666667 0.35208333333333336 0.5229166666666667 0.35208333333333336 0.5125 0.35 0.5 0.34375 0.49166666666666664 0.3375 0.48541666666666666
0 0.3854166666666667 0.6395833333333333 0.375 0.6416666666666667 0.36875 0.64375 0.36041666666666666 0.6520833333333333 0.3541666666666667 0.6604166666666667 0.3541666666666667 0.6708333333333333 0.36041666666666666 0.6791666666666667 0.36666666666666664 0.6854166666666667 0.3729166666666667 0.6875 0.37916666666666665 0.6875 0.3854166666666667 0.6875 0.39166666666666666 0.6854166666666667 0.3958333333333333 0.68125 0.40208333333333335 0.6791666666666667 0.40625 0.6666666666666666 0.40625 0.65625 0.38958333333333334 0.6395833333333333
0 0.17083333333333334 0.7916666666666666 0.15833333333333333 0.79375 0.14583333333333334 0.80625 0.14583333333333334 0.8208333333333333 0.15 0.8291666666666667 0.15416666666666667 0.8333333333333334 0.16041666666666668 0.8395833333333333 0.16875 0.8416666666666667 0.175 0.8416666666666667 0.17916666666666667 0.84375 0.1875 0.8354166666666667 0.19375 0.8270833333333333 0.19375 0.8166666666666667 0.19166666666666668 0.8020833333333334 0.18541666666666667 0.7958333333333333 0.17916666666666667 0.7916666666666666
0 0.09583333333333334 0.6770833333333334 0.09166666666666666 0.6791666666666667 0.0875 0.68125 0.08541666666666667 0.6854166666666667 0.08333333333333333 0.6895833333333333 0.08333333333333333 0.69375 0.08333333333333333 0.7 0.08541666666666667 0.70625 0.10625 0.7083333333333334 0.10833333333333334 0.7041666666666667 0.11041666666666666 0.6979166666666666 0.1125 0.69375
0 0.1375 0.96875 0.12708333333333333 0.9729166666666667 0.125 0.9770833333333333 0.125 0.9875 0.12708333333333333 0.9979166666666667 0.16041666666666668 0.9979166666666667 0.16458333333333333 0.9916666666666667 0.16458333333333333 0.9875 0.16041666666666668 0.9791666666666666 0.15416666666666667 0.975 0.14791666666666667 0.9708333333333333 0.14375 0.96875
0 0 0.5354166666666667 0 0.5875 0.00625 0.5854166666666667 0.0125 0.5770833333333333 0.016666666666666666 0.5708333333333333 0.01875 0.5666666666666667 0.01875 0.5520833333333334 0.004166666666666667 0.5375
0 0.21666666666666667 0.07708333333333334 0.2125 0.07916666666666666 0.20625 0.08333333333333333 0.2 0.0875 0.19375 0.09375 0.18333333333333332 0.10208333333333333 0.18125 0.10833333333333334 0.18125 0.11875 0.18333333333333332 0.12916666666666668 0.18958333333333333 0.1375 0.2 0.15 0.20625 0.15625 0.22708333333333333 0.15625 0.23125 0.15208333333333332 0.2375 0.14375 0.24583333333333332 0.13333333333333333 0.25416666666666665 0.12291666666666666 0.2604166666666667 0.11458333333333333 0.26458333333333334 0.10833333333333334 0.2625 0.09583333333333334 0.25625 0.09166666666666666 0.25 0.0875 0.24375 0.08333333333333333 0.2375 0.07916666666666666 0.23333333333333334 0.07708333333333334
0 0.20208333333333334 0.035416666666666666 0.18541666666666667 0.0375 0.17916666666666667 0.03958333333333333 0.175 0.04375 0.175 0.052083333333333336 0.17291666666666666 0.05625 0.16875 0.0625 0.16458333333333333 0.06666666666666667 0.16458333333333333 0.075 0.16458333333333333 0.07708333333333334 0.175 0.08958333333333333 0.17916666666666667 0.09375 0.18541666666666667 0.09375 0.19375 0.09166666666666666 0.20625 0.08125 0.21875 0.06875 0.21875 0.06458333333333334 0.21666666666666667 0.052083333333333336 0.21458333333333332 0.04583333333333333 0.20625 0.0375
0 0.16041666666666668 0 0.16041666666666668 0.010416666666666666 0.1625 0.022916666666666665 0.17708333333333334 0.0375 0.18333333333333332 0.0375 0.2 0.035416666666666666 0.20833333333333334 0.03333333333333333 0.21041666666666667 0.029166666666666667 0.21875 0.0125 0.21875 0
0 0.1375 0.022916666666666665 0.13333333333333333 0.027083333333333334 0.13333333333333333 0.03125 0.1375 0.0375 0.13541666666666666 0.05625 0.1375 0.07291666666666667 0.14375 0.07708333333333334 0.15833333333333333 0.075 0.1625 0.06875 0.16666666666666666 0.0625 0.17083333333333334 0.05625 0.17291666666666666 0.052083333333333336 0.17291666666666666 0.035416666666666666 0.16666666666666666 0.029166666666666667 0.15833333333333333 0.022916666666666665
0 0.09166666666666666 0.010416666666666666 0.07083333333333333 0.020833333333333332 0.06666666666666667 0.025 0.0625 0.03125 0.058333333333333334 0.03958333333333333 0.05625 0.05 0.05625 0.058333333333333334 0.06041666666666667 0.06666666666666667 0.06458333333333334 0.07083333333333333 0.08125 0.08541666666666667 0.0875 0.0875 0.09583333333333334 0.08958333333333333 0.10625 0.08958333333333333 0.1125 0.0875 0.11666666666666667 0.08541666666666667 0.13333333333333333 0.06875 0.13541666666666666 0.05416666666666667 0.13541666666666666 0.0375 0.12916666666666668 0.027083333333333334 0.12708333333333333 0.020833333333333332 0.12083333333333333 0.01875 0.11666666666666667 0.016666666666666666 0.1125 0.0125 0.10833333333333334 0.010416666666666666
0 0.04791666666666667 0.15 0.04375 0.15416666666666667 0.0375 0.15625 0.03125 0.16041666666666668 0.027083333333333334 0.17916666666666667 0.027083333333333334 0.19583333333333333 0.029166666666666667 0.2 0.035416666666666666 0.20833333333333334 0.03958333333333333 0.2125 0.04791666666666667 0.21458333333333332 0.0625 0.21666666666666667 0.06875 0.21666666666666667 0.08541666666666667 0.20833333333333334 0.08958333333333333 0.20416666666666666 0.09375 0.19583333333333333 0.09375 0.17708333333333334 0.08958333333333333 0.16875 0.08541666666666667 0.16458333333333333 0.07708333333333334 0.15416666666666667 0.06875 0.15208333333333332 0.0625 0.15 0.05625 0.15
0 0.0125 0.10833333333333334 0.010416666666666666 0.11458333333333333 0.00625 0.11875 0 0.12291666666666666 0.0020833333333333333 0.14583333333333334 0.008333333333333333 0.15 0.014583333333333334 0.15416666666666667 0.01875 0.15625 0.022916666666666665 0.15833333333333333 0.03333333333333333 0.14791666666666667 0.04375 0.13541666666666666 0.04375 0.12708333333333333 0.041666666666666664 0.11458333333333333 0.035416666666666666 0.10833333333333334
0 0 0.15 0 0.225 0.014583333333333334 0.21041666666666667 0.020833333333333332 0.19791666666666666 0.020833333333333332 0.1875 0.01875 0.17083333333333334 0.016666666666666666 0.16041666666666668 0.008333333333333333 0.15208333333333332 0.004166666666666667 0.15
0 0 0.24583333333333332 0 0.32708333333333334 0.004166666666666667 0.3229166666666667 0.010416666666666666 0.31875 0.01875 0.3125 0.020833333333333332 0.3125 0.025 0.30833333333333335 0.03333333333333333 0.2916666666666667 0.03333333333333333 0.275 0.03125 0.26875 0.022916666666666665 0.25833333333333336 0.016666666666666666 0.2520833333333333 0.010416666666666666 0.24791666666666667 0.00625 0.24583333333333332
0 0.07916666666666666 0.26875 0.06041666666666667 0.2708333333333333 0.052083333333333336 0.2791666666666667 0.04583333333333333 0.2875 0.04583333333333333 0.30416666666666664 0.052083333333333336 0.31666666666666665 0.05625 0.32083333333333336 0.0625 0.325 0.06875 0.32708333333333334 0.07291666666666667 0.33125 0.07708333333333334 0.3333333333333333 0.08541666666666667 0.3333333333333333 0.09583333333333334 0.33125 0.1 0.32708333333333334 0.10625 0.31875 0.1125 0.3104166666666667 0.11666666666666667 0.30416666666666664 0.11666666666666667 0.29375 0.1125 0.2791666666666667 0.10625 0.275 0.1 0.2708333333333333 0.09583333333333334 0.26875
0 0 0 0 0.03125 0.004166666666666667 0.03125 0.0125 0.029166666666666667 0.016666666666666666 0.027083333333333334 0.020833333333333332 0.025 0.020833333333333332 0.020833333333333332 0.022916666666666665 0.004166666666666667 0.01875 0
0 0.10416666666666667 0 0.10625 0.00625 0.11041666666666666 0.010416666666666666 0.11666666666666667 0.014583333333333334 0.125 0.01875 0.13125 0.01875 0.1375 0.016666666666666666 0.14583333333333334 0.0125 0.15416666666666667 0.004166666666666667 0.15 0
0 0.03333333333333333 0 0.03333333333333333 0.004166666666666667 0.035416666666666666 0.014583333333333334 0.0375 0.022916666666666665 0.03958333333333333 0.027083333333333334 0.041666666666666664 0.03125 0.04791666666666667 0.03333333333333333 0.052083333333333336 0.03333333333333333 0.05625 0.03125 0.06875 0.01875 0.075 0.016666666666666666 0.08125 0.0125 0.08958333333333333 0.004166666666666667 0.09166666666666666 0
0 0.01875 0.027083333333333334 0.0125 0.03125 0.00625 0.03125 0 0.03333333333333333 0 0.09166666666666666 0.016666666666666666 0.10833333333333334 0.03333333333333333 0.10833333333333334 0.03958333333333333 0.10416666666666667 0.052083333333333336 0.09375 0.05625 0.08958333333333333 0.05625 0.08125 0.05416666666666667 0.06458333333333334 0.052083333333333336 0.05416666666666667 0.035416666666666666 0.029166666666666667 0.027083333333333334 0.027083333333333334