0 0.19583333333333333 0.7354166666666667 0.17916666666666667 0.75625 0.17916666666666667 0.7625 0.18125 0.7666666666666667 0.18125 0.7708333333333334 0.18541666666666667 0.7791666666666667 0.19375 0.7875 0.2 0.7875 0.21458333333333332 0.7854166666666667 0.22291666666666668 0.7833333333333333 0.22708333333333333 0.7791666666666667 0.22916666666666666 0.775 0.22916666666666666 0.75625 0.22083333333333333 0.7458333333333333 0.2125 0.7375 0.20416666666666666 0.7354166666666667
0 0.86875 0.3104166666666667 0.85625 0.3125 0.85 0.31666666666666665 0.8375 0.32708333333333334 0.8333333333333334 0.33125 0.8333333333333334 0.33958333333333335 0.8354166666666667 0.35 0.8416666666666667 0.35625 0.85 0.3625 0.8583333333333333 0.3645833333333333 0.8666666666666667 0.3645833333333333 0.8708333333333333 0.3625 0.875 0.36041666666666666 0.8770833333333333 0.35625 0.8770833333333333 0.35208333333333336 0.8791666666666667 0.3458333333333333 0.88125 0.3375 0.8833333333333333 0.33541666666666664 0.8854166666666666 0.32916666666666666 0.8854166666666666 0.31666666666666665 0.8791666666666667 0.3104166666666667
0 0.86875 0.24583333333333332 0.8583333333333333 0.25416666666666665 0.8520833333333333 0.2604166666666667 0.85 0.26458333333333334 0.85 0.2708333333333333 0.85 0.2791666666666667 0.8541666666666666 0.28541666666666665 0.8583333333333333 0.2916666666666667 0.8666666666666667 0.29583333333333334 0.8791666666666667 0.29791666666666666 0.8833333333333333 0.29791666666666666 0.8875 0.29583333333333334 0.89375 0.2916666666666667 0.9020833333333333 0.28541666666666665 0.90625 0.27291666666666664 0.90625 0.2625 0.8916666666666667 0.24791666666666667 0.8791666666666667 0.24583333333333332
0 0.475 0.29375 0.4708333333333333 0.29583333333333334 0.46458333333333335 0.3020833333333333 0.45625 0.3125 0.45625 0.32083333333333336 0.4583333333333333 0.32708333333333334 0.46458333333333335 0.33541666666666664 0.47291666666666665 0.34375 0.4791666666666667 0.3458333333333333 0.4895833333333333 0.34791666666666665 0.49375 0.34791666666666665 0.4979166666666667 0.3458333333333333 0.50625 0.33958333333333335 0.5104166666666666 0.33541666666666664 0.5125 0.325 0.5125 0.31666666666666665 0.5104166666666666 0.3125 0.5041666666666667 0.30416666666666664 0.5 0.29791666666666666 0.48541666666666666 0.29375
0 0.5520833333333334 0.38125 0.5479166666666667 0.38333333333333336 0.5395833333333333 0.38958333333333334 0.5333333333333333 0.39375 0.5291666666666667 0.40208333333333335 0.5270833333333333 0.41458333333333336 0.5270833333333333 0.42083333333333334 0.5291666666666667 0.4270833333333333 0.5333333333333333 0.4354166666666667 0.5375 0.4395833333333333 0.5458333333333333 0.44583333333333336 0.5520833333333334 0.45 0.5583333333333333 0.45 0.5645833333333333 0.4479166666666667 0.56875 0.44583333333333336 0.575 0.44166666666666665 0.5833333333333334 0.4354166666666667 0.5875 0.43125 0.59375 0.425 0.5958333333333333 0.41875 0.5979166666666667 0.4125 0.5979166666666667 0.40625 0.5958333333333333 0.39791666666666664 0.5895833333333333 0.38958333333333334 0.5833333333333334 0.38333333333333336 0.5666666666666667 0.38125
0 0.34791666666666665 0.3458333333333333 0.33541666666666664 0.35208333333333336 0.33125 0.35625 0.32708333333333334 0.3645833333333333 0.325 0.375 0.3229166666666667 0.39166666666666666 0.3229166666666667 0.4041666666666667 0.325 0.41041666666666665 0.3375 0.42291666666666666 0.35208333333333336 0.4354166666666667 0.35625 0.4354166666666667 0.3645833333333333 0.43333333333333335 0.3729166666666667 0.43125 0.38125 0.42916666666666664 0.38958333333333334 0.4270833333333333 0.3958333333333333 0.425 0.4 0.42291666666666666 0.4083333333333333 0.4166666666666667 0.4125 0.4125 0.4166666666666667 0.4041666666666667 0.4166666666666667 0.39375 0.41458333333333336 0.38125 0.4083333333333333 0.36875 0.39166666666666666 0.35208333333333336 0.38333333333333336 0.35 0.36875 0.34791666666666665 0.3541666666666667 0.3458333333333333
0 0.3625 0.5666666666666667 0.35625 0.5708333333333333 0.35208333333333336 0.575 0.35 0.5833333333333334 0.35 0.5895833333333333 0.35208333333333336 0.59375 0.35833333333333334 0.6020833333333333 0.36666666666666664 0.60625 0.3770833333333333 0.6083333333333333 0.38125 0.6083333333333333 0.38958333333333334 0.6041666666666666 0.39375 0.5916666666666667 0.39375 0.5833333333333334 0.3875 0.575 0.38333333333333336 0.5708333333333333 0.3770833333333333 0.56875 0.36666666666666664 0.5666666666666667
0 0.3770833333333333 0.8104166666666667 0.3729166666666667 0.8145833333333333 0.3645833333333333 0.8208333333333333 0.3625 0.8208333333333333 0.35833333333333334 0.83125 0.35833333333333334 0.8395833333333333 0.3625 0.8479166666666667 0.36666666666666664 0.8520833333333333 0.375 0.8625 0.38125 0.8625 0.3875 0.8625 0.39375 0.8604166666666667 0.39791666666666664 0.85625 0.4041666666666667 0.8541666666666666 0.4083333333333333 0.8395833333333333 0.4083333333333333 0.8291666666666667 0.40625 0.825 0.4 0.8166666666666667 0.39166666666666666 0.8125 0.38125 0.8104166666666667
0 0.004166666666666667 0.8104166666666667 0 0.8145833333333333 0 0.84375 0.0020833333333333333 0.8479166666666667 0.014583333333333334 0.8520833333333333 0.020833333333333332 0.8520833333333333 0.027083333333333334 0.8458333333333333 0.03125 0.8395833333333333 0.03125 0.83125 0.029166666666666667 0.8229166666666666 0.025 0.8166666666666667 0.020833333333333332 0.8125 0.0125 0.8104166666666667
0 0.04375 0.46875 0.03125 0.48125 0.03125 0.5020833333333333 0.0375 0.5145833333333333 0.041666666666666664 0.51875 0.04375 0.525 0.05416666666666667 0.5291666666666667 0.06041666666666667 0.5291666666666667 0.07291666666666667 0.51875 0.08333333333333333 0.5083333333333333 0.08541666666666667 0.49583333333333335 0.08541666666666667 0.48541666666666666 0.08333333333333333 0.48125 0.07708333333333334 0.47291666666666665 0.058333333333333334 0.46875
0 0 0.2604166666666667 0 0.3125 0.004166666666666667 0.3125 0.014583333333333334 0.3020833333333333 0.016666666666666666 0.2916666666666667 0.016666666666666666 0.28125 0.010416666666666666 0.2708333333333333 0.008333333333333333 0.26458333333333334 0.004166666666666667 0.2625
0 0.11041666666666666 0.39166666666666666 0.09791666666666667 0.39375 0.07708333333333334 0.4041666666666667 0.07083333333333333 0.41041666666666665 0.06666666666666667 0.4166666666666667 0.06666666666666667 0.44375 0.07708333333333334 0.45625 0.08958333333333333 0.46875 0.11666666666666667 0.46875 0.125 0.4625 0.13958333333333334 0.45 0.14583333333333334 0.44375 0.14583333333333334 0.41458333333333336 0.14375 0.41041666666666665 0.1375 0.40208333333333335 0.13333333333333333 0.39791666666666664 0.12083333333333333 0.39166666666666666
0 0 0.16875 0 0.22916666666666666 0.00625 0.22291666666666668 0.014583333333333334 0.21666666666666667 0.016666666666666666 0.21666666666666667 0.020833333333333332 0.2125 0.022916666666666665 0.20625 0.025 0.19583333333333333 0.025 0.19166666666666668 0.014583333333333334 0.17916666666666667 0.004166666666666667 0.16875
0 0.16458333333333333 0.475 0.15833333333333333 0.48125 0.15208333333333332 0.4895833333333333 0.15208333333333332 0.5041666666666667 0.15625 0.5083333333333333 0.16458333333333333 0.5145833333333333 0.17291666666666666 0.5166666666666667 0.17916666666666667 0.5166666666666667 0.18541666666666667 0.5125 0.19166666666666668 0.50625 0.19166666666666668 0.48333333333333334 0.18333333333333332 0.475
0 0.18333333333333332 0.40208333333333335 0.17916666666666667 0.4041666666666667 0.17083333333333334 0.41041666666666665 0.16458333333333333 0.41458333333333336 0.15625 0.42083333333333334 0.15208333333333332 0.42916666666666664 0.15 0.44166666666666665 0.15 0.44583333333333336 0.15208333333333332 0.45 0.15625 0.45625 0.1625 0.4625 0.17708333333333334 0.47291666666666665 0.19375 0.47291666666666665 0.19791666666666666 0.4708333333333333 0.20416666666666666 0.4666666666666667 0.2125 0.46041666666666664 0.21875 0.45625 0.22291666666666668 0.45208333333333334 0.22708333333333333 0.44375 0.22916666666666666 0.43333333333333335 0.22916666666666666 0.425 0.225 0.41875 0.21458333333333332 0.40625 0.20833333333333334 0.40625 0.20416666666666666 0.40625 0.19583333333333333 0.4041666666666667 0.19375 0.40208333333333335
0 0.20833333333333334 0.3416666666666667 0.19791666666666666 0.34375 0.19375 0.3458333333333333 0.1875 0.35 0.17916666666666667 0.35625 0.175 0.36041666666666666 0.16875 0.36666666666666664 0.16666666666666666 0.375 0.16666666666666666 0.37916666666666665 0.16875 0.38333333333333336 0.17291666666666666 0.38958333333333334 0.17708333333333334 0.3958333333333333 0.18541666666666667 0.4 0.19583333333333333 0.40208333333333335 0.20416666666666666 0.4041666666666667 0.20833333333333334 0.4041666666666667 0.21666666666666667 0.39791666666666664 0.22916666666666666 0.3875 0.23541666666666666 0.38125 0.23541666666666666 0.36041666666666666 0.22291666666666668 0.34375 0.21666666666666667 0.3416666666666667
0 0.28541666666666665 0.30833333333333335 0.275 0.31666666666666665 0.26875 0.3229166666666667 0.2708333333333333 0.33958333333333335 0.2875 0.34791666666666665 0.29791666666666666 0.35 0.30416666666666664 0.35 0.3104166666666667 0.34375 0.3145833333333333 0.3375 0.3145833333333333 0.3333333333333333 0.3125 0.32083333333333336 0.3104166666666667 0.3145833333333333 0.30416666666666664 0.30833333333333335
0 0.1625 0.21666666666666667 0.15208333333333332 0.225 0.14375 0.23333333333333334 0.14166666666666666 0.24791666666666667 0.14166666666666666 0.2520833333333333 0.14791666666666667 0.2625 0.14791666666666667 0.26875 0.15 0.27291666666666664 0.15833333333333333 0.27708333333333335 0.16875 0.2791666666666667 0.17708333333333334 0.28125 0.18125 0.28125 0.1875 0.27708333333333335 0.19583333333333333 0.26875 0.2 0.2604166666666667 0.2 0.2375 0.19375 0.225 0.18958333333333333 0.22083333333333333 0.18125 0.21666666666666667
0 0.13541666666666666 0.15416666666666667 0.11875 0.1625 0.11458333333333333 0.16458333333333333 0.11458333333333333 0.17291666666666666 0.1125 0.18541666666666667 0.12291666666666666 0.19791666666666666 0.12916666666666668 0.2 0.13541666666666666 0.20208333333333334 0.13958333333333334 0.20208333333333334 0.16041666666666668 0.19166666666666668 0.1625 0.16458333333333333 0.15625 0.15833333333333333 0.15 0.15416666666666667
0 0.125 0.2520833333333333 0.12083333333333333 0.25416666666666665 0.11666666666666667 0.25625 0.11666666666666667 0.275 0.12083333333333333 0.28125 0.125 0.28541666666666665 0.13125 0.2875 0.13541666666666666 0.2875 0.13958333333333334 0.28541666666666665 0.14375 0.28125 0.14583333333333334 0.27291666666666664 0.14583333333333334 0.2625 0.14375 0.25833333333333336 0.14166666666666666 0.25416666666666665 0.13541666666666666 0.25416666666666665
0 0.09166666666666666 0 0.09166666666666666 0.03125 0.10208333333333333 0.041666666666666664 0.11458333333333333 0.052083333333333336 0.15 0.052083333333333336 0.17291666666666666 0.029166666666666667 0.17291666666666666 0.016666666666666666 0.17083333333333334 0