0 0.19791666666666666 0.4395833333333333 0.19166666666666668 0.44166666666666665 0.1875 0.44583333333333336 0.18333333333333332 0.45416666666666666 0.18333333333333332 0.4625 0.19375 0.475 0.2 0.475 0.20625 0.47291666666666665 0.20625 0.46875 0.20833333333333334 0.45625 0.21041666666666667 0.45416666666666666 0.21041666666666667 0.45 0.20625 0.44375 0.20208333333333334 0.4395833333333333
0 0 0.06458333333333334 0 0.13125 0.0020833333333333333 0.13541666666666666 0.010416666666666666 0.13541666666666666 0.01875 0.1375 0.020833333333333332 0.13958333333333334 0.027083333333333334 0.13958333333333334 0.035416666666666666 0.13125 0.0375 0.125 0.0375 0.10416666666666667 0.029166666666666667 0.0875 0.022916666666666665 0.07916666666666666 0.010416666666666666 0.06666666666666667 0.004166666666666667 0.06458333333333334
0 0.34375 0.61875 0.33958333333333335 0.6208333333333333 0.3333333333333333 0.625 0.32916666666666666 0.6291666666666667 0.3229166666666667 0.6416666666666667 0.3229166666666667 0.6458333333333334 0.32916666666666666 0.65 0.32916666666666666 0.6625 0.3333333333333333 0.6729166666666667 0.33958333333333335 0.6770833333333334 0.34375 0.6791666666666667 0.3645833333333333 0.6791666666666667 0.37083333333333335 0.675 0.3770833333333333 0.66875 0.3770833333333333 0.6541666666666667 0.375 0.6375 0.3729166666666667 0.6333333333333333 0.36666666666666664 0.625 0.35833333333333334 0.6208333333333333 0.34791666666666665 0.61875
0 0.28958333333333336 0.6354166666666666 0.2833333333333333 0.6416666666666667 0.2791666666666667 0.6479166666666667 0.2791666666666667 0.6729166666666667 0.28125 0.6770833333333334 0.2875 0.6854166666666667 0.3 0.6895833333333333 0.30833333333333335 0.6895833333333333 0.3125 0.6875 0.31875 0.6833333333333333 0.32708333333333334 0.6770833333333334 0.32916666666666666 0.6645833333333333 0.325 0.6479166666666667 0.31666666666666665 0.6416666666666667 0.3104166666666667 0.6375 0.30625 0.6354166666666666
0 0.19166666666666668 0.5791666666666667 0.18125 0.5875 0.175 0.59375 0.17291666666666666 0.60625 0.17291666666666666 0.61875 0.18333333333333332 0.6291666666666667 0.1875 0.6333333333333333 0.19583333333333333 0.64375 0.20416666666666666 0.64375 0.22083333333333333 0.6270833333333333 0.22291666666666668 0.6229166666666667 0.22291666666666668 0.5979166666666667 0.21666666666666667 0.5895833333333333 0.21041666666666667 0.5833333333333334 0.20416666666666666 0.58125 0.19583333333333333 0.5791666666666667
0 0.21666666666666667 0.6333333333333333 0.20208333333333334 0.6479166666666667 0.20208333333333334 0.6604166666666667 0.20416666666666666 0.6770833333333334 0.20833333333333334 0.6854166666666667 0.21666666666666667 0.6895833333333333 0.225 0.6916666666666667 0.22916666666666666 0.6916666666666667 0.23333333333333334 0.6895833333333333 0.24166666666666667 0.6833333333333333 0.24583333333333332 0.6791666666666667 0.24791666666666667 0.6666666666666666 0.24791666666666667 0.65625 0.24375 0.65 0.23541666666666666 0.6395833333333333 0.23125 0.6354166666666666 0.22291666666666668 0.6333333333333333
0 0.2708333333333333 0.6875 0.26458333333333334 0.6875 0.25833333333333336 0.69375 0.25416666666666665 0.6979166666666666 0.2520833333333333 0.7041666666666667 0.25 0.7125 0.25 0.7291666666666666 0.25416666666666665 0.7333333333333333 0.2625 0.7395833333333334 0.2791666666666667 0.7395833333333334 0.28541666666666665 0.7333333333333333 0.28958333333333336 0.7270833333333333 0.28958333333333336 0.7 0.275 0.6854166666666667
0 0.22083333333333333 0.7 0.21041666666666667 0.7020833333333333 0.19791666666666666 0.7145833333333333 0.19791666666666666 0.7291666666666666 0.2 0.7333333333333333 0.20625 0.7416666666666667 0.21041666666666667 0.7458333333333333 0.22291666666666668 0.7458333333333333 0.22708333333333333 0.74375 0.23541666666666666 0.7375 0.24375 0.73125 0.24791666666666667 0.7270833333333333 0.24583333333333332 0.7104166666666667 0.23958333333333334 0.7083333333333334 0.23541666666666666 0.7041666666666667 0.22708333333333333 0.7
0 0.6291666666666667 0.7104166666666667 0.6166666666666667 0.7166666666666667 0.6125 0.7208333333333333 0.6020833333333333 0.725 0.5979166666666667 0.7291666666666666 0.5916666666666667 0.7416666666666667 0.5916666666666667 0.7625 0.6 0.7791666666666667 0.6145833333333334 0.79375 0.6229166666666667 0.7958333333333333 0.6354166666666666 0.7979166666666667 0.6416666666666667 0.7979166666666667 0.6479166666666667 0.7958333333333333 0.6520833333333333 0.79375 0.6666666666666666 0.7791666666666667 0.66875 0.7729166666666667 0.6708333333333333 0.7625 0.6729166666666667 0.7520833333333333 0.6729166666666667 0.7458333333333333 0.6583333333333333 0.7166666666666667 0.6479166666666667 0.7125 0.6354166666666666 0.7104166666666667
0 0.22083333333333333 0.7666666666666667 0.20625 0.76875 0.19583333333333333 0.7770833333333333 0.18958333333333333 0.7833333333333333 0.18958333333333333 0.8083333333333333 0.20833333333333334 0.8270833333333333 0.21458333333333332 0.8291666666666667 0.22708333333333333 0.83125 0.23125 0.83125 0.23541666666666666 0.8291666666666667 0.24375 0.8229166666666666 0.25 0.8166666666666667 0.25416666666666665 0.8083333333333333 0.25416666666666665 0.7875 0.24375 0.7770833333333333 0.23125 0.7666666666666667
0 0.14791666666666667 0.7229166666666667 0.13125 0.7395833333333334 0.12916666666666668 0.74375 0.12916666666666668 0.75625 0.13125 0.7708333333333334 0.13541666666666666 0.7770833333333333 0.14166666666666666 0.7833333333333333 0.15833333333333333 0.7916666666666666 0.17083333333333334 0.7916666666666666 0.17916666666666667 0.7875 0.1875 0.7791666666666667 0.19375 0.7708333333333334 0.19375 0.7645833333333333 0.19166666666666668 0.7479166666666667 0.18958333333333333 0.7395833333333334 0.18541666666666667 0.7333333333333333 0.18125 0.7291666666666666 0.175 0.7270833333333333 0.16458333333333333 0.725 0.15208333333333332 0.7229166666666667
0 0.17083333333333334 0.63125 0.15625 0.6333333333333333 0.14791666666666667 0.6354166666666666 0.14375 0.6375 0.1375 0.6416666666666667 0.13541666666666666 0.6458333333333334 0.13541666666666666 0.65 0.13125 0.65625 0.13125 0.6604166666666667 0.12916666666666668 0.6645833333333333 0.12916666666666668 0.6708333333333333 0.12916666666666668 0.6770833333333334 0.13125 0.6854166666666667 0.13333333333333333 0.6895833333333333 0.14375 0.7020833333333333 0.15416666666666667 0.7125 0.1625 0.7145833333333333 0.17708333333333334 0.7166666666666667 0.18333333333333332 0.7166666666666667 0.19166666666666668 0.7125 0.19583333333333333 0.7083333333333334 0.2 0.7020833333333333 0.20416666666666666 0.69375 0.20416666666666666 0.6833333333333333 0.20208333333333334 0.6625 0.2 0.65 0.19375 0.6416666666666667 0.1875 0.6354166666666666 0.17916666666666667 0.63125
0 0.11041666666666666 0.6145833333333334 0.1 0.6166666666666667 0.09791666666666667 0.6208333333333333 0.09791666666666667 0.625 0.09375 0.63125 0.09166666666666666 0.6375 0.09166666666666666 0.6416666666666667 0.09166666666666666 0.6479166666666667 0.09583333333333334 0.6583333333333333 0.1 0.6625 0.10208333333333333 0.66875 0.11458333333333333 0.6729166666666667 0.12291666666666666 0.6729166666666667 0.125 0.66875 0.12916666666666668 0.6604166666666667 0.12916666666666668 0.65625 0.13333333333333333 0.65 0.13333333333333333 0.6458333333333334 0.1375 0.6375 0.13958333333333334 0.6333333333333333 0.13541666666666666 0.6291666666666667 0.12291666666666666 0.61875 0.11458333333333333 0.6145833333333334
0 0.13541666666666666 0.55 0.12916666666666668 0.5541666666666667 0.125 0.55625 0.12083333333333333 0.5583333333333333 0.11666666666666667 0.5583333333333333 0.11041666666666666 0.55625 0.10833333333333334 0.5604166666666667 0.10416666666666667 0.56875 0.10416666666666667 0.5979166666666667 0.12291666666666666 0.6166666666666667 0.12708333333333333 0.6208333333333333 0.13125 0.6229166666666667 0.13541666666666666 0.625 0.14166666666666666 0.6208333333333333 0.15208333333333332 0.6166666666666667 0.15625 0.6125 0.17083333333333334 0.6020833333333333 0.17291666666666666 0.5958333333333333 0.17291666666666666 0.5895833333333333 0.175 0.5854166666666667 0.16875 0.5770833333333333 0.15833333333333333 0.5645833333333333 0.15208333333333332 0.5625 0.14375 0.5541666666666667 0.13958333333333334 0.5520833333333334
0 0.0625 0.6458333333333334 0.05625 0.6479166666666667 0.04791666666666667 0.65 0.03333333333333333 0.6645833333333333 0.03125 0.6729166666666667 0.029166666666666667 0.68125 0.029166666666666667 0.6958333333333333 0.03333333333333333 0.7 0.03958333333333333 0.7041666666666667 0.05 0.7083333333333334 0.058333333333333334 0.7166666666666667 0.07291666666666667 0.7166666666666667 0.08125 0.7125 0.08541666666666667 0.7083333333333334 0.09166666666666666 0.70625 0.09583333333333334 0.7020833333333333 0.10208333333333333 0.6895833333333333 0.10208333333333333 0.6729166666666667 0.1 0.66875 0.09583333333333334 0.6625 0.09166666666666666 0.6583333333333333 0.07291666666666667 0.6458333333333334
0 0.11041666666666666 0.6958333333333333 0.10416666666666667 0.6979166666666666 0.09166666666666666 0.7145833333333333 0.09166666666666666 0.71875 0.09375 0.7229166666666667 0.09791666666666667 0.7270833333333333 0.1 0.7333333333333333 0.10208333333333333 0.7395833333333334 0.11041666666666666 0.7458333333333333 0.11875 0.7458333333333333 0.12291666666666666 0.7458333333333333 0.12916666666666668 0.7395833333333334 0.13333333333333333 0.7354166666666667 0.14166666666666666 0.71875 0.14166666666666666 0.7145833333333333 0.14375 0.7104166666666667 0.13125 0.6979166666666666 0.12083333333333333 0.6958333333333333
0 0.004166666666666667 0.1375 0 0.13958333333333334 0.0020833333333333333 0.21875 0.008333333333333333 0.21875 0.014583333333333334 0.21666666666666667 0.022916666666666665 0.2125 0.03125 0.20416666666666666 0.041666666666666664 0.2 0.04791666666666667 0.19375 0.052083333333333336 0.18541666666666667 0.052083333333333336 0.17291666666666666 0.03958333333333333 0.16041666666666668 0.03333333333333333 0.15208333333333332 0.03333333333333333 0.15 0.027083333333333334 0.14375 0.01875 0.13958333333333334 0.010416666666666666 0.1375
0 0.06666666666666667 0.5583333333333333 0.05416666666666667 0.5604166666666667 0.041666666666666664 0.5666666666666667 0.0375 0.5708333333333333 0.03333333333333333 0.5770833333333333 0.029166666666666667 0.5833333333333334 0.027083333333333334 0.5875 0.027083333333333334 0.6020833333333333 0.04375 0.6270833333333333 0.052083333333333336 0.6270833333333333 0.058333333333333334 0.6291666666666667 0.0625 0.63125 0.06875 0.63125 0.075 0.6291666666666667 0.07916666666666666 0.625 0.08541666666666667 0.6229166666666667 0.09166666666666666 0.6166666666666667 0.09791666666666667 0.6083333333333333 0.10208333333333333 0.6020833333333333 0.10208333333333333 0.5958333333333333 0.1 0.5833333333333334 0.09791666666666667 0.575 0.09583333333333334 0.5708333333333333 0.08958333333333333 0.5645833333333333 0.07708333333333334 0.5583333333333333
0 0.11041666666666666 0.49375 0.10416666666666667 0.49583333333333335 0.09791666666666667 0.5 0.09375 0.5041666666666667 0.0875 0.50625 0.08333333333333333 0.51875 0.08333333333333333 0.5270833333333333 0.08541666666666667 0.53125 0.09166666666666666 0.5395833333333333 0.09791666666666667 0.5458333333333333 0.10416666666666667 0.5520833333333334 0.11041666666666666 0.5541666666666667 0.11666666666666667 0.55625 0.12083333333333333 0.55625 0.13333333333333333 0.55 0.1375 0.5458333333333333 0.13958333333333334 0.5416666666666666 0.13958333333333334 0.5166666666666667 0.13541666666666666 0.5083333333333333 0.13125 0.5041666666666667 0.12291666666666666 0.49375 0.11666666666666667 0.49375
0 0.04583333333333333 0.4583333333333333 0.03958333333333333 0.46041666666666664 0.03125 0.4625 0.027083333333333334 0.46458333333333335 0.025 0.46875 0.025 0.47291666666666665 0.022916666666666665 0.4791666666666667 0.020833333333333332 0.48541666666666666 0.01875 0.4895833333333333 0.008333333333333333 0.4979166666666667 0.0020833333333333333 0.5041666666666667 0.0020833333333333333 0.5208333333333334 0.004166666666666667 0.5375 0.0125 0.5375 0.022916666666666665 0.5354166666666667 0.025 0.5333333333333333 0.04375 0.5333333333333333 0.04791666666666667 0.5354166666666667 0.05416666666666667 0.53125 0.06666666666666667 0.5208333333333334 0.07708333333333334 0.5104166666666666 0.08541666666666667 0.5041666666666667 0.0875 0.5041666666666667 0.09791666666666667 0.49583333333333335 0.1 0.4875 0.1 0.48125 0.09166666666666666 0.47291666666666665 0.075 0.46458333333333335 0.06875 0.4625 0.06041666666666667 0.46041666666666664 0.052083333333333336 0.4583333333333333
0 0.0020833333333333333 0.42916666666666664 0.0020833333333333333 0.5 0.00625 0.4979166666666667 0.010416666666666666 0.49583333333333335 0.014583333333333334 0.49166666666666664 0.020833333333333332 0.4791666666666667 0.022916666666666665 0.47291666666666665 0.022916666666666665 0.4666666666666667 0.020833333333333332 0.45625 0.0125 0.4395833333333333
0 0.029166666666666667 0.42083333333333334 0.016666666666666666 0.43125 0.016666666666666666 0.4354166666666667 0.014583333333333334 0.4395833333333333 0.020833333333333332 0.4479166666666667 0.027083333333333334 0.45416666666666666 0.035416666666666666 0.4583333333333333 0.04375 0.4583333333333333 0.05 0.45625 0.05416666666666667 0.45208333333333334 0.058333333333333334 0.44583333333333336 0.058333333333333334 0.43333333333333335 0.05416666666666667 0.425 0.04583333333333333 0.42083333333333334
0 0.035416666666666666 0.6270833333333333 0.035416666666666666 0.63125 0.03333333333333333 0.6458333333333334 0.035416666666666666 0.6520833333333333 0.03958333333333333 0.65 0.04583333333333333 0.6479166666666667 0.05416666666666667 0.6479166666666667 0.06041666666666667 0.6458333333333334 0.06875 0.6375 0.06458333333333334 0.6354166666666666 0.058333333333333334 0.63125 0.052083333333333336 0.6291666666666667 0.041666666666666664 0.6270833333333333
0 0.175 0.4666666666666667 0.16875 0.4708333333333333 0.1625 0.47291666666666665 0.15416666666666667 0.47291666666666665 0.14791666666666667 0.475 0.14166666666666666 0.47708333333333336 0.13333333333333333 0.48125 0.12916666666666668 0.48541666666666666 0.12708333333333333 0.49166666666666664 0.14791666666666667 0.5125 0.14791666666666667 0.525 0.14166666666666666 0.5354166666666667 0.14166666666666666 0.5416666666666666 0.14375 0.5479166666666667 0.14791666666666667 0.55625 0.15208333333333332 0.5604166666666667 0.16041666666666668 0.5645833333333333 0.16875 0.5666666666666667 0.17708333333333334 0.5666666666666667 0.18958333333333333 0.5645833333333333 0.19791666666666666 0.5625 0.21041666666666667 0.5520833333333334 0.2125 0.5458333333333333 0.2125 0.5270833333333333 0.21041666666666667 0.5145833333333333 0.20833333333333334 0.5041666666666667 0.20416666666666666 0.49583333333333335 0.2 0.4895833333333333 0.19375 0.48333333333333334 0.19166666666666668 0.47708333333333336 0.18541666666666667 0.4708333333333333 0.17916666666666667 0.4666666666666667
0 0.5208333333333334 0 0.51875 0.004166666666666667 0.5145833333333333 0.010416666666666666 0.5083333333333333 0.01875 0.50625 0.025 0.50625 0.03125 0.50625 0.0375 0.5083333333333333 0.041666666666666664 0.5208333333333334 0.05416666666666667 0.5270833333333333 0.058333333333333334 0.5333333333333333 0.06041666666666667 0.54375 0.06041666666666667 0.5645833333333333 0.058333333333333334 0.5708333333333333 0.05625 0.575 0.05416666666666667 0.5770833333333333 0.04791666666666667 0.5875 0.029166666666666667 0.5895833333333333 0.022916666666666665 0.5916666666666667 0.014583333333333334 0.5916666666666667 0.010416666666666666 0.5895833333333333 0.00625 0.5854166666666667 0
0 0.37083333333333335 0 0.37083333333333335 0.004166666666666667 0.375 0.0125 0.3854166666666667 0.022916666666666665 0.39375 0.025 0.4 0.025 0.425 0.020833333333333332 0.42916666666666664 0.0125 0.42916666666666664 0
0 0.16875 0.42916666666666664 0.16458333333333333 0.42916666666666664 0.15625 0.43125 0.15 0.43333333333333335 0.14791666666666667 0.4375 0.14583333333333334 0.44166666666666665 0.14583333333333334 0.44583333333333336 0.14375 0.45 0.14375 0.45625 0.15833333333333333 0.46875 0.16458333333333333 0.46875 0.16875 0.46875 0.17291666666666666 0.4666666666666667 0.17708333333333334 0.4625 0.18125 0.45625 0.18541666666666667 0.4479166666666667 0.18541666666666667 0.44166666666666665 0.18125 0.43125 0.175 0.42916666666666664
0 0.40208333333333335 0.025 0.3958333333333333 0.027083333333333334 0.38958333333333334 0.029166666666666667 0.3729166666666667 0.05 0.36875 0.05416666666666667 0.36875 0.058333333333333334 0.3645833333333333 0.06458333333333334 0.3645833333333333 0.08958333333333333 0.36875 0.09375 0.375 0.09791666666666667 0.37916666666666665 0.1 0.3854166666666667 0.10208333333333333 0.39166666666666666 0.10416666666666667 0.40625 0.10625 0.41875 0.10833333333333334 0.42291666666666666 0.10833333333333334 0.43125 0.10416666666666667 0.4354166666666667 0.1 0.4395833333333333 0.09166666666666666 0.44166666666666665 0.08541666666666667 0.44166666666666665 0.07291666666666667 0.44375 0.06458333333333334 0.44583333333333336 0.0625 0.44583333333333336 0.04375 0.44166666666666665 0.0375 0.4354166666666667 0.03125 0.4270833333333333 0.027083333333333334 0.42083333333333334 0.025
0 0.46041666666666664 0.052083333333333336 0.45416666666666666 0.05416666666666667 0.45 0.05625 0.4479166666666667 0.06041666666666667 0.44583333333333336 0.06458333333333334 0.44375 0.07291666666666667 0.44375 0.09166666666666666 0.44166666666666665 0.09583333333333334 0.4395833333333333 0.1 0.44375 0.10625 0.46458333333333335 0.12708333333333333 0.47291666666666665 0.12916666666666668 0.4791666666666667 0.12916666666666668 0.4875 0.125 0.49166666666666664 0.12083333333333333 0.49583333333333335 0.1125 0.4979166666666667 0.10625 0.5 0.09791666666666667 0.5 0.0875 0.4979166666666667 0.07708333333333334 0.49375 0.06875 0.4895833333333333 0.06458333333333334 0.4875 0.058333333333333334 0.4791666666666667 0.05416666666666667 0.46875 0.052083333333333336
0 0.004166666666666667 0.6395833333333333 0 0.6395833333333333 0 0.7166666666666667 0.004166666666666667 0.7125 0.014583333333333334 0.70625 0.01875 0.7 0.025 0.6875 0.027083333333333334 0.68125 0.027083333333333334 0.6770833333333334 0.03125 0.6708333333333333 0.03125 0.6541666666666667 0.029166666666666667 0.6479166666666667 0.027083333333333334 0.64375 0.022916666666666665 0.6416666666666667 0.01875 0.6416666666666667 0.010416666666666666 0.6395833333333333
0 0.3958333333333333 0.10625 0.38333333333333336 0.11875 0.37916666666666665 0.12291666666666666 0.375 0.13125 0.3729166666666667 0.1375 0.37083333333333335 0.14583333333333334 0.37083333333333335 0.15625 0.3729166666666667 0.1625 0.38125 0.17083333333333334 0.38958333333333334 0.175 0.3958333333333333 0.17708333333333334 0.40208333333333335 0.17916666666666667 0.41041666666666665 0.18125 0.4166666666666667 0.18125 0.42291666666666666 0.17916666666666667 0.4270833333333333 0.17708333333333334 0.4395833333333333 0.16458333333333333 0.44375 0.15833333333333333 0.44583333333333336 0.15416666666666667 0.4479166666666667 0.14791666666666667 0.4479166666666667 0.14166666666666666 0.44583333333333336 0.13333333333333333 0.44375 0.12708333333333333 0.4395833333333333 0.11875 0.4354166666666667 0.11458333333333333 0.43125 0.1125 0.425 0.11041666666666666 0.4166666666666667 0.10833333333333334 0.4041666666666667 0.10625
0 0.027083333333333334 0.7020833333333333 0.01875 0.7041666666666667 0.0125 0.7083333333333334 0.004166666666666667 0.7145833333333333 0 0.71875 0 0.7895833333333333 0.004166666666666667 0.7916666666666666 0.008333333333333333 0.79375 0.027083333333333334 0.79375 0.041666666666666664 0.7916666666666666 0.04791666666666667 0.7895833333333333 0.052083333333333336 0.7854166666666667 0.06041666666666667 0.775 0.06458333333333334 0.76875 0.06666666666666667 0.7645833333333333 0.06875 0.7416666666666667 0.06875 0.7333333333333333 0.06458333333333334 0.725 0.05 0.7104166666666667 0.03333333333333333 0.7020833333333333
0 0.3104166666666667 0 0.3104166666666667 0.00625 0.30833333333333335 0.04375 0.3104166666666667 0.052083333333333336 0.3145833333333333 0.06041666666666667 0.31875 0.06666666666666667 0.3229166666666667 0.07083333333333333 0.32708333333333334 0.07291666666666667 0.3333333333333333 0.07291666666666667 0.33958333333333335 0.075 0.3458333333333333 0.075 0.35208333333333336 0.07291666666666667 0.35833333333333334 0.06666666666666667 0.36666666666666664 0.05625 0.37083333333333335 0.05 0.3729166666666667 0.04583333333333333 0.375 0.03958333333333333 0.375 0.035416666666666666 0.36666666666666664 0.01875 0.36041666666666666 0.010416666666666666 0.3541666666666667 0.004166666666666667 0.3458333333333333 0
0 0.27291666666666664 0.00625 0.2625 0.010416666666666666 0.25833333333333336 0.014583333333333334 0.25416666666666665 0.020833333333333332 0.25 0.029166666666666667 0.25 0.035416666666666666 0.2520833333333333 0.04791666666666667 0.25416666666666665 0.05416666666666667 0.25833333333333336 0.0625 0.2625 0.06666666666666667 0.26458333333333334 0.07291666666666667 0.2791666666666667 0.075 0.28541666666666665 0.075 0.2916666666666667 0.07291666666666667 0.3020833333333333 0.0625 0.30625 0.05416666666666667 0.30625 0.035416666666666666 0.30416666666666664 0.029166666666666667 0.29791666666666666 0.016666666666666666 0.29375 0.0125 0.2791666666666667 0.00625
0 0.30416666666666664 0.07708333333333334 0.29583333333333334 0.08125 0.2916666666666667 0.08541666666666667 0.2916666666666667 0.08958333333333333 0.2791666666666667 0.1125 0.2791666666666667 0.12083333333333333 0.28125 0.13125 0.2833333333333333 0.13958333333333334 0.2875 0.14791666666666667 0.2916666666666667 0.15208333333333332 0.29583333333333334 0.15416666666666667 0.3020833333333333 0.15416666666666667 0.31666666666666665 0.1625 0.3333333333333333 0.1625 0.33958333333333335 0.15833333333333333 0.3458333333333333 0.15208333333333332 0.34791666666666665 0.14583333333333334 0.35208333333333336 0.14166666666666666 0.3541666666666667 0.13541666666666666 0.35833333333333334 0.13125 0.3625 0.12291666666666666 0.3625 0.11041666666666666 0.36041666666666666 0.10416666666666667 0.3541666666666667 0.09166666666666666 0.35 0.0875 0.3375 0.08125 0.33125 0.07916666666666666 0.3229166666666667 0.07708333333333334
0 0.2604166666666667 0.07708333333333334 0.2520833333333333 0.08125 0.24583333333333332 0.0875 0.24375 0.09166666666666666 0.24375 0.09583333333333334 0.24791666666666667 0.10416666666666667 0.26666666666666666 0.1125 0.27291666666666664 0.1125 0.2791666666666667 0.11041666666666666 0.28125 0.10416666666666667 0.2875 0.09166666666666666 0.2875 0.08541666666666667 0.28541666666666665 0.07916666666666666 0.28125 0.07916666666666666
0 0.08125 0.9875 0.07083333333333333 0.99375 0.06875 0.9979166666666667 0.10416666666666667 0.9979166666666667 0.1 0.9958333333333333 0.09583333333333334 0.9916666666666667 0.09166666666666666 0.9895833333333334 0.08541666666666667 0.9875
0 0.06875 0.05 0.06458333333333334 0.052083333333333336 0.06041666666666667 0.05625 0.05 0.06875 0.03958333333333333 0.07708333333333334 0.0375 0.07708333333333334 0.03333333333333333 0.08125 0.03333333333333333 0.09375 0.03958333333333333 0.10416666666666667 0.03958333333333333 0.11875 0.041666666666666664 0.12291666666666666 0.04583333333333333 0.12708333333333333 0.058333333333333334 0.12708333333333333 0.07916666666666666 0.125 0.08333333333333333 0.12291666666666666 0.09166666666666666 0.11666666666666667 0.09583333333333334 0.1125 0.09791666666666667 0.10625 0.09791666666666667 0.08333333333333333 0.09583333333333334 0.075 0.09375 0.06875 0.09166666666666666 0.06458333333333334 0.08125 0.05416666666666667 0.07291666666666667 0.05
0 0.12916666666666668 0.07916666666666666 0.11041666666666666 0.0875 0.10625 0.09166666666666666 0.09791666666666667 0.10833333333333334 0.09583333333333334 0.11458333333333333 0.09375 0.12291666666666666 0.09375 0.12916666666666668 0.09583333333333334 0.13541666666666666 0.09791666666666667 0.14166666666666666 0.1 0.14583333333333334 0.10208333333333333 0.15 0.10625 0.15208333333333332 0.1125 0.15416666666666667 0.12291666666666666 0.15625 0.12916666666666668 0.15625 0.13541666666666666 0.15416666666666667 0.14791666666666667 0.14791666666666667 0.15208333333333332 0.14375 0.15416666666666667 0.1375 0.15833333333333333 0.13333333333333333 0.1625 0.125 0.1625 0.1125 0.15833333333333333 0.10416666666666667 0.15416666666666667 0.1 0.15208333333333332 0.09375 0.14791666666666667 0.08958333333333333 0.13958333333333334 0.07916666666666666 0.13541666666666666 0.07916666666666666
0 0.0375 0.03333333333333333 0.029166666666666667 0.0375 0.022916666666666665 0.04375 0.01875 0.05 0.014583333333333334 0.058333333333333334 0.0125 0.06666666666666667 0.025 0.08125 0.029166666666666667 0.08125 0.03333333333333333 0.07916666666666666 0.03958333333333333 0.075 0.05 0.06666666666666667 0.058333333333333334 0.058333333333333334 0.0625 0.052083333333333336 0.06041666666666667 0.0375 0.052083333333333336 0.03333333333333333
0 0.06041666666666667 0.12708333333333333 0.05416666666666667 0.12916666666666668 0.04583333333333333 0.13125 0.0375 0.13541666666666666 0.03333333333333333 0.14166666666666666 0.03125 0.14583333333333334 0.035416666666666666 0.15 0.041666666666666664 0.15833333333333333 0.041666666666666664 0.16041666666666668 0.05416666666666667 0.17291666666666666 0.0625 0.175 0.06875 0.175 0.07708333333333334 0.17083333333333334 0.08333333333333333 0.16666666666666666 0.08958333333333333 0.16041666666666668 0.09375 0.15208333333333332 0.09375 0.1375 0.08958333333333333 0.12916666666666668
0 0.23333333333333334 0.14375 0.225 0.14583333333333334 0.21666666666666667 0.15 0.21041666666666667 0.15416666666666667 0.20625 0.15833333333333333 0.2 0.16041666666666668 0.19583333333333333 0.16458333333333333 0.19166666666666668 0.17291666666666666 0.18958333333333333 0.17916666666666667 0.1875 0.19166666666666668 0.1875 0.20416666666666666 0.18958333333333333 0.21041666666666667 0.19791666666666666 0.21875 0.20625 0.22291666666666668 0.21041666666666667 0.22291666666666668 0.21666666666666667 0.22708333333333333 0.23333333333333334 0.22708333333333333 0.25 0.21875 0.2625 0.20625 0.26458333333333334 0.2 0.26458333333333334 0.19166666666666668 0.2625 0.1875 0.26666666666666666 0.18125 0.26458333333333334 0.175 0.2625 0.17083333333333334 0.25833333333333336 0.16458333333333333 0.2520833333333333 0.15833333333333333 0.25 0.15208333333333332 0.24583333333333332 0.14791666666666667 0.2375 0.14375
0 0.29791666666666666 0.15625 0.28958333333333336 0.15833333333333333 0.2833333333333333 0.1625 0.275 0.17083333333333334 0.26875 0.17916666666666667 0.26666666666666666 0.18541666666666667 0.26666666666666666 0.19166666666666668 0.26875 0.19791666666666666 0.2791666666666667 0.20833333333333334 0.2833333333333333 0.21041666666666667 0.28958333333333336 0.2125 0.3 0.21458333333333332 0.30625 0.21458333333333332 0.3125 0.21041666666666667 0.31666666666666665 0.20625 0.32083333333333336 0.19791666666666666 0.32083333333333336 0.18958333333333333 0.325 0.18541666666666667 0.325 0.18125 0.32083333333333336 0.17291666666666666 0.31666666666666665 0.16666666666666666 0.3104166666666667 0.16041666666666668 0.3020833333333333 0.15625
0 0.3416666666666667 0.18125 0.3333333333333333 0.18333333333333332 0.325 0.1875 0.3229166666666667 0.20416666666666666 0.31666666666666665 0.21458333333333332 0.31666666666666665 0.22708333333333333 0.32083333333333336 0.23541666666666666 0.3375 0.2375 0.34375 0.23541666666666666 0.35625 0.22916666666666666 0.36666666666666664 0.21875 0.36875 0.2125 0.36875 0.20625 0.36666666666666664 0.2 0.3645833333333333 0.19583333333333333 0.36041666666666666 0.18958333333333333 0.35625 0.18541666666666667 0.34791666666666665 0.18125
0 0.04583333333333333 0.2 0.03125 0.20625 0.027083333333333334 0.21041666666666667 0.01875 0.22083333333333333 0.0125 0.22916666666666666 0.004166666666666667 0.23958333333333334 0 0.24583333333333332 0 0.2604166666666667 0.0020833333333333333 0.26458333333333334 0.004166666666666667 0.26875 0.008333333333333333 0.2708333333333333 0.0125 0.2708333333333333 0.01875 0.27291666666666664 0.020833333333333332 0.275 0.027083333333333334 0.27708333333333335 0.035416666666666666 0.27708333333333335 0.041666666666666664 0.275 0.05625 0.26666666666666666 0.06041666666666667 0.26666666666666666 0.07291666666666667 0.2604166666666667 0.07708333333333334 0.25625 0.08125 0.24791666666666667 0.08125 0.23333333333333334 0.07916666666666666 0.22708333333333333 0.07291666666666667 0.21458333333333332 0.06666666666666667 0.20833333333333334 0.058333333333333334 0.20208333333333334 0.052083333333333336 0.2
0 0.79375 0.3229166666666667 0.7895833333333333 0.325 0.78125 0.33125 0.7770833333333333 0.33958333333333335 0.775 0.35208333333333336 0.775 0.35625 0.7791666666666667 0.3645833333333333 0.7833333333333333 0.37083333333333335 0.8 0.375 0.8104166666666667 0.375 0.8145833333333333 0.3729166666666667 0.8208333333333333 0.36875 0.825 0.35625 0.825 0.3458333333333333 0.8208333333333333 0.3375 0.8166666666666667 0.3333333333333333 0.8145833333333333 0.32708333333333334 0.8020833333333334 0.3229166666666667
0 0.8645833333333334 0.31875 0.8583333333333333 0.3229166666666667 0.85 0.32916666666666666 0.8479166666666667 0.3375 0.85 0.3416666666666667 0.85 0.3458333333333333 0.8520833333333333 0.35 0.8541666666666666 0.3541666666666667 0.8583333333333333 0.35625 0.8645833333333334 0.35625 0.8729166666666667 0.35625 0.88125 0.35 0.8854166666666666 0.3458333333333333 0.8875 0.3416666666666667 0.8895833333333333 0.3333333333333333 0.8895833333333333 0.32916666666666666 0.8791666666666667 0.31875
0 0.96875 0.39791666666666664 0.9520833333333333 0.4 0.9416666666666667 0.40208333333333335 0.9333333333333333 0.4083333333333333 0.925 0.4166666666666667 0.9208333333333333 0.425 0.9208333333333333 0.4583333333333333 0.9333333333333333 0.47291666666666665 0.9479166666666666 0.4875 0.9645833333333333 0.4895833333333333 0.9791666666666666 0.4895833333333333 0.9875 0.48541666666666666 0.99375 0.4791666666666667 0.9979166666666667 0.47291666666666665 0.9979166666666667 0.4083333333333333 0.99375 0.4041666666666667 0.9854166666666667 0.4 0.9791666666666666 0.39791666666666664
0 0.9791666666666666 0.1125 0.9666666666666667 0.11458333333333333 0.9604166666666667 0.11666666666666667 0.9604166666666667 0.12291666666666666 0.9625 0.12916666666666668 0.975 0.13125 0.9833333333333333 0.13125 0.9875 0.12083333333333333 0.9854166666666667 0.11458333333333333
0 0.12083333333333333 0.2916666666666667 0.11041666666666666 0.3020833333333333 0.10625 0.3104166666666667 0.10625 0.3229166666666667 0.10833333333333334 0.32708333333333334 0.1125 0.33125 0.11666666666666667 0.32916666666666666 0.13125 0.3145833333333333 0.1375 0.30833333333333335 0.13958333333333334 0.30416666666666664 0.1375 0.3 0.13541666666666666 0.29583333333333334 0.12708333333333333 0.2916666666666667
0 0.05416666666666667 0.33125 0.04791666666666667 0.3333333333333333 0.03958333333333333 0.34375 0.03958333333333333 0.35 0.041666666666666664 0.3541666666666667 0.041666666666666664 0.35833333333333334 0.04375 0.3645833333333333 0.04583333333333333 0.36875 0.04791666666666667 0.3729166666666667 0.05416666666666667 0.37083333333333335 0.07291666666666667 0.3729166666666667 0.07916666666666666 0.36666666666666664 0.08333333333333333 0.35833333333333334 0.08333333333333333 0.35 0.08125 0.34375 0.06875 0.3333333333333333 0.0625 0.33125
0 0.00625 0.3104166666666667 0 0.3125 0 0.35 0.010416666666666666 0.35 0.016666666666666666 0.3458333333333333 0.020833333333333332 0.3458333333333333 0.027083333333333334 0.34375 0.03125 0.3416666666666667 0.03958333333333333 0.3333333333333333 0.03958333333333333 0.32083333333333336 0.035416666666666666 0.3125
0 0.014583333333333334 0.35 0.008333333333333333 0.35208333333333336 0.0020833333333333333 0.35625 0.0020833333333333333 0.4125 0.008333333333333333 0.4125 0.016666666666666666 0.41041666666666665 0.027083333333333334 0.40625 0.029166666666666667 0.40208333333333335 0.029166666666666667 0.39791666666666664 0.03125 0.39166666666666666 0.03958333333333333 0.3770833333333333 0.03958333333333333 0.36666666666666664 0.0375 0.36041666666666666 0.03333333333333333 0.35208333333333336
0 0.05 0.3729166666666667 0.03333333333333333 0.39166666666666666 0.03125 0.39791666666666664 0.029166666666666667 0.4041666666666667 0.029166666666666667 0.4083333333333333 0.03333333333333333 0.4166666666666667 0.052083333333333336 0.41875 0.06041666666666667 0.4166666666666667 0.06666666666666667 0.41458333333333336 0.07083333333333333 0.4125 0.075 0.4083333333333333 0.07916666666666666 0.40208333333333335 0.08125 0.3958333333333333 0.08125 0.39166666666666666 0.07083333333333333 0.37916666666666665 0.06666666666666667 0.37916666666666665 0.06041666666666667 0.3770833333333333 0.05416666666666667 0.3729166666666667
0 0.09791666666666667 0.3541666666666667 0.09375 0.3541666666666667 0.08958333333333333 0.35625 0.08125 0.3645833333333333 0.07916666666666666 0.37083333333333335 0.07916666666666666 0.3770833333333333 0.08125 0.38333333333333336 0.08541666666666667 0.3875 0.09791666666666667 0.4 0.10833333333333334 0.40208333333333335 0.1125 0.40208333333333335 0.11666666666666667 0.39791666666666664 0.12083333333333333 0.39166666666666666 0.12083333333333333 0.37916666666666665 0.11666666666666667 0.3729166666666667 0.11666666666666667 0.36875 0.1125 0.36041666666666666 0.10625 0.3541666666666667
0 0.14583333333333334 0.3104166666666667 0.1375 0.3125 0.13125 0.31666666666666665 0.12291666666666666 0.325 0.11875 0.33125 0.11666666666666667 0.3375 0.11458333333333333 0.35 0.11458333333333333 0.35625 0.12291666666666666 0.37083333333333335 0.12291666666666666 0.38333333333333336 0.13125 0.39166666666666666 0.13958333333333334 0.39375 0.16875 0.39375 0.17708333333333334 0.38958333333333334 0.18541666666666667 0.38333333333333336 0.18958333333333333 0.37916666666666665 0.19375 0.37083333333333335 0.19583333333333333 0.3625 0.19583333333333333 0.3416666666666667 0.19375 0.33541666666666664 0.18958333333333333 0.32708333333333334 0.18125 0.31875 0.175 0.3145833333333333 0.16666666666666666 0.3104166666666667
0 0.25833333333333336 0.3333333333333333 0.25 0.33541666666666664 0.24166666666666667 0.33958333333333335 0.2375 0.34375 0.23333333333333334 0.35 0.23125 0.3541666666666667 0.22916666666666666 0.36041666666666666 0.22916666666666666 0.3645833333333333 0.225 0.37083333333333335 0.225 0.375 0.22708333333333333 0.38125 0.23333333333333334 0.39166666666666666 0.23333333333333334 0.39791666666666664 0.24375 0.4083333333333333 0.2520833333333333 0.4125 0.2604166666666667 0.41458333333333336 0.2708333333333333 0.41458333333333336 0.2791666666666667 0.4083333333333333 0.2833333333333333 0.4041666666666667 0.2916666666666667 0.39375 0.2916666666666667 0.3645833333333333 0.28958333333333336 0.35833333333333334 0.28541666666666665 0.35 0.2791666666666667 0.3416666666666667 0.275 0.3375 0.2708333333333333 0.33541666666666664 0.26458333333333334 0.3333333333333333
0 0.20416666666666666 0.375 0.19375 0.37916666666666665 0.18958333333333333 0.3854166666666667 0.18333333333333332 0.3875 0.17916666666666667 0.3958333333333333 0.17916666666666667 0.41875 0.18125 0.4270833333333333 0.18541666666666667 0.4354166666666667 0.20208333333333334 0.4375 0.20833333333333334 0.43333333333333335 0.2125 0.43333333333333335 0.22083333333333333 0.42916666666666664 0.22708333333333333 0.42291666666666666 0.23125 0.41458333333333336 0.23333333333333334 0.4083333333333333 0.23333333333333334 0.40208333333333335 0.23125 0.39166666666666666 0.22708333333333333 0.38333333333333336 0.21875 0.375
0 0.2833333333333333 0.40625 0.27708333333333335 0.41041666666666665 0.2708333333333333 0.4166666666666667 0.26666666666666666 0.42291666666666666 0.26458333333333334 0.42916666666666664 0.26458333333333334 0.4395833333333333 0.26666666666666666 0.44583333333333336 0.2708333333333333 0.45208333333333334 0.275 0.45625 0.28541666666666665 0.46041666666666664 0.28958333333333336 0.46458333333333335 0.29583333333333334 0.46875 0.30416666666666664 0.4708333333333333 0.3125 0.46875 0.31666666666666665 0.46458333333333335 0.31666666666666665 0.46041666666666664 0.31875 0.45208333333333334 0.325 0.44166666666666665 0.325 0.42916666666666664 0.3145833333333333 0.41875 0.30416666666666664 0.41458333333333336 0.29583333333333334 0.40625
0 0.6104166666666667 0.21041666666666667 0.6041666666666666 0.21041666666666667 0.5979166666666667 0.2125 0.5958333333333333 0.21666666666666667 0.5916666666666667 0.225 0.5916666666666667 0.23333333333333334 0.59375 0.24166666666666667 0.5958333333333333 0.24583333333333332 0.6 0.2520833333333333 0.6208333333333333 0.25416666666666665 0.6291666666666667 0.25 0.6354166666666666 0.24583333333333332 0.6395833333333333 0.2375 0.6395833333333333 0.23333333333333334 0.6354166666666666 0.225 0.63125 0.21875 0.6270833333333333 0.21458333333333332 0.6166666666666667 0.21041666666666667
0 0.4041666666666667 0.23125 0.4 0.23333333333333334 0.39166666666666666 0.23958333333333334 0.38333333333333336 0.24583333333333332 0.37916666666666665 0.25625 0.3770833333333333 0.26875 0.3770833333333333 0.275 0.39791666666666664 0.29583333333333334 0.41458333333333336 0.29791666666666666 0.4270833333333333 0.29791666666666666 0.4375 0.2875 0.44583333333333336 0.27708333333333335 0.44583333333333336 0.25 0.4375 0.23958333333333334 0.42916666666666664 0.23125
0 0.4479166666666667 0.30625 0.4354166666666667 0.30833333333333335 0.42916666666666664 0.3104166666666667 0.4270833333333333 0.3145833333333333 0.41875 0.33125 0.41875 0.33541666666666664 0.42083333333333334 0.34375 0.42291666666666666 0.35 0.43333333333333335 0.35833333333333334 0.4375 0.3625 0.44166666666666665 0.3645833333333333 0.44583333333333336 0.3645833333333333 0.45625 0.3625 0.46458333333333335 0.35833333333333334 0.46875 0.35208333333333336 0.47291666666666665 0.34375 0.47291666666666665 0.3375 0.4708333333333333 0.325 0.4666666666666667 0.3145833333333333 0.46041666666666664 0.3104166666666667 0.45208333333333334 0.30625
0 0.4979166666666667 0.3375 0.49583333333333335 0.3458333333333333 0.49583333333333335 0.35208333333333336 0.50625 0.3541666666666667 0.5125 0.3541666666666667 0.5125 0.33958333333333335 0.5041666666666667 0.3375
0 0.89375 0.8291666666666667 0.88125 0.83125 0.8729166666666667 0.8333333333333334 0.85625 0.85 0.85625 0.85625 0.8583333333333333 0.86875 0.8604166666666667 0.875 0.8791666666666667 0.89375 0.8875 0.89375 0.9 0.8895833333333333 0.90625 0.88125 0.9125 0.8729166666666667 0.9145833333333333 0.86875 0.9145833333333333 0.85 0.9104166666666667 0.84375 0.9020833333333333 0.8333333333333334 0.8979166666666667 0.8291666666666667
0 0.8041666666666667 0.49166666666666664 0.7916666666666666 0.5041666666666667 0.7916666666666666 0.5104166666666666 0.79375 0.5166666666666667 0.8041666666666667 0.5270833333333333 0.8125 0.5291666666666667 0.81875 0.5291666666666667 0.8229166666666666 0.525 0.8270833333333333 0.51875 0.8270833333333333 0.5104166666666666 0.825 0.4979166666666667 0.81875 0.49166666666666664
0 0.4791666666666667 0.4354166666666667 0.475 0.4395833333333333 0.46458333333333335 0.45416666666666666 0.46458333333333335 0.4708333333333333 0.46875 0.4895833333333333 0.475 0.49166666666666664 0.4791666666666667 0.49583333333333335 0.48541666666666666 0.5 0.49375 0.5041666666666667 0.5 0.5041666666666667 0.5083333333333333 0.5020833333333333 0.51875 0.49166666666666664 0.5270833333333333 0.48125 0.5270833333333333 0.46041666666666664 0.525 0.45625 0.51875 0.4479166666666667 0.5125 0.4395833333333333 0.5083333333333333 0.4354166666666667
0 0.4125 0.475 0.3958333333333333 0.48333333333333334 0.38125 0.4979166666666667 0.37916666666666665 0.5020833333333333 0.3770833333333333 0.5104166666666666 0.3770833333333333 0.5145833333333333 0.4 0.5541666666666667 0.4041666666666667 0.5583333333333333 0.4083333333333333 0.5604166666666667 0.425 0.5604166666666667 0.43125 0.55625 0.4354166666666667 0.55625 0.4479166666666667 0.55 0.45208333333333334 0.5458333333333333 0.4583333333333333 0.5375 0.46458333333333335 0.5291666666666667 0.4666666666666667 0.525 0.4666666666666667 0.5125 0.46458333333333335 0.4979166666666667 0.4583333333333333 0.4895833333333333 0.45208333333333334 0.48333333333333334 0.44375 0.4791666666666667 0.4395833333333333 0.4791666666666667 0.43333333333333335 0.475
0 0.5333333333333333 0.53125 0.51875 0.54375 0.5083333333333333 0.5541666666666667 0.50625 0.5645833333333333 0.50625 0.5729166666666666 0.5104166666666666 0.5791666666666667 0.5208333333333334 0.5916666666666667 0.525 0.5958333333333333 0.5375 0.5979166666666667 0.5458333333333333 0.5979166666666667 0.5541666666666667 0.59375 0.5583333333333333 0.5895833333333333 0.5708333333333333 0.5770833333333333 0.5708333333333333 0.5729166666666666 0.575 0.5666666666666667 0.575 0.5625 0.5729166666666666 0.55625 0.5708333333333333 0.55 0.56875 0.5458333333333333 0.5583333333333333 0.5354166666666667 0.5520833333333334 0.5333333333333333 0.5395833333333333 0.53125
0 0.64375 0.6208333333333333 0.6291666666666667 0.6229166666666667 0.6208333333333333 0.6291666666666667 0.6166666666666667 0.6333333333333333 0.6104166666666667 0.6458333333333334 0.6104166666666667 0.65 0.6041666666666666 0.6604166666666667 0.6041666666666666 0.6666666666666666 0.60625 0.6791666666666667 0.6083333333333333 0.6854166666666667 0.6125 0.6895833333333333 0.6208333333333333 0.6958333333333333 0.63125 0.7041666666666667 0.6375 0.7083333333333334 0.65 0.7083333333333334 0.6645833333333333 0.70625 0.68125 0.6979166666666666 0.6854166666666667 0.69375 0.6875 0.6875 0.6916666666666667 0.6833333333333333 0.6979166666666666 0.6708333333333333 0.6979166666666666 0.6625 0.6958333333333333 0.6520833333333333 0.6916666666666667 0.64375 0.6875 0.6395833333333333 0.6791666666666667 0.6291666666666667 0.675 0.6291666666666667 0.66875 0.625 0.6625 0.6229166666666667 0.65625 0.6208333333333333
0 0.3333333333333333 0.5166666666666667 0.32083333333333336 0.5270833333333333 0.3125 0.5354166666666667 0.3104166666666667 0.54375 0.30833333333333335 0.5604166666666667 0.30833333333333335 0.56875 0.31875 0.58125 0.32916666666666666 0.5916666666666667 0.33541666666666664 0.59375 0.34791666666666665 0.5958333333333333 0.35208333333333336 0.5958333333333333 0.3770833333333333 0.5708333333333333 0.37916666666666665 0.5645833333333333 0.38125 0.5541666666666667 0.38125 0.5479166666666667 0.37916666666666665 0.5416666666666666 0.36666666666666664 0.5291666666666667 0.3625 0.525 0.35 0.51875 0.3416666666666667 0.5166666666666667
0 0.3125 0.4708333333333333 0.30625 0.4708333333333333 0.29791666666666666 0.47291666666666665 0.29375 0.475 0.2875 0.48125 0.2833333333333333 0.4875 0.2833333333333333 0.4979166666666667 0.28541666666666665 0.5104166666666666 0.2916666666666667 0.5166666666666667 0.3 0.5229166666666667 0.31666666666666665 0.5229166666666667 0.325 0.51875 0.32916666666666666 0.5145833333333333 0.33541666666666664 0.5125 0.3375 0.4895833333333333 0.31666666666666665 0.46875
0 0.26458333333333334 0.5229166666666667 0.2604166666666667 0.525 0.25416666666666665 0.53125 0.24791666666666667 0.5354166666666667 0.24166666666666667 0.5416666666666666 0.23958333333333334 0.5479166666666667 0.23958333333333334 0.5520833333333334 0.23958333333333334 0.5604166666666667 0.24375 0.5645833333333333 0.24583333333333332 0.5708333333333333 0.25 0.575 0.25625 0.58125 0.2625 0.58125 0.26875 0.5833333333333334 0.275 0.5833333333333334 0.28125 0.58125 0.2875 0.5770833333333333 0.2916666666666667 0.5729166666666666 0.3 0.5541666666666667 0.30416666666666664 0.5479166666666667 0.3 0.5416666666666666 0.29583333333333334 0.53125 0.2875 0.5270833333333333 0.2791666666666667 0.525 0.26875 0.5229166666666667
0 0.12916666666666668 0.39375 0.125 0.3958333333333333 0.12083333333333333 0.39791666666666664 0.11666666666666667 0.40208333333333335 0.11041666666666666 0.4041666666666667 0.10625 0.4083333333333333 0.1 0.41041666666666665 0.09791666666666667 0.4375 0.10625 0.45416666666666666 0.11875 0.45625 0.13125 0.45416666666666666 0.1375 0.45 0.14166666666666666 0.44583333333333336 0.14375 0.44166666666666665 0.14583333333333334 0.4354166666666667 0.14583333333333334 0.42916666666666664 0.14166666666666666 0.42291666666666666 0.14166666666666666 0.4083333333333333 0.1375 0.4 0.13333333333333333 0.3958333333333333
0 0.06652083333333333 0.4540416666666667 0.063875 0.44604166666666667 0.06279166666666666 0.4380625 0.06227083333333334 0.4300833333333333 0.06652083333333333 0.42262500000000003 0.0734375 0.41783333333333333 0.08143750000000001 0.4157083333333333 0.08941666666666667 0.41622916666666665 0.09260416666666667 0.4236875 0.09260416666666667 0.43220833333333336 0.09472916666666667 0.44072916666666667 0.099 0.44764583333333335 0.10166666666666666 0.455625 0.09845833333333333 0.46308333333333335 0.09102083333333333 0.46627083333333336 0.08302083333333334 0.4641458333333333
0 0.1474375 0.4236875 0.14583333333333334 0.4157083333333333 0.146375 0.4071875 0.15222916666666667 0.4013333333333333 0.16020833333333334 0.3997291666666667 0.16818750000000002 0.40081249999999996 0.17245833333333332 0.4077291666666667 0.1703125 0.4157083333333333 0.16339583333333335 0.4205
0 0.0047708333333333335 0.544 0.012229166666666668 0.5402708333333333 0.02020833333333333 0.5376041666666667 0.028208333333333332 0.5370625 0.036187500000000004 0.5365416666666667 0.04416666666666667 0.5376041666666667 0.050562499999999996 0.5429166666666667 0.051083333333333335 0.5509166666666666 0.04522916666666667 0.5583541666666666 0.03885416666666666 0.5636875 0.03245833333333333 0.5690000000000001 0.025541666666666667 0.5737916666666667 0.018083333333333333 0.577 0.010104166666666666 0.5796458333333334 0.002125 0.579125 0 0.5780625 0 0.5464583333333334
0 0 0.5817083333333334 0.0074375 0.5807083333333334 0.014895833333333334 0.5844374999999999 0.01914583333333333 0.5913541666666667 0.02020833333333333 0.5993541666666666 0.0196875 0.6073333333333333 0.018625 0.6153125 0.015416666666666667 0.6227708333333334 0.010104166666666666 0.6291458333333334 0.0031875000000000002 0.6334166666666667 0 0.6332291666666666
0 0.15062499999999998 0.8287708333333333 0.14477083333333332 0.8229166666666666 0.14316666666666666 0.8143958333333334 0.1474375 0.8069375 0.15489583333333332 0.8037500000000001 0.16287500000000002 0.8010833333333333 0.16979166666666667 0.8053333333333333 0.17297916666666666 0.8127916666666667 0.17352083333333335 0.8207708333333333 0.16979166666666667 0.8282291666666667
0 0.08195833333333334 0.7702083333333333 0.07610416666666667 0.7643541666666667 0.07237500000000001 0.7568958333333333 0.07079166666666666 0.7489166666666667 0.07237500000000001 0.7409374999999999 0.07610416666666667 0.7334791666666667 0.0825 0.727625 0.0899375 0.7308125000000001 0.09472916666666667 0.73775 0.09952083333333334 0.7446666666666667 0.1021875 0.7526458333333333 0.10166666666666666 0.760625 0.0979375 0.7680833333333333
0 0 0.9618541666666667 0.0063750000000000005 0.9676875 0.010645833333333334 0.9746041666666667 0.013833333333333333 0.9820625 0.0165 0.9900416666666667 0.0165 0.9991041666666667 0.016041666666666666 1 0 1
0 0.10591666666666667 0.07575 0.10191666666666667 0.06997916666666668 0.09747916666666666 0.06422916666666666 0.09260416666666667 0.059333333333333335 0.08729166666666667 0.05489583333333334 0.0850625 0.04825 0.08683333333333333 0.041604166666666664 0.09083333333333334 0.035833333333333335 0.09704166666666666 0.03229166666666667 0.1028125 0.028729166666666663 0.10902083333333333 0.025187499999999998 0.11566666666666667 0.024291666666666666 0.12277083333333333 0.02475 0.12897916666666667 0.028291666666666666 0.13385416666666666 0.033166666666666664 0.13829166666666665 0.0385 0.14052083333333334 0.04558333333333333 0.14185416666666667 0.05225 0.14185416666666667 0.059333333333333335 0.139625 0.066 0.13475 0.07087500000000001 0.12897916666666667 0.074875 0.12233333333333334 0.07708333333333334 0.116125 0.07975
0 0.05445833333333334 0.006104166666666667 0.053125 0.012770833333333334 0.053125 0.019854166666666666 0.05489583333333334 0.02695833333333333 0.05845833333333333 0.03272916666666667 0.06510416666666667 0.034937499999999996 0.07175 0.035833333333333335 0.07929166666666668 0.03539583333333333 0.08552083333333332 0.03229166666666667 0.09172916666666667 0.029187499999999998 0.09747916666666666 0.025187499999999998 0.10325000000000001 0.021645833333333333 0.10858333333333332 0.016749999999999998 0.11035416666666667 0.010104166666666666 0.10902083333333333 0.0034583333333333332 0.10729166666666666 0 0.05629166666666666 0
0 0 0.006833333333333333 0.0047708333333333335 0.009208333333333334 0.011000000000000001 0.011875 0.017645833333333336 0.013645833333333333 0.024291666666666666 0.013208333333333332 0.03095833333333333 0.0114375 0.036708333333333336 0.007895833333333333 0.042041666666666665 0.0025625 0.042333333333333334 0 0 0
0 0.0003541666666666667 0.010104166666666666 0.007 0.011000000000000001 0.013208333333333332 0.014541666666666668 0.018083333333333333 0.019854166666666666 0.02075 0.0260625 0.022083333333333333 0.03272916666666667 0.019854166666666666 0.039375 0.017208333333333332 0.04558333333333333 0.012770833333333334 0.05091666666666667 0.007 0.05622916666666666 0 0.057979166666666665 0 0.010229166666666668
0 0.17291666666666666 0 0.17379166666666668 0.004333333333333333 0.17422916666666666 0.011000000000000001 0.17422916666666666 0.018979166666666665 0.17777083333333332 0.02475 0.18264583333333334 0.029625000000000002 0.18885416666666668 0.03229166666666667 0.1955208333333333 0.033166666666666664 0.2021666666666667 0.03139583333333333 0.20883333333333332 0.0300625 0.21458333333333332 0.0260625 0.22035416666666666 0.022083333333333333 0.22568749999999999 0.017645833333333336 0.230125 0.0123125 0.23322916666666668 0.006104166666666667 0.233625 0
0 0.20350000000000001 0.05622916666666666 0.20172916666666665 0.04914583333333333 0.2021666666666667 0.042479166666666665 0.20572916666666666 0.036708333333333336 0.2114791666666667 0.03229166666666667 0.21768749999999998 0.029625000000000002 0.22389583333333332 0.02695833333333333 0.23099999999999998 0.02695833333333333 0.23766666666666666 0.029187499999999998 0.243875 0.03229166666666667 0.24875 0.03716666666666667 0.25052083333333336 0.043812500000000004 0.2514166666666667 0.050458333333333334 0.25052083333333336 0.057125 0.24785416666666665 0.06333333333333332 0.24254166666666668 0.06864583333333334 0.235875 0.06997916666666668 0.230125 0.0664375 0.22389583333333332 0.06377083333333333 0.21768749999999998 0.06110416666666666
0 0.15824999999999997 0.0890625 0.153375 0.0841875 0.1489375 0.07841666666666666 0.14495833333333333 0.07264583333333333 0.14316666666666666 0.066 0.14316666666666666 0.058895833333333335 0.14495833333333333 0.05225 0.1493958333333333 0.04691666666666667 0.15514583333333334 0.042479166666666665 0.16091666666666665 0.0385 0.16802083333333334 0.035833333333333335 0.17466666666666666 0.034937499999999996 0.18220833333333333 0.034937499999999996 0.18885416666666668 0.03539583333333333 0.19508333333333333 0.0389375 0.1995 0.04425 0.19995833333333335 0.05091666666666667 0.19729166666666667 0.057125 0.19241666666666665 0.062000000000000006 0.18708333333333332 0.0664375 0.18177083333333333 0.07131249999999999 0.17689583333333334 0.07664583333333333 0.17245833333333332 0.08195833333333334 0.16889583333333333 0.088625
0 0.271375 0.0012291666666666666 0.27802083333333333 0.0025625 0.2846666666666666 0.004333333333333333 0.2908958333333333 0.007895833333333333 0.29754166666666665 0.010104166666666666 0.3033125 0.006104166666666667 0.304125 0 0.27112499999999995 0
0 0.518 0.116125 0.5113333333333333 0.11479166666666667 0.5073541666666667 0.10902083333333333 0.505125 0.10237500000000001 0.5082291666666666 0.09570833333333333 0.513125 0.09039583333333333 0.518875 0.08639583333333332 0.5259791666666667 0.0841875 0.532625 0.08595833333333333 0.5348541666666667 0.09260416666666667 0.5339583333333333 0.09927083333333334 0.532625 0.10591666666666667 0.5290833333333333 0.1116875
0 0.5969583333333334 0.0065625 0.595625 0.013208333333333332 0.5991666666666667 0.01941666666666667 0.6040416666666667 0.024291666666666666 0.6102500000000001 0.027854166666666666 0.6169166666666667 0.02695833333333333 0.6213541666666667 0.021645833333333333 0.6222291666666667 0.014979166666666667 0.6204583333333333 0.008333333333333333 0.6160208333333334 0.0025625 0.6136666666666667 0 0.6010416666666667 0 0.5987291666666666 0.002125
0 0.10625 0.15625 0.09791666666666667 0.15833333333333333 0.08958333333333333 0.1625 0.08125 0.16875 0.07708333333333334 0.17291666666666666 0.058333333333333334 0.18125 0.05625 0.19375 0.06041666666666667 0.2 0.075 0.21458333333333332 0.07708333333333334 0.22083333333333333 0.08125 0.22708333333333333 0.0875 0.23541666666666666 0.09375 0.23541666666666666 0.1125 0.23541666666666666 0.11875 0.23333333333333334 0.12708333333333333 0.23125 0.13541666666666666 0.22708333333333333 0.14166666666666666 0.22291666666666668 0.14583333333333334 0.21875 0.14583333333333334 0.21458333333333332 0.15 0.20833333333333334 0.15208333333333332 0.20208333333333334 0.15208333333333332 0.18958333333333333 0.15 0.18333333333333332 0.14583333333333334 0.17708333333333334 0.12916666666666668 0.16041666666666668 0.12083333333333333 0.15625
0 0.00625 0.275 0 0.27708333333333335 0 0.3104166666666667 0.004166666666666667 0.3104166666666667 0.025 0.30833333333333335 0.03333333333333333 0.30416666666666664 0.0375 0.29583333333333334 0.0375 0.28541666666666665 0.035416666666666666 0.2791666666666667 0.027083333333333334 0.2791666666666667 0.020833333333333332 0.27708333333333335 0.01875 0.275
0 0.07708333333333334 0.2604166666666667 0.07083333333333333 0.2625 0.05 0.27291666666666664 0.04375 0.2791666666666667 0.03958333333333333 0.28541666666666665 0.03958333333333333 0.29583333333333334 0.041666666666666664 0.31875 0.04583333333333333 0.3229166666666667 0.052083333333333336 0.32708333333333334 0.05625 0.32916666666666666 0.06458333333333334 0.33125 0.08333333333333333 0.33125 0.08958333333333333 0.32916666666666666 0.09791666666666667 0.325 0.10416666666666667 0.31875 0.10416666666666667 0.3104166666666667 0.10833333333333334 0.30416666666666664 0.10833333333333334 0.3 0.10625 0.29375 0.10416666666666667 0.2875 0.09375 0.27708333333333335 0.09166666666666666 0.2708333333333333 0.08125 0.2604166666666667
0 0.0875 0.24166666666666667 0.08333333333333333 0.24583333333333332 0.08333333333333333 0.25833333333333336 0.0875 0.26458333333333334 0.09375 0.2708333333333333 0.09583333333333334 0.27708333333333335 0.10208333333333333 0.2833333333333333 0.10833333333333334 0.2875 0.1125 0.2875 0.12083333333333333 0.2833333333333333 0.125 0.275 0.125 0.26875 0.12291666666666666 0.2625 0.11875 0.25625 0.10416666666666667 0.24166666666666667 0.09791666666666667 0.23958333333333334
0 0.13125 0.23125 0.12083333333333333 0.23333333333333334 0.11458333333333333 0.23541666666666666 0.11041666666666666 0.2375 0.11041666666666666 0.24166666666666667 0.1125 0.24791666666666667 0.11666666666666667 0.2520833333333333 0.125 0.25833333333333336 0.125 0.2604166666666667 0.12916666666666668 0.26458333333333334 0.14583333333333334 0.26458333333333334 0.15833333333333333 0.25833333333333336 0.16041666666666668 0.25 0.15833333333333333 0.24375 0.15208333333333332 0.2375 0.14583333333333334 0.23333333333333334 0.13958333333333334 0.23125
0 0.15625 0.2604166666666667 0.13541666666666666 0.28125 0.13541666666666666 0.28958333333333336 0.1375 0.29583333333333334 0.14791666666666667 0.30833333333333335 0.16458333333333333 0.30833333333333335 0.17083333333333334 0.30625 0.18333333333333332 0.3 0.1875 0.29791666666666666 0.18958333333333333 0.2916666666666667 0.19166666666666668 0.28541666666666665 0.19375 0.28125 0.19166666666666668 0.275 0.17083333333333334 0.2604166666666667
0 0.20416666666666666 0.225 0.19375 0.22708333333333333 0.18541666666666667 0.22916666666666666 0.17708333333333334 0.23333333333333334 0.16666666666666666 0.24375 0.16666666666666666 0.25 0.17083333333333334 0.25833333333333336 0.17708333333333334 0.2625 0.18958333333333333 0.26875 0.19791666666666666 0.2708333333333333 0.20208333333333334 0.2708333333333333 0.21041666666666667 0.26666666666666666 0.21458333333333332 0.2625 0.22291666666666668 0.24583333333333332 0.22291666666666668 0.24166666666666667 0.22083333333333333 0.23541666666666666 0.20833333333333334 0.225
0 0.1625 0.19166666666666668 0.15208333333333332 0.20416666666666666 0.15208333333333332 0.20833333333333334 0.14791666666666667 0.21458333333333332 0.14791666666666667 0.21875 0.14583333333333334 0.22291666666666668 0.14375 0.22708333333333333 0.14791666666666667 0.23125 0.15416666666666667 0.23541666666666666 0.1625 0.2375 0.16666666666666666 0.2375 0.175 0.23333333333333334 0.1875 0.22083333333333333 0.18958333333333333 0.21666666666666667 0.18958333333333333 0.2125 0.1875 0.20625 0.18541666666666667 0.2 0.18333333333333332 0.19583333333333333 0.18125 0.19166666666666668 0.17083333333333334 0.19375
0 0.1625 0.14583333333333334 0.15833333333333333 0.15 0.15416666666666667 0.15833333333333333 0.15208333333333332 0.16458333333333333 0.15208333333333332 0.16875 0.15208333333333332 0.17708333333333334 0.15833333333333333 0.18541666666666667 0.1625 0.18958333333333333 0.17083333333333334 0.19166666666666668 0.17708333333333334 0.19166666666666668 0.18541666666666667 0.1875 0.1875 0.17916666666666667 0.18958333333333333 0.17291666666666666 0.19375 0.16666666666666666 0.19375 0.1625 0.19166666666666668 0.15833333333333333 0.1875 0.15416666666666667 0.17708333333333334 0.15 0.17083333333333334 0.14166666666666666
0 0.2520833333333333 0.22291666666666668 0.24375 0.22708333333333333 0.23541666666666666 0.23333333333333334 0.22916666666666666 0.23958333333333334 0.225 0.24583333333333332 0.22291666666666668 0.2520833333333333 0.22291666666666668 0.25833333333333336 0.225 0.26458333333333334 0.22916666666666666 0.2708333333333333 0.23333333333333334 0.275 0.24166666666666667 0.2791666666666667 0.25833333333333336 0.2791666666666667 0.26458333333333334 0.27708333333333335 0.26875 0.275 0.2791666666666667 0.26458333333333334 0.2833333333333333 0.25625 0.2833333333333333 0.24583333333333332 0.28125 0.2375 0.2791666666666667 0.23333333333333334 0.275 0.22916666666666666 0.26666666666666666 0.225 0.2604166666666667 0.22291666666666668
0 0.3 0.225 0.29375 0.22708333333333333 0.28541666666666665 0.23125 0.2833333333333333 0.24375 0.28541666666666665 0.25625 0.28125 0.2625 0.2791666666666667 0.2708333333333333 0.28125 0.2791666666666667 0.2875 0.2791666666666667 0.29583333333333334 0.2833333333333333 0.3020833333333333 0.2916666666666667 0.3125 0.2916666666666667 0.32083333333333336 0.2875 0.325 0.2833333333333333 0.32916666666666666 0.275 0.33125 0.26875 0.33125 0.25833333333333336 0.32916666666666666 0.25 0.325 0.24166666666666667 0.31875 0.23541666666666666 0.3104166666666667 0.225
0 0.2833333333333333 0.28125 0.27291666666666664 0.28541666666666665 0.26875 0.29375 0.26875 0.3125 0.27291666666666664 0.32083333333333336 0.28125 0.325 0.29375 0.325 0.30833333333333335 0.3104166666666667 0.30833333333333335 0.30625 0.3 0.28958333333333336 0.29583333333333334 0.28541666666666665 0.2875 0.28125
0 0.34791666666666665 0.3 0.33541666666666664 0.30625 0.3229166666666667 0.31875 0.31666666666666665 0.32708333333333334 0.3125 0.33541666666666664 0.3104166666666667 0.34375 0.3104166666666667 0.35 0.31875 0.35833333333333334 0.33125 0.3645833333333333 0.3375 0.36666666666666664 0.35 0.36875 0.35833333333333334 0.36875 0.36666666666666664 0.3645833333333333 0.3729166666666667 0.36041666666666666 0.3770833333333333 0.35625 0.37916666666666665 0.35 0.37916666666666665 0.32916666666666666 0.3770833333333333 0.31875 0.3625 0.30416666666666664 0.35833333333333334 0.30416666666666664 0.35208333333333336 0.3
0 0.3854166666666667 0.35625 0.37916666666666665 0.35833333333333334 0.37083333333333335 0.3625 0.36666666666666664 0.36666666666666664 0.36041666666666666 0.36875 0.35625 0.38125 0.35625 0.38958333333333334 0.35833333333333334 0.39375 0.37083333333333335 0.40625 0.375 0.4083333333333333 0.38125 0.41041666666666665 0.3854166666666667 0.41041666666666665 0.39375 0.41458333333333336 0.4 0.41458333333333336 0.40625 0.4125 0.40625 0.4083333333333333 0.4083333333333333 0.4 0.41041666666666665 0.39375 0.4125 0.39166666666666666 0.41458333333333336 0.3854166666666667 0.4166666666666667 0.37916666666666665 0.4166666666666667 0.375 0.41458333333333336 0.36875 0.40208333333333335 0.35833333333333334 0.3958333333333333 0.35625
0 0.20833333333333334 0.2708333333333333 0.2 0.275 0.19583333333333333 0.2791666666666667 0.19166666666666668 0.2875 0.18958333333333333 0.29375 0.18958333333333333 0.3229166666666667 0.20416666666666666 0.3375 0.20833333333333334 0.3375 0.21875 0.34375 0.225 0.3458333333333333 0.23541666666666666 0.3458333333333333 0.24166666666666667 0.3375 0.24791666666666667 0.33541666666666664 0.24791666666666667 0.31875 0.24583333333333332 0.30833333333333335 0.24166666666666667 0.3020833333333333 0.24166666666666667 0.29791666666666666 0.2375 0.2916666666666667 0.2375 0.2875 0.23333333333333334 0.2791666666666667 0.22916666666666666 0.275 0.22083333333333333 0.2708333333333333
0 0.08541666666666667 0.775 0.075 0.7770833333333333 0.058333333333333334 0.7958333333333333 0.05625 0.8041666666666667 0.05416666666666667 0.8104166666666667 0.052083333333333336 0.8229166666666666 0.052083333333333336 0.8291666666666667 0.058333333333333334 0.8416666666666667 0.0625 0.8458333333333333 0.06458333333333334 0.8520833333333333 0.06875 0.85625 0.07708333333333334 0.8604166666666667 0.08333333333333333 0.8625 0.0875 0.8625 0.09375 0.8625 0.09791666666666667 0.8604166666666667 0.10625 0.8604166666666667 0.1125 0.8541666666666666 0.11875 0.8520833333333333 0.125 0.85 0.12708333333333333 0.8458333333333333 0.13333333333333333 0.83125 0.1375 0.8270833333333333 0.14166666666666666 0.81875 0.14166666666666666 0.8145833333333333 0.13958333333333334 0.80625 0.1375 0.8020833333333334 0.12916666666666668 0.79375 0.12083333333333333 0.7875 0.1 0.7770833333333333 0.09375 0.775
0 0.14375 0.0020833333333333333 0.1375 0.014583333333333334 0.1375 0.01875 0.1375 0.027083333333333334 0.14375 0.03333333333333333 0.15 0.035416666666666666 0.15416666666666667 0.0375 0.15833333333333333 0.03333333333333333 0.16458333333333333 0.03125 0.16875 0.027083333333333334 0.17083333333333334 0.022916666666666665 0.17083333333333334 0.010416666666666666 0.16666666666666666 0.0020833333333333333
0 0 0.7958333333333333 0 0.8916666666666667 0.004166666666666667 0.8875 0.0125 0.88125 0.029166666666666667 0.8625 0.035416666666666666 0.8583333333333333 0.0375 0.8583333333333333 0.04375 0.8541666666666666 0.05 0.8479166666666667 0.052083333333333336 0.8416666666666667 0.052083333333333336 0.8354166666666667 0.04583333333333333 0.8208333333333333 0.041666666666666664 0.8145833333333333 0.035416666666666666 0.8083333333333333 0.029166666666666667 0.8041666666666667 0.016666666666666666 0.7979166666666667 0.010416666666666666 0.7958333333333333 0.00625 0.7958333333333333
0 0.05416666666666667 0.8541666666666666 0.04375 0.85625 0.035416666666666666 0.8604166666666667 0.029166666666666667 0.8645833333333334 0.014583333333333334 0.8791666666666667 0.010416666666666666 0.8875 0.010416666666666666 0.8916666666666667 0.0125 0.8979166666666667 0.016666666666666666 0.9041666666666667 0.022916666666666665 0.9104166666666667 0.027083333333333334 0.9166666666666666 0.029166666666666667 0.9208333333333333 0.029166666666666667 0.925 0.0375 0.9333333333333333 0.041666666666666664 0.9333333333333333 0.04791666666666667 0.9375 0.05625 0.9395833333333333 0.0625 0.9395833333333333 0.06875 0.9375 0.08125 0.93125 0.09583333333333334 0.9166666666666666 0.1 0.9104166666666667 0.10208333333333333 0.90625 0.10416666666666667 0.9 0.10416666666666667 0.8875 0.10208333333333333 0.875 0.09791666666666667 0.8708333333333333 0.09166666666666666 0.8666666666666667 0.0875 0.8645833333333334 0.08125 0.8625 0.07708333333333334 0.8625 0.07083333333333333 0.8583333333333333 0.06666666666666667 0.8583333333333333 0.06041666666666667 0.8541666666666666
0 0.2 0.06458333333333334 0.19166666666666668 0.06875 0.17916666666666667 0.08125 0.17291666666666666 0.08958333333333333 0.16875 0.09791666666666667 0.16875 0.10208333333333333 0.16458333333333333 0.10833333333333334 0.16458333333333333 0.1125 0.16666666666666666 0.12083333333333333 0.16875 0.12291666666666666 0.16875 0.1375 0.17291666666666666 0.14375 0.17708333333333334 0.14791666666666667 0.18958333333333333 0.15416666666666667 0.19791666666666666 0.15625 0.20416666666666666 0.15625 0.2125 0.15208333333333332 0.21666666666666667 0.14791666666666667 0.22708333333333333 0.14375 0.23541666666666666 0.13541666666666666 0.24166666666666667 0.12291666666666666 0.24375 0.11666666666666667 0.24375 0.1 0.23333333333333334 0.07916666666666666 0.22916666666666666 0.07291666666666667 0.225 0.06875 0.21666666666666667 0.06458333333333334
0 0.12708333333333333 0.85 0.12083333333333333 0.8520833333333333 0.1125 0.85625 0.10833333333333334 0.8604166666666667 0.10416666666666667 0.86875 0.10416666666666667 0.8854166666666666 0.10625 0.89375 0.10833333333333334 0.9 0.11041666666666666 0.9041666666666667 0.11666666666666667 0.90625 0.125 0.9104166666666667 0.12916666666666668 0.9145833333333333 0.1375 0.9208333333333333 0.14166666666666666 0.9229166666666667 0.15 0.9208333333333333 0.15833333333333333 0.9208333333333333 0.16458333333333333 0.9166666666666666 0.17083333333333334 0.9104166666666667 0.17291666666666666 0.9041666666666667 0.17291666666666666 0.8979166666666667 0.175 0.8770833333333333 0.175 0.8666666666666667 0.17083333333333334 0.8604166666666667 0.16666666666666666 0.85625 0.15833333333333333 0.8520833333333333 0.15 0.85
0 0.19375 0.8458333333333333 0.18541666666666667 0.8479166666666667 0.18125 0.8520833333333333 0.17708333333333334 0.8583333333333333 0.175 0.8791666666666667 0.175 0.8979166666666667 0.17916666666666667 0.90625 0.18333333333333332 0.9125 0.18958333333333333 0.91875 0.19583333333333333 0.9208333333333333 0.20208333333333334 0.9208333333333333 0.20625 0.9208333333333333 0.2125 0.91875 0.21875 0.9166666666666666 0.22291666666666668 0.9145833333333333 0.23958333333333334 0.8979166666666667 0.24166666666666667 0.8916666666666667 0.24166666666666667 0.8833333333333333 0.2375 0.875 0.23333333333333334 0.8708333333333333 0.22291666666666668 0.8625 0.21041666666666667 0.8479166666666667 0.20416666666666666 0.8458333333333333
0 0.14375 0.9229166666666667 0.13541666666666666 0.9270833333333334 0.125 0.9375 0.12291666666666666 0.94375 0.12708333333333333 0.9541666666666667 0.12708333333333333 0.9666666666666667 0.13125 0.975 0.13541666666666666 0.98125 0.13958333333333334 0.9854166666666667 0.14791666666666667 0.9895833333333334 0.15416666666666667 0.9916666666666667 0.16041666666666668 0.9916666666666667 0.16875 0.9875 0.18125 0.975 0.18958333333333333 0.9583333333333334 0.18958333333333333 0.94375 0.18541666666666667 0.9395833333333333 0.175 0.93125 0.16666666666666666 0.9270833333333334 0.15833333333333333 0.925 0.15 0.9229166666666667
0 0.03333333333333333 0.9354166666666667 0.029166666666666667 0.9375 0.025 0.9395833333333333 0.016666666666666666 0.9458333333333333 0.0125 0.95 0.010416666666666666 0.9541666666666667 0.008333333333333333 0.9604166666666667 0.008333333333333333 0.9645833333333333 0.0125 0.9708333333333333 0.0125 0.975 0.016666666666666666 0.9833333333333333 0.020833333333333332 0.9875 0.022916666666666665 0.99375 0.027083333333333334 0.9979166666666667 0.06041666666666667 0.9979166666666667 0.06666666666666667 0.99375 0.07291666666666667 0.9875 0.075 0.98125 0.075 0.9729166666666667 0.07083333333333333 0.96875 0.06875 0.9625 0.052083333333333336 0.9458333333333333 0.04583333333333333 0.94375 0.041666666666666664 0.9395833333333333 0.0375 0.9375
0 0.09375 0.9270833333333334 0.0875 0.9291666666666667 0.075 0.9354166666666667 0.07083333333333333 0.9395833333333333 0.06666666666666667 0.9479166666666666 0.06666666666666667 0.9541666666666667 0.06875 0.9604166666666667 0.07291666666666667 0.96875 0.07708333333333334 0.975 0.08541666666666667 0.9854166666666667 0.09375 0.9895833333333334 0.09791666666666667 0.9916666666666667 0.10625 0.9895833333333334 0.11458333333333333 0.9854166666666667 0.11875 0.98125 0.12291666666666666 0.975 0.125 0.9708333333333333 0.125 0.9541666666666667 0.12291666666666666 0.9458333333333333 0.12083333333333333 0.9416666666666667 0.11458333333333333 0.9354166666666667 0.10833333333333334 0.93125 0.10416666666666667 0.9291666666666667 0.09791666666666667 0.9270833333333334
0 0 0.89375 0 0.95625 0.004166666666666667 0.9583333333333334 0.008333333333333333 0.9541666666666667 0.016666666666666666 0.94375 0.01875 0.94375 0.025 0.9375 0.027083333333333334 0.93125 0.027083333333333334 0.925 0.027083333333333334 0.9208333333333333 0.025 0.9166666666666666 0.020833333333333332 0.9104166666666667 0.00625 0.8958333333333334
0 0.44375 0.9729166666666667 0.4354166666666667 0.975 0.42291666666666666 0.99375 0.42083333333333334 0.9979166666666667 0.4708333333333333 0.9979166666666667 0.4708333333333333 0.9875 0.46041666666666664 0.9770833333333333 0.45625 0.975 0.4479166666666667 0.9729166666666667
0 0.29375 0.9291666666666667 0.29375 0.9458333333333333 0.30625 0.9625 0.3125 0.9625 0.32083333333333336 0.9625 0.325 0.9583333333333334 0.33125 0.9520833333333333 0.33125 0.9458333333333333 0.3333333333333333 0.9416666666666667 0.32708333333333334 0.9354166666666667 0.3104166666666667 0.9354166666666667 0.30416666666666664 0.9333333333333333 0.3020833333333333 0.93125 0.29791666666666666 0.93125
0 0.23333333333333334 0.4375 0.22291666666666668 0.4395833333333333 0.21458333333333332 0.4479166666666667 0.21041666666666667 0.45625 0.21041666666666667 0.4666666666666667 0.20625 0.475 0.20833333333333334 0.4791666666666667 0.2125 0.48333333333333334 0.21458333333333332 0.4895833333333333 0.21875 0.49583333333333335 0.22916666666666666 0.5 0.24166666666666667 0.5020833333333333 0.24791666666666667 0.5020833333333333 0.25833333333333336 0.49375 0.26666666666666666 0.48541666666666666 0.26875 0.47708333333333336 0.2708333333333333 0.4625 0.2708333333333333 0.45625 0.25625 0.44166666666666665 0.2520833333333333 0.4395833333333333 0.24375 0.4375
0 0.38125 0.66875 0.37083333333333335 0.6770833333333334 0.3645833333333333 0.6833333333333333 0.3625 0.6979166666666666 0.3625 0.7104166666666667 0.3729166666666667 0.7208333333333333 0.38125 0.7229166666666667 0.39375 0.725 0.4 0.725 0.40625 0.71875 0.4125 0.7104166666666667 0.4125 0.6916666666666667 0.41041666666666665 0.6875 0.40625 0.6833333333333333 0.4041666666666667 0.6770833333333334 0.4 0.6708333333333333