0 0.35 0.8791666666666667 0.3333333333333333 0.8875 0.325 0.89375 0.31666666666666665 0.9 0.3125 0.9041666666666667 0.30833333333333335 0.9104166666666667 0.30625 0.9145833333333333 0.30416666666666664 0.9291666666666667 0.30416666666666664 0.9458333333333333 0.30625 0.9541666666666667 0.30833333333333335 0.9583333333333334 0.3125 0.9625 0.3229166666666667 0.9708333333333333 0.32916666666666666 0.975 0.34375 0.975 0.3541666666666667 0.96875 0.35833333333333334 0.96875 0.37083333333333335 0.9625 0.37916666666666665 0.9541666666666667 0.3854166666666667 0.9458333333333333 0.3854166666666667 0.90625 0.37916666666666665 0.89375 0.36666666666666664 0.88125 0.35833333333333334 0.8791666666666667
0 0.27277083333333335 0.9780625000000001 0.27608333333333335 0.9614999999999999 0.292625 0.9592916666666667 0.2970416666666667 0.9769583333333334 0.2826875 0.9857916666666667
0 0.04375 0.3229166666666667 0.03958333333333333 0.325 0.03125 0.33125 0.027083333333333334 0.33958333333333335 0.025 0.35208333333333336 0.025 0.35625 0.029166666666666667 0.3645833333333333 0.03333333333333333 0.37083333333333335 0.05 0.375 0.06041666666666667 0.375 0.06458333333333334 0.3729166666666667 0.07083333333333333 0.36875 0.075 0.35625 0.075 0.3458333333333333 0.07083333333333333 0.3375 0.06666666666666667 0.3333333333333333 0.06458333333333334 0.32708333333333334 0.052083333333333336 0.3229166666666667
0 0.11458333333333333 0.31875 0.10833333333333334 0.3229166666666667 0.1 0.32916666666666666 0.09791666666666667 0.3375 0.1 0.3416666666666667 0.1 0.3458333333333333 0.10208333333333333 0.35 0.10416666666666667 0.3541666666666667 0.10833333333333334 0.35625 0.11458333333333333 0.35625 0.12291666666666666 0.35625 0.13125 0.35 0.13541666666666666 0.3458333333333333 0.1375 0.3416666666666667 0.13958333333333334 0.3333333333333333 0.13958333333333334 0.32916666666666666 0.12916666666666668 0.31875
0 0.21875 0.39791666666666664 0.20208333333333334 0.4 0.19166666666666668 0.40208333333333335 0.18333333333333332 0.4083333333333333 0.175 0.4166666666666667 0.17083333333333334 0.425 0.17083333333333334 0.4583333333333333 0.18333333333333332 0.47291666666666665 0.19791666666666666 0.4875 0.21458333333333332 0.4895833333333333 0.22916666666666666 0.4895833333333333 0.2375 0.48541666666666666 0.24375 0.4791666666666667 0.25625 0.46458333333333335 0.2625 0.45625 0.26458333333333334 0.44375 0.26458333333333334 0.43125 0.2604166666666667 0.42291666666666666 0.2520833333333333 0.4125 0.24375 0.4041666666666667 0.23541666666666666 0.4 0.22916666666666666 0.39791666666666664
0 0.22916666666666666 0.1125 0.21666666666666667 0.11458333333333333 0.21041666666666667 0.11666666666666667 0.21041666666666667 0.12291666666666666 0.2125 0.12916666666666668 0.225 0.13125 0.23333333333333334 0.13125 0.2375 0.12083333333333333 0.23541666666666666 0.11458333333333333
0 0.375 0 0.37916666666666665 0 0.3854166666666667 0.0020833333333333333 0.38958333333333334 0
0 0.31875 0.22708333333333333 0.3145833333333333 0.22916666666666666 0.3104166666666667 0.23333333333333334 0.30416666666666664 0.23541666666666666 0.3 0.23958333333333334 0.28958333333333336 0.25416666666666665 0.28958333333333336 0.2625 0.2916666666666667 0.2708333333333333 0.29583333333333334 0.27708333333333335 0.3020833333333333 0.28541666666666665 0.30625 0.28958333333333336 0.3145833333333333 0.2916666666666667 0.32708333333333334 0.29375 0.3333333333333333 0.29375 0.3375 0.2916666666666667 0.3416666666666667 0.2875 0.34791666666666665 0.28541666666666665 0.3541666666666667 0.28125 0.36041666666666666 0.27708333333333335 0.3645833333333333 0.2625 0.3645833333333333 0.2520833333333333 0.35625 0.24166666666666667 0.34791666666666665 0.23333333333333334 0.33541666666666664 0.22708333333333333
0 0.33125 0.6729166666666667 0.325 0.6770833333333334 0.32083333333333336 0.6770833333333334 0.3104166666666667 0.6916666666666667 0.3104166666666667 0.6979166666666666 0.3125 0.7041666666666667 0.31666666666666665 0.7083333333333334 0.31875 0.7145833333333333 0.32708333333333334 0.71875 0.33541666666666664 0.7208333333333333 0.3416666666666667 0.7208333333333333 0.35833333333333334 0.7125 0.3625 0.7083333333333334 0.36666666666666664 0.7 0.36666666666666664 0.6875 0.3625 0.68125 0.35833333333333334 0.6770833333333334 0.35208333333333336 0.675 0.33958333333333335 0.6729166666666667
0 0.14375 0.8291666666666667 0.13125 0.83125 0.12291666666666666 0.8333333333333334 0.10625 0.85 0.10625 0.85625 0.10833333333333334 0.86875 0.11041666666666666 0.875 0.12916666666666668 0.89375 0.1375 0.89375 0.15 0.8895833333333333 0.15625 0.88125 0.1625 0.8729166666666667 0.16458333333333333 0.86875 0.16458333333333333 0.85 0.16041666666666668 0.84375 0.15208333333333332 0.8333333333333334 0.14791666666666667 0.8291666666666667
0 0.05416666666666667 0.49166666666666664 0.041666666666666664 0.5041666666666667 0.041666666666666664 0.5104166666666666 0.04375 0.5166666666666667 0.05416666666666667 0.5270833333333333 0.0625 0.5291666666666667 0.06875 0.5291666666666667 0.07291666666666667 0.525 0.07708333333333334 0.51875 0.07708333333333334 0.5104166666666666 0.075 0.4979166666666667 0.06875 0.49166666666666664
0 0.7541666666666667 0.725 0.7479166666666667 0.7291666666666666 0.7375 0.7375 0.7333333333333333 0.7416666666666667 0.73125 0.7458333333333333 0.7291666666666666 0.7520833333333333 0.7291666666666666 0.7625 0.73125 0.7708333333333334 0.7354166666666667 0.775 0.7458333333333333 0.7833333333333333 0.7520833333333333 0.7875 0.7791666666666667 0.7875 0.8 0.7666666666666667 0.8 0.7416666666666667 0.7916666666666666 0.7333333333333333 0.7833333333333333 0.7270833333333333 0.76875 0.725
0 0.8104166666666667 0.86875 0.8041666666666667 0.8729166666666667 0.7958333333333333 0.8791666666666667 0.7916666666666666 0.8833333333333333 0.7895833333333333 0.8875 0.7895833333333333 0.89375 0.7875 0.8979166666666667 0.7958333333333333 0.9083333333333333 0.8041666666666667 0.9166666666666666 0.8104166666666667 0.91875 0.8166666666666667 0.91875 0.825 0.91875 0.8333333333333334 0.9125 0.8416666666666667 0.90625 0.8458333333333333 0.8958333333333334 0.8458333333333333 0.8895833333333333 0.8416666666666667 0.88125 0.8375 0.875 0.8291666666666667 0.8708333333333333 0.8166666666666667 0.86875
0 0.8729166666666667 0.9791666666666666 0.8604166666666667 0.9854166666666667 0.8541666666666666 0.9916666666666667 0.85 0.9979166666666667 0.9104166666666667 0.9979166666666667 0.90625 0.99375 0.8979166666666667 0.9833333333333333 0.8916666666666667 0.98125 0.8791666666666667 0.9791666666666666
0 0.9708333333333333 0.7895833333333333 0.95 0.8 0.9458333333333333 0.8083333333333333 0.94375 0.8208333333333333 0.94375 0.825 0.9458333333333333 0.8291666666666667 0.95 0.8333333333333334 0.9520833333333333 0.8395833333333333 0.95625 0.84375 0.9625 0.85 0.96875 0.85 0.975 0.8520833333333333 0.98125 0.8520833333333333 0.9875 0.85 0.99375 0.8458333333333333 0.9979166666666667 0.84375 0.9958333333333333 0.79375 0.9895833333333334 0.7916666666666666 0.9770833333333333 0.7895833333333333
0 0.9979166666666667 0.48541666666666666 0.9958333333333333 0.4895833333333333 0.9895833333333334 0.49583333333333335 0.9875 0.5 0.9875 0.5083333333333333 0.9895833333333334 0.51875 0.99375 0.525 0.9979166666666667 0.5291666666666667