0 0.03333333333333333 0.10208333333333333 0.0125 0.10208333333333333 0 0.10833333333333334 0 0.175 0.016666666666666666 0.17708333333333334 0.0375 0.16875 0.052083333333333336 0.15 0.052083333333333336 0.11875
0 0.4 0.75 0.375 0.775 0.3729166666666667 0.7979166666666667 0.38333333333333336 0.8083333333333333 0.4166666666666667 0.81875 0.43125 0.8020833333333334 0.43125 0.7729166666666667 0.42083333333333334 0.75625
0 0 0.9541666666666667 0 0.9979166666666667 0.020833333333333332 0.9958333333333333 0.022916666666666665 0.9708333333333333 0.008333333333333333 0.95625
0 0.7229166666666667 0.12916666666666668 0.7083333333333334 0.1375 0.7020833333333333 0.1625 0.7125 0.18125 0.7333333333333333 0.18333333333333332 0.7479166666666667 0.16458333333333333 0.7520833333333333 0.14583333333333334 0.7416666666666667 0.13333333333333333
0 0.4125 0.014583333333333334 0.39166666666666666 0.03125 0.3854166666666667 0.04583333333333333 0.3854166666666667 0.06666666666666667 0.39166666666666666 0.08125 0.4041666666666667 0.09375 0.4270833333333333 0.10208333333333333 0.44166666666666665 0.09791666666666667 0.4625 0.08125 0.46875 0.06666666666666667 0.46875 0.05 0.45416666666666666 0.025 0.4354166666666667 0.016666666666666666
0 0.41041666666666665 0.11458333333333333 0.39166666666666666 0.12083333333333333 0.37916666666666665 0.1375 0.38333333333333336 0.17083333333333334 0.39166666666666666 0.18125 0.4125 0.18541666666666667 0.43125 0.175 0.44583333333333336 0.15625 0.44583333333333336 0.14166666666666666 0.4395833333333333 0.12916666666666668
0 0.50625 0.875 0.49166666666666664 0.875 0.4708333333333333 0.8833333333333333 0.4625 0.9 0.4625 0.9166666666666666 0.4791666666666667 0.9416666666666667 0.49166666666666664 0.9479166666666666 0.5145833333333333 0.9395833333333333 0.5229166666666667 0.93125 0.53125 0.9104166666666667 0.525 0.89375
0 0.65625 0.7729166666666667 0.63125 0.76875 0.6041666666666666 0.79375 0.6041666666666666 0.8208333333333333 0.6125 0.83125 0.6229166666666667 0.8333333333333334 0.6645833333333333 0.8125 0.6666666666666666 0.7916666666666666
0 0.48125 0.6979166666666666 0.4666666666666667 0.7125 0.46875 0.725 0.475 0.7333333333333333 0.49583333333333335 0.7354166666666667 0.5083333333333333 0.7104166666666667 0.49375 0.6979166666666666
0 0.03958333333333333 0.47291666666666665 0.022916666666666665 0.48333333333333334 0.0125 0.4979166666666667 0.008333333333333333 0.525 0.025 0.5479166666666667 0.03958333333333333 0.5541666666666667 0.06458333333333334 0.5541666666666667 0.08541666666666667 0.5375 0.09166666666666666 0.5145833333333333 0.08125 0.4875 0.07291666666666667 0.4791666666666667
0 0 0.3729166666666667 0.0020833333333333333 0.44375 0.016666666666666666 0.44375 0.0375 0.42291666666666666 0.03958333333333333 0.40208333333333335 0.027083333333333334 0.37916666666666665 0.016666666666666666 0.3729166666666667
0 0.0625 0.36875 0.052083333333333336 0.375 0.041666666666666664 0.3958333333333333 0.041666666666666664 0.42291666666666666 0.058333333333333334 0.44166666666666665 0.07708333333333334 0.44166666666666665 0.10625 0.425 0.10833333333333334 0.4 0.09583333333333334 0.3770833333333333
0 0.12083333333333333 0.39375 0.10833333333333334 0.4041666666666667 0.10625 0.425 0.11041666666666666 0.4395833333333333 0.11875 0.4479166666666667 0.14583333333333334 0.4583333333333333 0.16875 0.4375 0.16875 0.41041666666666665 0.15833333333333333 0.39791666666666664 0.14375 0.39166666666666666
0 0.45625 0.30833333333333335 0.44166666666666665 0.32083333333333336 0.4375 0.34375 0.4479166666666667 0.3541666666666667 0.47708333333333336 0.35833333333333334 0.4875 0.34375 0.48541666666666666 0.3229166666666667 0.47708333333333336 0.3104166666666667 0.46875 0.30625
0 0.48333333333333334 0.625 0.4791666666666667 0.65 0.5 0.66875 0.5270833333333333 0.6729166666666667 0.5395833333333333 0.6666666666666666 0.55 0.6520833333333333 0.5479166666666667 0.63125 0.5333333333333333 0.6125 0.5020833333333333 0.6104166666666667
0 0.9291666666666667 0.008333333333333333 0.91875 0.016666666666666666 0.91875 0.029166666666666667 0.9375 0.052083333333333336 0.9458333333333333 0.052083333333333336 0.9604166666666667 0.03958333333333333 0.9583333333333334 0.022916666666666665 0.9458333333333333 0.008333333333333333