0 0.7541666666666667 0.70625 0.73125 0.7041666666666667 0.7166666666666667 0.71875 0.7104166666666667 0.7375 0.7125 0.7520833333333333 0.71875 0.7604166666666666 0.7416666666666667 0.7645833333333333 0.7666666666666667 0.7458333333333333 0.76875 0.7208333333333333
0 0.5479166666666667 0.3229166666666667 0.53125 0.3125 0.5 0.31875 0.49166666666666664 0.32708333333333334 0.4875 0.3416666666666667 0.47291666666666665 0.35208333333333336 0.4708333333333333 0.36666666666666664 0.48125 0.3770833333333333 0.50625 0.38333333333333336 0.5229166666666667 0.37916666666666665 0.55 0.35208333333333336 0.5520833333333334 0.3333333333333333
0 0.275 0.24375 0.2604166666666667 0.24166666666666667 0.24166666666666667 0.2520833333333333 0.23958333333333334 0.26666666666666666 0.2520833333333333 0.28125 0.2625 0.28125 0.27708333333333335 0.2708333333333333 0.28125 0.25625
0 0.3875 0.6791666666666667 0.38958333333333334 0.6958333333333333 0.40208333333333335 0.7041666666666667 0.4125 0.7041666666666667 0.42291666666666666 0.6958333333333333 0.42083333333333334 0.68125 0.4083333333333333 0.6708333333333333 0.39791666666666664 0.6708333333333333
0 0.3125 0.6166666666666667 0.2791666666666667 0.61875 0.2625 0.6375 0.2604166666666667 0.6666666666666666 0.2833333333333333 0.6875 0.2916666666666667 0.6854166666666667 0.3229166666666667 0.6541666666666667 0.32708333333333334 0.6270833333333333
0 0.15208333333333332 0.61875 0.12708333333333333 0.63125 0.11041666666666666 0.65625 0.11458333333333333 0.68125 0.14166666666666666 0.70625 0.15625 0.70625 0.17291666666666666 0.69375 0.19375 0.6645833333333333 0.18958333333333333 0.6416666666666667
0 0.1375 0.51875 0.12291666666666666 0.5270833333333333 0.11666666666666667 0.5479166666666667 0.13541666666666666 0.5666666666666667 0.14375 0.56875 0.15833333333333333 0.5541666666666667 0.1625 0.53125 0.15416666666666667 0.5229166666666667
0 0.8270833333333333 0 0.83125 0.016666666666666666 0.84375 0.025 0.85625 0.022916666666666665 0.86875 0.00625 0.86875 0
0 0.8875 0 0.8875 0.008333333333333333 0.90625 0.01875 0.9208333333333333 0.0125 0.9270833333333334 0
0 0.88125 0.14166666666666666 0.8729166666666667 0.15208333333333332 0.8770833333333333 0.17291666666666666 0.8979166666666667 0.18958333333333333 0.91875 0.1875 0.9291666666666667 0.175 0.9270833333333334 0.15208333333333332 0.9104166666666667 0.1375
0 0.8208333333333333 0.5104166666666666 0.8104166666666667 0.525 0.8125 0.55 0.8291666666666667 0.5645833333333333 0.8520833333333333 0.5645833333333333 0.8666666666666667 0.5541666666666667 0.8666666666666667 0.5270833333333333 0.8375 0.5083333333333333
0 0.84375 0.60625 0.8395833333333333 0.6229166666666667 0.85 0.6375 0.8708333333333333 0.6416666666666667 0.8854166666666666 0.6333333333333333 0.8895833333333333 0.6125 0.88125 0.6041666666666666 0.85625 0.5979166666666667
0 0.9270833333333334 0.7166666666666667 0.9208333333333333 0.7291666666666666 0.9333333333333333 0.7520833333333333 0.9666666666666667 0.7604166666666666 0.9875 0.7416666666666667 0.9875 0.73125 0.95625 0.7104166666666667
0 0.30104166666666665 0.448125 0.2833333333333333 0.46041666666666664 0.275 0.48541666666666666 0.2833333333333333 0.5041666666666667 0.3125 0.51875 0.3333333333333333 0.5145833333333333 0.3458333333333333 0.5 0.35208333333333336 0.48125 0.3416666666666667 0.4583333333333333 0.3229166666666667 0.44583333333333336
0 0.23333333333333334 0.42916666666666664 0.225 0.4375 0.21875 0.46041666666666664 0.22291666666666668 0.475 0.23541666666666666 0.4875 0.25 0.49375 0.27291666666666664 0.4895833333333333 0.2875 0.45208333333333334 0.2625 0.4270833333333333