0 0.9270833333333334 0.09166666666666666 0.9208333333333333 0.10208333333333333 0.9416666666666667 0.13125 0.9666666666666667 0.13541666666666666 0.9875 0.11666666666666667 0.9875 0.10625 0.95625 0.08541666666666667
0 0.8416666666666667 0.004166666666666667 0.8520833333333333 0.014583333333333334 0.8729166666666667 0.016666666666666666 0.8895833333333333 0 0.8416666666666667 0
0 0.7395833333333334 0.07708333333333334 0.7270833333333333 0.08125 0.7125 0.10208333333333333 0.7145833333333333 0.13125 0.7270833333333333 0.13958333333333334 0.7541666666666667 0.13333333333333333 0.76875 0.11458333333333333 0.76875 0.09583333333333334 0.75625 0.08333333333333333
0 0.38958333333333334 0.052083333333333336 0.3875 0.06666666666666667 0.39375 0.075 0.4125 0.07916666666666666 0.42291666666666666 0.07083333333333333 0.42291666666666666 0.06041666666666667 0.4166666666666667 0.05 0.39791666666666664 0.04583333333333333
0 0.7604166666666666 0.6270833333333333 0.7291666666666666 0.63125 0.7166666666666667 0.6375 0.70625 0.65 0.7125 0.6791666666666667 0.7291666666666666 0.6979166666666666 0.7541666666666667 0.6979166666666666 0.7770833333333333 0.6645833333333333 0.7770833333333333 0.6395833333333333
0 0.4270833333333333 0.6291666666666667 0.42083333333333334 0.6354166666666666 0.42291666666666666 0.6604166666666667 0.44375 0.6708333333333333 0.46041666666666664 0.66875 0.46875 0.6541666666666667 0.4666666666666667 0.6354166666666666 0.4479166666666667 0.6229166666666667
0 0.35833333333333334 0.775 0.34791666666666665 0.7854166666666667 0.35 0.8020833333333334 0.3645833333333333 0.825 0.3770833333333333 0.8270833333333333 0.3958333333333333 0.8125 0.39791666666666664 0.7958333333333333 0.3854166666666667 0.78125 0.36666666666666664 0.7729166666666667
0 0.05 0.9354166666666667 0.041666666666666664 0.95 0.05 0.9770833333333333 0.0625 0.9916666666666667 0.08333333333333333 0.99375 0.1 0.9770833333333333 0.09791666666666667 0.9479166666666666 0.07916666666666666 0.93125
0 0.025 0.7125 0.008333333333333333 0.725 0.00625 0.7479166666666667 0.022916666666666665 0.7604166666666666 0.03958333333333333 0.7604166666666666 0.05 0.7520833333333333 0.05416666666666667 0.73125 0.04375 0.71875
0 0.32708333333333334 0 0.2708333333333333 0 0.2604166666666667 0.022916666666666665 0.2625 0.04583333333333333 0.2791666666666667 0.06041666666666667 0.28958333333333336 0.0625 0.3229166666666667 0.029166666666666667
0 0.1375 0 0.13333333333333333 0.0020833333333333333 0.12708333333333333 0.00625 0.12083333333333333 0.010416666666666666 0.11666666666666667 0.014583333333333334 0.1125 0.020833333333333332 0.11041666666666666 0.025 0.10833333333333334 0.03333333333333333 0.10833333333333334 0.04375 0.11041666666666666 0.05 0.11458333333333333 0.058333333333333334 0.12291666666666666 0.06875 0.13333333333333333 0.07916666666666666 0.14583333333333334 0.08125 0.15416666666666667 0.08125 0.16041666666666668 0.07708333333333334 0.16875 0.07083333333333333 0.17916666666666667 0.0625 0.18541666666666667 0.05625 0.18958333333333333 0.05 0.19166666666666668 0.04583333333333333 0.19375 0.0375 0.19375 0.029166666666666667 0.18958333333333333 0.020833333333333332 0.18541666666666667 0.016666666666666666 0.18333333333333332 0.010416666666666666 0.17916666666666667 0.00625 0.17291666666666666 0.004166666666666667 0.16875 0