0 0.18958333333333333 0.06875 0.17083333333333334 0.08125 0.16458333333333333 0.10833333333333334 0.18125 0.125 0.20208333333333334 0.12708333333333333 0.21875 0.11041666666666666 0.21875 0.0875 0.20625 0.07083333333333333
0 0.18541666666666667 0.9895833333333334 0.18541666666666667 0.9979166666666667 0.22708333333333333 0.9979166666666667 0.22291666666666668 0.9833333333333333 0.20833333333333334 0.9729166666666667 0.19583333333333333 0.975
0 0.13958333333333334 0.7833333333333333 0.13125 0.7979166666666667 0.13333333333333333 0.80625 0.14166666666666666 0.8125 0.16041666666666668 0.8104166666666667 0.16666666666666666 0.8020833333333334 0.1625 0.7833333333333333
0 0.3375 0.08125 0.33125 0.08333333333333333 0.32708333333333334 0.08541666666666667 0.31875 0.09166666666666666 0.3125 0.09791666666666667 0.30625 0.11041666666666666 0.30625 0.13541666666666666 0.3104166666666667 0.14166666666666666 0.32083333333333336 0.15416666666666667 0.325 0.15833333333333333 0.32916666666666666 0.16041666666666668 0.33541666666666664 0.1625 0.34375 0.16458333333333333 0.34791666666666665 0.16458333333333333 0.3541666666666667 0.16458333333333333 0.36875 0.15833333333333333 0.3729166666666667 0.15416666666666667 0.39166666666666666 0.13541666666666666 0.39166666666666666 0.125 0.38958333333333334 0.10833333333333334 0.3875 0.09791666666666667 0.3770833333333333 0.0875 0.3645833333333333 0.08125
0 0.020833333333333332 0.9020833333333333 0 0.9166666666666666 0 0.9583333333333334 0.020833333333333332 0.975 0.035416666666666666 0.975 0.06458333333333334 0.9583333333333334 0.06666666666666667 0.9375 0.05 0.9083333333333333 0.03958333333333333 0.9020833333333333
0 0.17708333333333334 0.825 0.15208333333333332 0.8416666666666667 0.15 0.8708333333333333 0.17083333333333334 0.9020833333333333 0.19166666666666668 0.9166666666666666 0.20208333333333334 0.9166666666666666 0.225 0.8979166666666667 0.22708333333333333 0.8791666666666667 0.20208333333333334 0.8354166666666667 0.18958333333333333 0.825
0 0.45208333333333334 0.8854166666666666 0.4354166666666667 0.8875 0.4083333333333333 0.9145833333333333 0.4083333333333333 0.9375 0.4270833333333333 0.95625 0.4395833333333333 0.95625 0.45625 0.9479166666666666 0.4791666666666667 0.9229166666666667 0.47708333333333336 0.9041666666666667
0 0.7104166666666667 0.8458333333333333 0.6791666666666667 0.8458333333333333 0.6625 0.8604166666666667 0.6583333333333333 0.8833333333333333 0.6645833333333333 0.8958333333333334 0.6770833333333334 0.90625 0.6979166666666666 0.9083333333333333 0.7229166666666667 0.8916666666666667 0.7291666666666666 0.8666666666666667
0 0.6104166666666667 0.7875 0.5958333333333333 0.8 0.5958333333333333 0.8208333333333333 0.60625 0.8416666666666667 0.6229166666666667 0.84375 0.64375 0.83125 0.6479166666666667 0.8041666666666667 0.6333333333333333 0.7916666666666666
0 0.28541666666666665 0.36041666666666666 0.28541666666666665 0.3770833333333333 0.31666666666666665 0.39791666666666664 0.33125 0.39791666666666664 0.34375 0.3854166666666667 0.33958333333333335 0.36666666666666664 0.31875 0.3458333333333333 0.3020833333333333 0.3458333333333333
0 0.28958333333333336 0 0.30625 0.020833333333333332 0.32083333333333336 0.027083333333333334 0.34791666666666665 0.022916666666666665 0.36666666666666664 0.00625 0.36666666666666664 0