0 0.48541666666666666 0.5791666666666667 0.47291666666666665 0.5895833333333333 0.46875 0.6104166666666667 0.475 0.61875 0.49375 0.6208333333333333 0.50625 0.6145833333333334 0.5104166666666666 0.6020833333333333 0.5 0.5833333333333334
0 0.32083333333333336 0.6041666666666666 0.3020833333333333 0.6270833333333333 0.29791666666666666 0.6479166666666667 0.30833333333333335 0.6625 0.3375 0.66875 0.3541666666666667 0.6541666666666667 0.3541666666666667 0.63125 0.3375 0.6083333333333333
0 0.3958333333333333 0.7770833333333333 0.3875 0.7875 0.3854166666666667 0.8020833333333334 0.39166666666666666 0.8083333333333333 0.4041666666666667 0.8083333333333333 0.41458333333333336 0.8 0.41458333333333336 0.7854166666666667
0 0.027083333333333334 0.85 0 0.8666666666666667 0 0.9083333333333333 0.0125 0.9166666666666666 0.041666666666666664 0.9145833333333333 0.05625 0.89375 0.05625 0.8770833333333333 0.05 0.8645833333333334
0 0.5958333333333333 0.8375 0.5770833333333333 0.8604166666666667 0.5770833333333333 0.88125 0.58125 0.8916666666666667 0.6 0.9083333333333333 0.61875 0.9083333333333333 0.6395833333333333 0.8958333333333334 0.64375 0.8625 0.63125 0.84375 0.6145833333333334 0.8375
0 0.6833333333333333 0.9229166666666667 0.675 0.93125 0.6708333333333333 0.9458333333333333 0.6770833333333334 0.95625 0.6979166666666666 0.9604166666666667 0.7083333333333334 0.95 0.7083333333333334 0.9354166666666667 0.7 0.9229166666666667
0 0.9979166666666667 0.7041666666666667 0.9833333333333333 0.7208333333333333 0.9854166666666667 0.74375 0.99375 0.7583333333333333 0.9979166666666667 0.7583333333333333
0 0.7541666666666667 0 0.7375 0.0020833333333333333 0.7291666666666666 0.004166666666666667 0.7229166666666667 0.008333333333333333 0.7104166666666667 0.01875 0.70625 0.022916666666666665 0.70625 0.04375 0.7125 0.05625 0.71875 0.06458333333333334 0.725 0.07083333333333333 0.7375 0.07708333333333334 0.74375 0.07708333333333334 0.75 0.075 0.7541666666666667 0.07083333333333333 0.7604166666666666 0.0625 0.7666666666666667 0.05416666666666667 0.7729166666666667 0.04583333333333333 0.7770833333333333 0.03958333333333333 0.7770833333333333 0.014583333333333334 0.76875 0.00625 0.7604166666666666 0
0 0.35833333333333334 0.15 0.34791666666666665 0.16041666666666668 0.35 0.17708333333333334 0.3625 0.19791666666666666 0.3770833333333333 0.20208333333333334 0.3958333333333333 0.1875 0.39791666666666664 0.17083333333333334 0.38125 0.15416666666666667
0 0.4270833333333333 0.004166666666666667 0.42083333333333334 0.0125 0.42291666666666666 0.035416666666666666 0.42916666666666664 0.041666666666666664 0.44583333333333336 0.04583333333333333 0.4625 0.041666666666666664 0.46875 0.029166666666666667 0.46458333333333335 0.008333333333333333 0.45 0
0 0.025 0.0875 0.008333333333333333 0.1 0.00625 0.12291666666666666 0.022916666666666665 0.13541666666666666 0.0375 0.13541666666666666 0.05 0.12708333333333333 0.05416666666666667 0.10625 0.03958333333333333 0.09166666666666666
0 0.05 0.3104166666666667 0.04375 0.31666666666666665 0.05 0.35208333333333336 0.0625 0.36666666666666664 0.08333333333333333 0.36875 0.1 0.35208333333333336 0.1 0.32708333333333334 0.08541666666666667 0.30833333333333335
0 0.4354166666666667 0.37916666666666665 0.4125 0.38333333333333336 0.40208333333333335 0.40208333333333335 0.40625 0.42291666666666666 0.42291666666666666 0.4375 0.44375 0.43125 0.45416666666666666 0.41458333333333336 0.45208333333333334 0.39166666666666666
0 0.9604166666666667 0.37916666666666665 0.9416666666666667 0.38958333333333334 0.9375 0.41875 0.94375 0.4354166666666667 0.9520833333333333 0.44375 0.9645833333333333 0.44583333333333336 0.9895833333333334 0.4270833333333333 0.9916666666666667 0.4041666666666667 0.98125 0.3875