0 0.5375 0.8916666666666667 0.5291666666666667 0.8979166666666667 0.5229166666666667 0.9041666666666667 0.5208333333333334 0.9083333333333333 0.51875 0.9166666666666666 0.51875 0.9208333333333333 0.525 0.9333333333333333 0.5291666666666667 0.9375 0.5375 0.9479166666666666 0.54375 0.95 0.5479166666666667 0.95 0.55625 0.95 0.5645833333333333 0.94375 0.5729166666666666 0.9375 0.5770833333333333 0.9333333333333333 0.5791666666666667 0.9270833333333334 0.58125 0.9166666666666666 0.58125 0.9125 0.575 0.9041666666666667 0.5666666666666667 0.8958333333333334 0.5583333333333333 0.8916666666666667
0 0.20833333333333334 0.5645833333333333 0.19583333333333333 0.5666666666666667 0.19166666666666668 0.5708333333333333 0.18333333333333332 0.58125 0.17916666666666667 0.5875 0.17916666666666667 0.6104166666666667 0.18541666666666667 0.61875 0.19166666666666668 0.625 0.22291666666666668 0.625 0.22708333333333333 0.6208333333333333 0.23333333333333334 0.6125 0.2375 0.60625 0.2375 0.5958333333333333 0.23541666666666666 0.58125 0.22708333333333333 0.5729166666666666 0.21666666666666667 0.5645833333333333
0 0.28541666666666665 0.3333333333333333 0.2791666666666667 0.3375 0.26666666666666666 0.34791666666666665 0.2625 0.35208333333333336 0.2625 0.38125 0.26875 0.38958333333333334 0.275 0.3958333333333333 0.2833333333333333 0.4 0.2875 0.4 0.29375 0.39791666666666664 0.3 0.39375 0.30416666666666664 0.39375 0.31875 0.3729166666666667 0.31875 0.36041666666666666 0.31666666666666665 0.3458333333333333 0.3104166666666667 0.33958333333333335 0.3020833333333333 0.3333333333333333
0 0.5854166666666667 0.0020833333333333333 0.58125 0.004166666666666667 0.575 0.008333333333333333 0.56875 0.0125 0.5645833333333333 0.027083333333333334 0.5645833333333333 0.0375 0.5666666666666667 0.041666666666666664 0.575 0.04583333333333333 0.58125 0.04583333333333333 0.5895833333333333 0.04583333333333333 0.5958333333333333 0.041666666666666664 0.6020833333333333 0.035416666666666666 0.6083333333333333 0.029166666666666667 0.6083333333333333 0.022916666666666665 0.6083333333333333 0.016666666666666666 0.6041666666666666 0.00625 0.59375 0.0020833333333333333
0 0.9895833333333334 0.2916666666666667 0.98125 0.29375 0.9770833333333333 0.29791666666666666 0.9666666666666667 0.3104166666666667 0.9625 0.31666666666666665 0.9625 0.32916666666666666 0.9666666666666667 0.33541666666666664 0.9729166666666667 0.3416666666666667 0.9791666666666666 0.3416666666666667 0.9916666666666667 0.33958333333333335 0.9979166666666667 0.3375 0.9979166666666667 0.29583333333333334 0.99375 0.2916666666666667
0 0.17708333333333334 0.9291666666666667 0.17083333333333334 0.9333333333333333 0.1625 0.9395833333333333 0.16041666666666668 0.9541666666666667 0.16458333333333333 0.96875 0.17291666666666666 0.975 0.17708333333333334 0.9770833333333333 0.1875 0.9770833333333333 0.2 0.975 0.20833333333333334 0.9666666666666667 0.21458333333333332 0.9583333333333334 0.21458333333333332 0.9416666666666667 0.21041666666666667 0.9375 0.20208333333333334 0.93125 0.19791666666666666 0.9291666666666667
0 0.8583333333333333 0.5604166666666667 0.84375 0.5625 0.83125 0.5729166666666666 0.8208333333333333 0.5833333333333334 0.8208333333333333 0.6041666666666666 0.825 0.6125 0.8291666666666667 0.6166666666666667 0.8375 0.6270833333333333 0.8416666666666667 0.6270833333333333 0.8479166666666667 0.63125 0.8520833333333333 0.63125 0.8583333333333333 0.6291666666666667 0.8645833333333334 0.6270833333333333 0.8708333333333333 0.6208333333333333 0.875 0.6166666666666667 0.88125 0.6083333333333333 0.8854166666666666 0.6020833333333333 0.8875 0.5979166666666667 0.8875 0.5833333333333334 0.8833333333333333 0.5770833333333333 0.8729166666666667 0.5645833333333333 0.86875 0.5604166666666667
0 0.9291666666666667 0.90625 0.9208333333333333 0.9125 0.9145833333333333 0.91875 0.9125 0.9270833333333334 0.9104166666666667 0.9416666666666667 0.9104166666666667 0.9479166666666666 0.9125 0.9520833333333333 0.9166666666666666 0.9583333333333334 0.9208333333333333 0.9645833333333333 0.925 0.9708333333333333 0.9395833333333333 0.975 0.9479166666666666 0.975 0.9520833333333333 0.9729166666666667 0.9604166666666667 0.9666666666666667 0.96875 0.9604166666666667 0.9729166666666667 0.95625 0.975 0.95 0.9770833333333333 0.9375 0.9770833333333333 0.93125 0.9729166666666667 0.925 0.9666666666666667 0.9166666666666666 0.9604166666666667 0.9104166666666667 0.9520833333333333 0.90625
0 0.12083333333333333 0.9125 0.11875 0.9166666666666666 0.11458333333333333 0.925 0.11458333333333333 0.9333333333333333 0.11666666666666667 0.9395833333333333 0.12083333333333333 0.9416666666666667 0.125 0.9416666666666667 0.12916666666666668 0.94375 0.14604166666666665 0.94 0.14791666666666667 0.925 0.14583333333333334 0.91875 0.1375 0.9145833333333333 0.125 0.9125
0 0.16041666666666668 0.9729166666666667 0.14791666666666667 0.9833333333333333 0.14375 0.9875 0.14166666666666666 0.99375 0.13958333333333334 0.9979166666666667 0.21666666666666667 0.9979166666666667 0.21666666666666667 0.9916666666666667 0.21458333333333332 0.9875 0.21041666666666667 0.9833333333333333 0.20833333333333334 0.9770833333333333 0.20416666666666666 0.9729166666666667 0.2 0.9770833333333333 0.1875 0.9791666666666666 0.17708333333333334 0.9791666666666666 0.17291666666666666 0.9770833333333333 0.16666666666666666 0.9708333333333333
0 0.28958333333333336 0.9083333333333333 0.2791666666666667 0.9104166666666667 0.2708333333333333 0.9145833333333333 0.26875 0.9208333333333333 0.26458333333333334 0.925 0.2604166666666667 0.9333333333333333 0.2604166666666667 0.9479166666666666 0.26458333333333334 0.95625 0.26875 0.9604166666666667 0.275 0.9645833333333333 0.2791666666666667 0.9666666666666667 0.29375 0.9666666666666667 0.3125 0.9625 0.32083333333333336 0.9458333333333333 0.32083333333333336 0.9416666666666667 0.31875 0.9333333333333333 0.31666666666666665 0.925 0.30625 0.9166666666666666 0.3020833333333333 0.9125 0.29375 0.9083333333333333
0 0.34791666666666665 0.9083333333333333 0.3416666666666667 0.9125 0.3375 0.9333333333333333 0.3375 0.9520833333333333 0.34791666666666665 0.95625 0.35208333333333336 0.95625 0.35833333333333334 0.9541666666666667 0.3625 0.9520833333333333 0.36666666666666664 0.9479166666666666 0.3729166666666667 0.9395833333333333 0.375 0.9354166666666667 0.375 0.9229166666666667 0.36875 0.9145833333333333 0.3625 0.9083333333333333