0 0.16041666666666668 0.34791666666666665 0.14791666666666667 0.35833333333333334 0.14375 0.3625 0.13958333333333334 0.37083333333333335 0.1375 0.3770833333333333 0.1375 0.4083333333333333 0.14375 0.41875 0.14583333333333334 0.425 0.15208333333333332 0.4270833333333333 0.15833333333333333 0.43125 0.17708333333333334 0.43125 0.19375 0.42291666666666666 0.20208333333333334 0.41458333333333336 0.20833333333333334 0.40625 0.21041666666666667 0.40208333333333335 0.21041666666666667 0.39791666666666664 0.21458333333333332 0.39166666666666666 0.21666666666666667 0.3854166666666667 0.21666666666666667 0.36666666666666664 0.21458333333333332 0.3625 0.21041666666666667 0.35833333333333334 0.20833333333333334 0.35208333333333336 0.20416666666666666 0.34791666666666665 0.2 0.35208333333333336 0.1875 0.3541666666666667 0.17708333333333334 0.3541666666666667 0.17291666666666666 0.35208333333333336 0.16666666666666666 0.3458333333333333
0 0.17708333333333334 0.30416666666666664 0.17083333333333334 0.30833333333333335 0.1625 0.3145833333333333 0.16041666666666668 0.32916666666666666 0.16458333333333333 0.34375 0.17291666666666666 0.35 0.17708333333333334 0.35208333333333336 0.1875 0.35208333333333336 0.2 0.35 0.20833333333333334 0.3416666666666667 0.21458333333333332 0.3333333333333333 0.21458333333333332 0.31666666666666665 0.21041666666666667 0.3125 0.20208333333333334 0.30625 0.19791666666666666 0.30416666666666664
0 0.28958333333333336 0.2833333333333333 0.2791666666666667 0.28541666666666665 0.2708333333333333 0.28958333333333336 0.26875 0.29583333333333334 0.26458333333333334 0.3 0.2604166666666667 0.30833333333333335 0.2604166666666667 0.3229166666666667 0.26458333333333334 0.33125 0.26875 0.33541666666666664 0.275 0.33958333333333335 0.2791666666666667 0.3416666666666667 0.29375 0.3416666666666667 0.3125 0.3375 0.32083333333333336 0.32083333333333336 0.32083333333333336 0.31666666666666665 0.31875 0.30833333333333335 0.31666666666666665 0.3 0.30625 0.2916666666666667 0.3020833333333333 0.2875 0.29375 0.2833333333333333
0 0.34791666666666665 0.2833333333333333 0.3416666666666667 0.2875 0.3375 0.30833333333333335 0.3375 0.32708333333333334 0.34791666666666665 0.33125 0.35208333333333336 0.33125 0.35833333333333334 0.32916666666666666 0.3625 0.32708333333333334 0.36666666666666664 0.3229166666666667 0.3729166666666667 0.3145833333333333 0.375 0.3104166666666667 0.375 0.29791666666666666 0.36875 0.28958333333333336 0.3625 0.2833333333333333
0 0.4125 0.4354166666666667 0.4083333333333333 0.44166666666666665 0.4041666666666667 0.45 0.4041666666666667 0.46458333333333335 0.40625 0.48125 0.4166666666666667 0.49166666666666664 0.4270833333333333 0.49166666666666664 0.4375 0.4895833333333333 0.44375 0.48333333333333334 0.45 0.475 0.45 0.46458333333333335 0.4479166666666667 0.45208333333333334 0.44583333333333336 0.4479166666666667 0.4395833333333333 0.4395833333333333 0.4354166666666667 0.4354166666666667 0.425 0.43333333333333335
0 0 0.50625 0 0.54375 0.004166666666666667 0.5395833333333333 0.00625 0.5354166666666667 0.008333333333333333 0.5291666666666667 0.008333333333333333 0.525 0.00625 0.5166666666666667 0.0020833333333333333 0.5104166666666666
0 0.4666666666666667 0.39166666666666666 0.4479166666666667 0.41041666666666665 0.4479166666666667 0.42916666666666664 0.45208333333333334 0.4375 0.45625 0.44166666666666665 0.46458333333333335 0.4479166666666667 0.47708333333333336 0.45 0.48541666666666666 0.45 0.49375 0.44375 0.5020833333333333 0.4354166666666667 0.5041666666666667 0.42916666666666664 0.50625 0.4166666666666667 0.50625 0.4125 0.5041666666666667 0.4083333333333333 0.4979166666666667 0.4 0.49375 0.3958333333333333 0.48541666666666666 0.39375 0.47291666666666665 0.39166666666666666
0 0.5375 0.26666666666666666 0.5291666666666667 0.27291666666666664 0.5229166666666667 0.2791666666666667 0.5208333333333334 0.2833333333333333 0.51875 0.2916666666666667 0.51875 0.29583333333333334 0.525 0.30833333333333335 0.5291666666666667 0.3125 0.5375 0.3229166666666667 0.54375 0.325 0.5479166666666667 0.325 0.55625 0.325 0.5645833333333333 0.31875 0.5729166666666666 0.3125 0.5770833333333333 0.30833333333333335 0.5791666666666667 0.3020833333333333 0.58125 0.2916666666666667 0.58125 0.2875 0.575 0.2791666666666667 0.5666666666666667 0.2708333333333333 0.5583333333333333 0.26666666666666666
0 0.12083333333333333 0.2875 0.11875 0.2916666666666667 0.11458333333333333 0.3 0.11458333333333333 0.30833333333333335 0.11666666666666667 0.3145833333333333 0.12083333333333333 0.31666666666666665 0.125 0.31666666666666665 0.12916666666666668 0.31875 0.13333333333333333 0.32083333333333336 0.14791666666666667 0.3 0.14583333333333334 0.29375 0.1375 0.28958333333333336 0.125 0.2875
0 0.16875 0.6083333333333333 0.16458333333333333 0.6104166666666667 0.15833333333333333 0.6145833333333334 0.15208333333333332 0.61875 0.14791666666666667 0.6291666666666667 0.14583333333333334 0.6458333333333334 0.14583333333333334 0.6541666666666667 0.15833333333333333 0.6666666666666666 0.17083333333333334 0.66875 0.18125 0.66875 0.2 0.65 0.20208333333333334 0.6395833333333333 0.20208333333333334 0.6291666666666667 0.19791666666666666 0.6208333333333333 0.19375 0.6145833333333334 0.18541666666666667 0.6104166666666667 0.17291666666666666 0.6083333333333333
0 0.9291666666666667 0.28125 0.9208333333333333 0.2875 0.9145833333333333 0.29375 0.9125 0.3020833333333333 0.9104166666666667 0.31666666666666665 0.9104166666666667 0.3229166666666667 0.9125 0.32708333333333334 0.9166666666666666 0.3333333333333333 0.9208333333333333 0.33958333333333335 0.925 0.3458333333333333 0.9395833333333333 0.35 0.9479166666666666 0.35 0.9520833333333333 0.34791666666666665 0.9604166666666667 0.3416666666666667 0.96875 0.33541666666666664 0.9729166666666667 0.33125 0.975 0.325 0.9770833333333333 0.3125 0.9770833333333333 0.30625 0.9729166666666667 0.3 0.9666666666666667 0.2916666666666667 0.9604166666666667 0.28541666666666665 0.9520833333333333 0.28125
0 0.8333333333333334 0 0.8375 0.0020833333333333333 0.8416666666666667 0.0020833333333333333 0.8479166666666667 0.00625 0.8520833333333333 0.00625 0.8583333333333333 0.004166666666666667 0.8604166666666667 0.0020833333333333333 0.8645833333333334 0.0020833333333333333 0.86875 0
0 0.04791666666666667 0.6645833333333333 0.03958333333333333 0.6708333333333333 0.035416666666666666 0.675 0.035416666666666666 0.6916666666666667 0.04375 0.7 0.058333333333333334 0.7 0.06666666666666667 0.6916666666666667 0.06666666666666667 0.675 0.0625 0.66875 0.058333333333333334 0.6645833333333333