0 0.23333333333333334 0.9 0.22708333333333333 0.9041666666666667 0.22291666666666668 0.9041666666666667 0.21666666666666667 0.90625 0.19583333333333333 0.9333333333333333 0.19583333333333333 0.9416666666666667 0.20416666666666666 0.9583333333333334 0.22708333333333333 0.975 0.23333333333333334 0.975 0.24166666666666667 0.9729166666666667 0.24583333333333332 0.9708333333333333 0.2625 0.9541666666666667 0.26875 0.9416666666666667 0.26875 0.9354166666666667 0.26666666666666666 0.925 0.26458333333333334 0.91875 0.25625 0.9104166666666667 0.24791666666666667 0.9041666666666667 0.24375 0.9020833333333333 0.2375 0.9
0 0.30625 0.9666666666666667 0.29375 0.9729166666666667 0.28125 0.9854166666666667 0.2708333333333333 0.9979166666666667 0.3541666666666667 0.9979166666666667 0.35208333333333336 0.99375 0.3375 0.9770833333333333 0.33125 0.9708333333333333 0.325 0.96875 0.3125 0.9666666666666667
0 0.01875 0.9083333333333333 0.008333333333333333 0.91875 0.008333333333333333 0.9333333333333333 0.010416666666666666 0.9479166666666666 0.01875 0.95625 0.03125 0.95625 0.0375 0.95 0.041666666666666664 0.94375 0.04375 0.93125 0.04375 0.91875 0.03333333333333333 0.9083333333333333
0 0.7916666666666666 0.8645833333333334 0.78125 0.8729166666666667 0.775 0.8791666666666667 0.7729166666666667 0.8854166666666666 0.7708333333333334 0.8958333333333334 0.76875 0.9041666666666667 0.7666666666666667 0.9145833333333333 0.7645833333333333 0.925 0.7645833333333333 0.93125 0.78125 0.95625 0.7854166666666667 0.95625 0.7916666666666666 0.9604166666666667 0.8 0.9604166666666667 0.8083333333333333 0.9583333333333334 0.8208333333333333 0.9458333333333333 0.83125 0.9333333333333333 0.8375 0.9208333333333333 0.8375 0.9166666666666666 0.8416666666666667 0.9104166666666667 0.84375 0.8979166666666667 0.84375 0.8875 0.8416666666666667 0.8833333333333333 0.8354166666666667 0.875 0.825 0.8645833333333334
0 0.7084583333333333 0.88625 0.706875 0.8782708333333333 0.7121875000000001 0.871875 0.7201666666666667 0.86975 0.727625 0.8729375 0.7318958333333333 0.8798541666666666 0.7286874999999999 0.8873125000000001 0.72125 0.8915624999999999 0.7127291666666667 0.8915624999999999
0 0.8583333333333333 0.8145833333333333 0.8520833333333333 0.81875 0.84375 0.825 0.8375 0.83125 0.8270833333333333 0.8458333333333333 0.8270833333333333 0.8645833333333334 0.8395833333333333 0.8791666666666667 0.8541666666666666 0.89375 0.8895833333333333 0.89375 0.8979166666666667 0.8854166666666666 0.9041666666666667 0.8770833333333333 0.90625 0.8666666666666667 0.90625 0.8520833333333333 0.9041666666666667 0.84375 0.9020833333333333 0.8375 0.88125 0.8166666666666667 0.86875 0.8145833333333333
0 0.9729166666666667 0.7020833333333333 0.9583333333333334 0.7125 0.9541666666666667 0.7166666666666667 0.9479166666666666 0.725 0.94375 0.73125 0.9416666666666667 0.7354166666666667 0.9416666666666667 0.75625 0.9458333333333333 0.7625 0.9520833333333333 0.7708333333333334 0.9583333333333334 0.7791666666666667 0.9625 0.7833333333333333 0.9916666666666667 0.7833333333333333 0.9958333333333333 0.78125 0.9958333333333333 0.70625 0.9895833333333334 0.7041666666666667 0.9770833333333333 0.7020833333333333
0 0.9041666666666667 0.6270833333333333 0.8875 0.6354166666666666 0.88125 0.6416666666666667 0.8770833333333333 0.6479166666666667 0.8770833333333333 0.6645833333333333 0.8791666666666667 0.66875 0.8833333333333333 0.675 0.8895833333333333 0.68125 0.9125 0.6958333333333333 0.9270833333333334 0.6958333333333333 0.93125 0.69375 0.9395833333333333 0.6875 0.9458333333333333 0.68125 0.9541666666666667 0.6708333333333333 0.9541666666666667 0.6645833333333333 0.9520833333333333 0.65625 0.95 0.65 0.9333333333333333 0.6333333333333333 0.9270833333333334 0.63125 0.91875 0.6291666666666667 0.9083333333333333 0.6270833333333333
0 0.6354166666666666 0.08333333333333333 0.625 0.09375 0.625 0.1 0.6270833333333333 0.1125 0.6291666666666667 0.11458333333333333 0.6291666666666667 0.12291666666666666 0.6270833333333333 0.12916666666666668 0.625 0.13541666666666666 0.6229166666666667 0.1375 0.6229166666666667 0.17916666666666667 0.6270833333333333 0.18541666666666667 0.6333333333333333 0.19166666666666668 0.6416666666666667 0.19375 0.65 0.19375 0.6645833333333333 0.18541666666666667 0.66875 0.18541666666666667 0.6854166666666667 0.17708333333333334 0.6958333333333333 0.16875 0.7041666666666667 0.16041666666666668 0.7104166666666667 0.14791666666666667 0.7104166666666667 0.12708333333333333 0.6854166666666667 0.10208333333333333 0.68125 0.1 0.6770833333333334 0.1 0.6708333333333333 0.09583333333333334 0.6666666666666666 0.09583333333333334 0.6604166666666667 0.09375 0.65625 0.09166666666666666 0.6520833333333333 0.0875 0.6458333333333334 0.08333333333333333
0 0.6416666666666667 0.8354166666666667 0.6375 0.8354166666666667 0.63125 0.8375 0.625 0.8395833333333333 0.61875 0.8416666666666667 0.6125 0.84375 0.6083333333333333 0.8458333333333333 0.6041666666666666 0.85 0.5979166666666667 0.8583333333333333 0.5958333333333333 0.8625 0.5958333333333333 0.8770833333333333 0.6020833333333333 0.8895833333333333 0.6083333333333333 0.8958333333333334 0.6208333333333333 0.90625 0.6270833333333333 0.9104166666666667 0.63125 0.9104166666666667 0.6395833333333333 0.9083333333333333 0.6479166666666667 0.90625 0.6541666666666667 0.9 0.6604166666666667 0.89375 0.6645833333333333 0.8875 0.6666666666666666 0.8833333333333333 0.6666666666666666 0.8520833333333333 0.65625 0.8416666666666667 0.6458333333333334 0.8333333333333334
0 0.16666666666666666 0.9416666666666667 0.16041666666666668 0.9458333333333333 0.15208333333333332 0.9520833333333333 0.14583333333333334 0.9583333333333334 0.14375 0.9625 0.14375 0.9729166666666667 0.14583333333333334 0.98125 0.1625 0.9979166666666667 0.21041666666666667 0.9979166666666667 0.21458333333333332 0.9958333333333333 0.21458333333333332 0.9916666666666667 0.21666666666666667 0.9791666666666666 0.21875 0.975 0.20208333333333334 0.9583333333333334 0.19583333333333333 0.94375