0 0.22708333333333333 0.5958333333333333 0.21666666666666667 0.6041666666666666 0.21875 0.6104166666666667 0.22916666666666666 0.6145833333333334 0.23333333333333334 0.6145833333333334 0.23541666666666666 0.60625 0.23541666666666666 0.6 0.23333333333333334 0.5958333333333333
0 0 0.80625 0 0.8791666666666667 0.010416666666666666 0.86875 0.0125 0.85 0.0125 0.8291666666666667 0.010416666666666666 0.8229166666666666 0.00625 0.8166666666666667 0.00625 0.8125 0.004166666666666667 0.8083333333333333
0 0.05625 0.7104166666666667 0.03125 0.7229166666666667 0.022916666666666665 0.7291666666666666 0.014583333333333334 0.7354166666666667 0.0125 0.7458333333333333 0.014583333333333334 0.75625 0.020833333333333332 0.7625 0.0375 0.7770833333333333 0.04583333333333333 0.7833333333333333 0.0625 0.7833333333333333 0.075 0.7770833333333333 0.07916666666666666 0.7729166666666667 0.08541666666666667 0.7645833333333333 0.08958333333333333 0.7583333333333333 0.08958333333333333 0.7291666666666666 0.07083333333333333 0.7104166666666667
0 0.3770833333333333 0.3458333333333333 0.37083333333333335 0.35208333333333336 0.37083333333333335 0.36041666666666666 0.375 0.3625 0.37916666666666665 0.3645833333333333 0.38333333333333336 0.36666666666666664 0.3854166666666667 0.3625 0.3875 0.35833333333333334 0.3875 0.35208333333333336 0.38125 0.34791666666666665
0 0.5895833333333333 0.3125 0.5854166666666667 0.3145833333333333 0.58125 0.31666666666666665 0.5770833333333333 0.31875 0.5770833333333333 0.3333333333333333 0.5875 0.33125 0.5916666666666667 0.32916666666666666 0.5916666666666667 0.32083333333333336
0 0.6 0 0.6 0.004166666666666667 0.6041666666666666 0.010416666666666666 0.6083333333333333 0.008333333333333333 0.6125 0.004166666666666667 0.6125 0
0 0.7125 0.30625 0.7104166666666667 0.3104166666666667 0.7083333333333334 0.31666666666666665 0.7083333333333334 0.32083333333333336 0.7104166666666667 0.325 0.7270833333333333 0.325 0.7291666666666666 0.31875 0.7291666666666666 0.3125 0.7270833333333333 0.30625
0 0.11041666666666666 0.28541666666666665 0.10625 0.29583333333333334 0.10625 0.3020833333333333 0.10625 0.30625 0.11875 0.31666666666666665 0.12291666666666666 0.31875 0.12916666666666668 0.3125 0.13333333333333333 0.30625 0.13333333333333333 0.3020833333333333 0.13125 0.29375 0.12916666666666668 0.28958333333333336 0.125 0.2875 0.12083333333333333 0.28541666666666665 0.11666666666666667 0.28541666666666665
0 0.9541666666666667 0.7479166666666667 0.95 0.7520833333333333 0.9375 0.7708333333333334 0.9375 0.7833333333333333 0.9395833333333333 0.7958333333333333 0.94375 0.8 0.9541666666666667 0.8083333333333333 0.9604166666666667 0.8125 0.9833333333333333 0.8125 0.99375 0.8020833333333334 0.9979166666666667 0.7958333333333333 0.9979166666666667 0.7583333333333333 0.99375 0.7541666666666667 0.9854166666666667 0.7479166666666667
0 0.9 0.8270833333333333 0.8895833333333333 0.8375 0.8791666666666667 0.85 0.8791666666666667 0.8583333333333333 0.88125 0.8666666666666667 0.8833333333333333 0.8708333333333333 0.8875 0.8770833333333333 0.8916666666666667 0.88125 0.9041666666666667 0.8875 0.9291666666666667 0.8875 0.9333333333333333 0.8833333333333333 0.9395833333333333 0.875 0.94375 0.86875 0.9458333333333333 0.85625 0.9458333333333333 0.84375 0.9375 0.8354166666666667 0.9291666666666667 0.8291666666666667 0.9145833333333333 0.8270833333333333
0 0.6791666666666667 0.8520833333333333 0.6666666666666666 0.8625 0.6625 0.8666666666666667 0.6625 0.90625 0.6645833333333333 0.9104166666666667 0.6708333333333333 0.91875 0.68125 0.9229166666666667 0.69375 0.925 0.7 0.925 0.7125 0.91875 0.7208333333333333 0.9104166666666667 0.725 0.9041666666666667 0.7270833333333333 0.8958333333333334 0.7291666666666666 0.88125 0.7291666666666666 0.875 0.71875 0.8625 0.7083333333333334 0.8520833333333333 0.7041666666666667 0.85 0.6979166666666666 0.8479166666666667 0.6916666666666667 0.8479166666666667
0 0.32083333333333336 0.7625 0.3145833333333333 0.7645833333333333 0.3104166666666667 0.7666666666666667 0.2916666666666667 0.7854166666666667 0.28958333333333336 0.7916666666666666 0.2875 0.8041666666666667 0.2875 0.8145833333333333 0.28958333333333336 0.8208333333333333 0.30833333333333335 0.8583333333333333 0.3145833333333333 0.8645833333333334 0.32083333333333336 0.86875 0.3333333333333333 0.86875 0.3375 0.8666666666666667 0.34375 0.8625 0.34791666666666665 0.8583333333333333 0.35208333333333336 0.8520833333333333 0.35625 0.8458333333333333 0.35833333333333334 0.8395833333333333 0.3625 0.8354166666666667 0.3645833333333333 0.83125 0.36666666666666664 0.825 0.36875 0.8125 0.36875 0.80625 0.3541666666666667 0.7770833333333333 0.3416666666666667 0.7645833333333333 0.33125 0.7625
0 0.7583333333333333 0.7270833333333333 0.7479166666666667 0.7291666666666666 0.74375 0.7333333333333333 0.7416666666666667 0.7375 0.7416666666666667 0.7416666666666667 0.74375 0.7458333333333333 0.7479166666666667 0.7479166666666667 0.7520833333333333 0.75 0.75625 0.75 0.7625 0.7479166666666667 0.7666666666666667 0.7375 0.7666666666666667 0.73125 0.7645833333333333 0.7270833333333333
0 0.89375 0.9375 0.8875 0.9416666666666667 0.8833333333333333 0.9458333333333333 0.88125 0.9541666666666667 0.88125 0.9604166666666667 0.8895833333333333 0.96875 0.90625 0.96875 0.9145833333333333 0.9604166666666667 0.9166666666666666 0.9520833333333333 0.9166666666666666 0.9479166666666666 0.90625 0.9375
0 0.37083333333333335 0.6 0.35625 0.6020833333333333 0.35 0.6083333333333333 0.34375 0.6166666666666667 0.34375 0.6208333333333333 0.3458333333333333 0.6333333333333333 0.35 0.6416666666666667 0.35625 0.64375 0.36041666666666666 0.6479166666666667 0.3645833333333333 0.65 0.36875 0.65 0.3770833333333333 0.6479166666666667 0.3854166666666667 0.64375 0.38958333333333334 0.6375 0.39375 0.63125 0.3958333333333333 0.6270833333333333 0.39375 0.6083333333333333 0.3854166666666667 0.6020833333333333 0.38125 0.6
0 0.3 0.6145833333333334 0.29583333333333334 0.61875 0.28958333333333336 0.625 0.28958333333333336 0.6291666666666667 0.29375 0.6375 0.31666666666666665 0.6395833333333333 0.31666666666666665 0.6333333333333333 0.31875 0.6229166666666667 0.31666666666666665 0.61875 0.30625 0.6145833333333334
0 0.6333333333333333 0.22083333333333333 0.6270833333333333 0.225 0.6229166666666667 0.22916666666666666 0.6229166666666667 0.25416666666666665 0.6270833333333333 0.2625 0.6395833333333333 0.26666666666666666 0.6458333333333334 0.26666666666666666 0.6541666666666667 0.2604166666666667 0.6604166666666667 0.25416666666666665 0.6625 0.24791666666666667 0.6645833333333333 0.23958333333333334 0.6645833333333333 0.23541666666666666 0.6625 0.23125 0.65625 0.22291666666666668
0 0.4125 0.19583333333333333 0.41041666666666665 0.2 0.4083333333333333 0.20416666666666666 0.4083333333333333 0.20833333333333334 0.4083333333333333 0.21666666666666667 0.4125 0.22083333333333333 0.4270833333333333 0.21875 0.43125 0.20833333333333334 0.43125 0.2 0.42083333333333334 0.19583333333333333
0 0.08958333333333333 0.35625 0.08333333333333333 0.36041666666666666 0.075 0.36666666666666664 0.07083333333333333 0.37916666666666665 0.07083333333333333 0.38958333333333334 0.07708333333333334 0.39791666666666664 0.08333333333333333 0.4041666666666667 0.10208333333333333 0.4041666666666667 0.11041666666666666 0.4 0.11666666666666667 0.3958333333333333 0.12083333333333333 0.3875 0.12291666666666666 0.37916666666666665 0.12291666666666666 0.375 0.11666666666666667 0.3625 0.10833333333333334 0.35833333333333334 0.09583333333333334 0.35625
0 0.03333333333333333 0.3875 0.025 0.38958333333333334 0.016666666666666666 0.39166666666666666 0.008333333333333333 0.39375 0 0.39791666666666664 0 0.44166666666666665 0.0125 0.45416666666666666 0.025 0.46041666666666664 0.03333333333333333 0.46041666666666664 0.04791666666666667 0.4583333333333333 0.058333333333333334 0.45416666666666666 0.06458333333333334 0.44166666666666665 0.06458333333333334 0.42083333333333334 0.06041666666666667 0.4125 0.05625 0.4083333333333333 0.052083333333333336 0.39791666666666664 0.04791666666666667 0.39375 0.041666666666666664 0.38958333333333334 0.0375 0.3875