0 0.8645833333333334 0.91875 0.85625 0.925 0.8541666666666666 0.93125 0.85625 0.9416666666666667 0.8583333333333333 0.9479166666666666 0.86875 0.95 0.8770833333333333 0.9479166666666666 0.8833333333333333 0.9395833333333333 0.8854166666666666 0.9354166666666667 0.8854166666666666 0.9291666666666667 0.8833333333333333 0.9208333333333333 0.8791666666666667 0.91875 0.8729166666666667 0.91875
0 0.5895833333333333 0.925 0.5833333333333334 0.93125 0.5791666666666667 0.9375 0.5833333333333334 0.9395833333333333 0.5875 0.9416666666666667 0.5916666666666667 0.9458333333333333 0.6 0.9458333333333333 0.60625 0.94375 0.6104166666666667 0.9416666666666667 0.6104166666666667 0.9333333333333333 0.6083333333333333 0.925
0 0.35625 0.7354166666666667 0.3458333333333333 0.7375 0.34375 0.7479166666666667 0.34375 0.75625 0.3541666666666667 0.7666666666666667 0.35833333333333334 0.76875 0.3645833333333333 0.76875 0.37083333333333335 0.76875 0.38125 0.7645833333333333 0.38125 0.7583333333333333 0.38125 0.7541666666666667 0.3729166666666667 0.74375 0.36666666666666664 0.7375 0.3625 0.7354166666666667
0 0.51875 0.9604166666666667 0.5104166666666666 0.9625 0.5041666666666667 0.9645833333333333 0.5041666666666667 0.9708333333333333 0.5020833333333333 0.98125 0.50625 0.9875 0.5166666666666667 0.9916666666666667 0.5208333333333334 0.9916666666666667 0.525 0.9895833333333334 0.5291666666666667 0.9875 0.53125 0.98125 0.5333333333333333 0.9770833333333333 0.5354166666666667 0.9729166666666667 0.5229166666666667 0.9604166666666667
0 0.17291666666666666 0.9291666666666667 0.16875 0.93125 0.1625 0.9333333333333333 0.16041666666666668 0.9375 0.15833333333333333 0.9458333333333333 0.16041666666666668 0.9520833333333333 0.16875 0.9583333333333334 0.17291666666666666 0.9604166666666667 0.17916666666666667 0.95625 0.18958333333333333 0.9479166666666666 0.19166666666666668 0.9395833333333333 0.18958333333333333 0.9333333333333333 0.17916666666666667 0.9291666666666667
0 0.475 0.21458333333333332 0.46875 0.22291666666666668 0.4666666666666667 0.22708333333333333 0.46875 0.23125 0.47291666666666665 0.23541666666666666 0.4791666666666667 0.24375 0.4791666666666667 0.24583333333333332 0.48541666666666666 0.24583333333333332 0.49166666666666664 0.24583333333333332 0.49583333333333335 0.24375 0.4979166666666667 0.23958333333333334 0.5 0.23125 0.5 0.225 0.49583333333333335 0.21666666666666667 0.49375 0.2125
0 0.74375 0.09375 0.7291666666666666 0.09583333333333334 0.7229166666666667 0.10208333333333333 0.7166666666666667 0.11041666666666666 0.7145833333333333 0.12291666666666666 0.7145833333333333 0.13541666666666666 0.7166666666666667 0.13958333333333334 0.7229166666666667 0.14791666666666667 0.7270833333333333 0.15208333333333332 0.7354166666666667 0.15416666666666667 0.7479166666666667 0.15625 0.7541666666666667 0.15625 0.7625 0.15208333333333332 0.7666666666666667 0.14791666666666667 0.7708333333333334 0.13958333333333334 0.7708333333333334 0.12916666666666668 0.76875 0.1125 0.7645833333333333 0.1 0.7583333333333333 0.09583333333333334 0.7541666666666667 0.09375
0 0.9291666666666667 0.53125 0.925 0.5333333333333333 0.9208333333333333 0.5375 0.9145833333333333 0.5416666666666666 0.9083333333333333 0.54375 0.9020833333333333 0.5479166666666667 0.8979166666666667 0.5625 0.8979166666666667 0.5729166666666666 0.9020833333333333 0.5791666666666667 0.9125 0.5916666666666667 0.91875 0.5979166666666667 0.925 0.6 0.9333333333333333 0.6020833333333333 0.9375 0.6020833333333333 0.94375 0.5979166666666667 0.9541666666666667 0.5895833333333333 0.9583333333333334 0.5854166666666667 0.9604166666666667 0.58125 0.9625 0.575 0.9625 0.56875 0.9625 0.5625 0.9604166666666667 0.55625 0.95625 0.55 0.9520833333333333 0.5458333333333333 0.9458333333333333 0.5416666666666666 0.9395833333333333 0.5375 0.9333333333333333 0.5333333333333333
0 0.9979166666666667 0.6958333333333333 0.99375 0.6979166666666666 0.9895833333333334 0.7020833333333333 0.9833333333333333 0.7041666666666667 0.9791666666666666 0.7083333333333334 0.96875 0.7229166666666667 0.96875 0.7270833333333333 0.9645833333333333 0.7333333333333333 0.9645833333333333 0.7395833333333334 0.9666666666666667 0.7520833333333333 0.9708333333333333 0.7604166666666666 0.9791666666666666 0.7666666666666667 0.9833333333333333 0.76875 0.9979166666666667 0.76875
0 0.5645833333333333 0.6520833333333333 0.5604166666666667 0.6541666666666667 0.55625 0.6583333333333333 0.55 0.6604166666666667 0.54375 0.6645833333333333 0.5395833333333333 0.68125 0.5395833333333333 0.6958333333333333 0.5416666666666666 0.7 0.5458333333333333 0.70625 0.5520833333333334 0.7125 0.5625 0.7208333333333333 0.5666666666666667 0.7208333333333333 0.5708333333333333 0.7229166666666667 0.5791666666666667 0.7229166666666667 0.5854166666666667 0.71875 0.59375 0.7125 0.5979166666666667 0.7020833333333333 0.6 0.6895833333333333 0.6 0.6833333333333333 0.5979166666666667 0.6791666666666667 0.5916666666666667 0.6708333333333333 0.5875 0.6645833333333333 0.58125 0.65625 0.5708333333333333 0.6520833333333333
0 0.5333333333333333 0.4791666666666667 0.5291666666666667 0.48333333333333334 0.525 0.4895833333333333 0.525 0.4979166666666667 0.5270833333333333 0.5083333333333333 0.5291666666666667 0.5125 0.5354166666666667 0.5208333333333334 0.5395833333333333 0.525 0.5520833333333334 0.5270833333333333 0.5604166666666667 0.5270833333333333 0.5645833333333333 0.5229166666666667 0.5708333333333333 0.5145833333333333 0.5729166666666666 0.5104166666666666 0.5708333333333333 0.4875 0.5625 0.48125 0.5583333333333333 0.4791666666666667
0 0.3333333333333333 0.3375 0.3104166666666667 0.36875 0.30833333333333335 0.3854166666666667 0.30833333333333335 0.4 0.3125 0.40625 0.32083333333333336 0.4166666666666667 0.325 0.42083333333333334 0.32916666666666666 0.42083333333333334 0.3375 0.42291666666666666 0.33958333333333335 0.425 0.3458333333333333 0.425 0.36041666666666666 0.41458333333333336 0.3645833333333333 0.41041666666666665 0.36875 0.4041666666666667 0.37083333333333335 0.4 0.3729166666666667 0.3875 0.375 0.3625 0.375 0.35208333333333336 0.37083333333333335 0.3458333333333333 0.36666666666666664 0.3416666666666667 0.35833333333333334 0.33958333333333335 0.3416666666666667 0.3375
0 0.30625 0.09791666666666667 0.3020833333333333 0.1 0.29583333333333334 0.10416666666666667 0.28958333333333336 0.10833333333333334 0.28541666666666665 0.11666666666666667 0.2833333333333333 0.12916666666666668 0.2833333333333333 0.1375 0.29375 0.15208333333333332 0.3 0.15833333333333333 0.30416666666666664 0.16041666666666668 0.31875 0.16041666666666668 0.3333333333333333 0.15833333333333333 0.34791666666666665 0.14375 0.34791666666666665 0.11875 0.3375 0.10625 0.32916666666666666 0.09791666666666667
0 0.12083333333333333 0.18125 0.11666666666666667 0.18541666666666667 0.10416666666666667 0.20416666666666666 0.10416666666666667 0.21666666666666667 0.10625 0.22916666666666666 0.11041666666666666 0.23333333333333334 0.12083333333333333 0.24166666666666667 0.12708333333333333 0.24583333333333332 0.15 0.24583333333333332 0.16041666666666668 0.23541666666666666 0.16875 0.225 0.16875 0.19583333333333333 0.16041666666666668 0.1875 0.15208333333333332 0.18125
0 0.06666666666666667 0.2604166666666667 0.05625 0.2708333333333333 0.04583333333333333 0.2833333333333333 0.04583333333333333 0.2916666666666667 0.04791666666666667 0.3 0.05 0.30416666666666664 0.05416666666666667 0.3104166666666667 0.058333333333333334 0.3145833333333333 0.07083333333333333 0.32083333333333336 0.09583333333333334 0.32083333333333336 0.1 0.31666666666666665 0.10625 0.30833333333333335 0.11041666666666666 0.3020833333333333 0.1125 0.28958333333333336 0.1125 0.27708333333333335 0.10416666666666667 0.26875 0.09583333333333334 0.2625 0.08125 0.2604166666666667
0 0.2375 0.34791666666666665 0.22708333333333333 0.35833333333333334 0.21666666666666667 0.37083333333333335 0.21458333333333332 0.38333333333333336 0.21458333333333332 0.3958333333333333 0.22291666666666668 0.40625 0.23333333333333334 0.4166666666666667 0.23958333333333334 0.41875 0.2520833333333333 0.42083333333333334 0.25625 0.42083333333333334 0.26458333333333334 0.41458333333333336 0.27291666666666664 0.40625 0.27291666666666664 0.37083333333333335 0.26875 0.3645833333333333 0.2625 0.35625 0.25833333333333336 0.35208333333333336 0.2520833333333333 0.35 0.24166666666666667 0.34791666666666665
0 0.06041666666666667 0.37083333333333335 0.05416666666666667 0.375 0.05 0.37916666666666665 0.04791666666666667 0.3875 0.04791666666666667 0.39375 0.05625 0.40208333333333335 0.07291666666666667 0.40208333333333335 0.08125 0.39375 0.08333333333333333 0.3854166666666667 0.08333333333333333 0.38125 0.07291666666666667 0.37083333333333335
0 0.1375 0.5479166666666667 0.13125 0.5520833333333334 0.12291666666666666 0.5583333333333333 0.12083333333333333 0.5666666666666667 0.12291666666666666 0.575 0.12708333333333333 0.5770833333333333 0.13125 0.5791666666666667 0.16041666666666668 0.5791666666666667 0.16041666666666668 0.5729166666666666 0.1625 0.5625 0.15625 0.5541666666666667 0.15 0.5479166666666667
0 0.19791666666666666 0.3104166666666667 0.1875 0.3145833333333333 0.18541666666666667 0.31875 0.18541666666666667 0.3229166666666667 0.1875 0.3333333333333333 0.19166666666666668 0.3416666666666667 0.19791666666666666 0.3458333333333333 0.20625 0.3458333333333333 0.21666666666666667 0.34375 0.21458333333333332 0.31875 0.20625 0.3125 0.20208333333333334 0.3104166666666667
0 0.2916666666666667 0.3125 0.28125 0.31666666666666665 0.27708333333333335 0.325 0.27708333333333335 0.33958333333333335 0.2791666666666667 0.34375 0.3020833333333333 0.3458333333333333 0.30625 0.3416666666666667 0.30833333333333335 0.3375 0.30833333333333335 0.32916666666666666 0.30625 0.32083333333333336 0.29791666666666666 0.3125
0 0.525 0.3854166666666667 0.5145833333333333 0.38958333333333334 0.5104166666666666 0.39166666666666666 0.5125 0.41041666666666665 0.51875 0.4125 0.525 0.4125 0.5395833333333333 0.40625 0.5416666666666666 0.39791666666666664 0.5375 0.3875 0.53125 0.3854166666666667
0 0.23125 0.9208333333333333 0.225 0.9270833333333334 0.22083333333333333 0.9333333333333333 0.22083333333333333 0.9458333333333333 0.22916666666666666 0.9541666666666667 0.2375 0.9541666666666667 0.24166666666666667 0.9520833333333333 0.24791666666666667 0.9479166666666666 0.2520833333333333 0.9375 0.2520833333333333 0.93125 0.24375 0.9229166666666667 0.2375 0.9208333333333333
0 0.3458333333333333 0.71875 0.3458333333333333 0.7229166666666667 0.34791666666666665 0.7270833333333333 0.35 0.73125 0.3541666666666667 0.73125 0.3645833333333333 0.7333333333333333 0.36666666666666664 0.7354166666666667 0.3854166666666667 0.7354166666666667 0.3854166666666667 0.7270833333333333 0.38333333333333336 0.71875 0.3770833333333333 0.7125 0.37083333333333335 0.7083333333333334 0.36041666666666666 0.7041666666666667
0 0.7229166666666667 0.9145833333333333 0.7166666666666667 0.9145833333333333 0.7104166666666667 0.9166666666666666 0.7020833333333333 0.9229166666666667 0.6979166666666666 0.9270833333333334 0.6979166666666666 0.9458333333333333 0.7020833333333333 0.95 0.7104166666666667 0.95625 0.7291666666666666 0.9541666666666667 0.7354166666666667 0.9416666666666667 0.7375 0.9333333333333333 0.7375 0.925 0.73125 0.9166666666666666 0.7270833333333333 0.9125
0 0.7708333333333334 0.5520833333333334 0.7666666666666667 0.5541666666666667 0.7583333333333333 0.5583333333333333 0.75625 0.575 0.7625 0.5833333333333334 0.76875 0.5895833333333333 0.7729166666666667 0.5875 0.7791666666666667 0.5833333333333334 0.78125 0.5645833333333333 0.775 0.55625
0 0.8458333333333333 0.5854166666666667 0.8375 0.5875 0.8375 0.59375 0.8354166666666667 0.6041666666666666 0.8375 0.6083333333333333 0.84375 0.6166666666666667 0.8479166666666667 0.6208333333333333 0.8520833333333333 0.61875 0.8604166666666667 0.6145833333333334 0.8645833333333334 0.6041666666666666 0.8645833333333334 0.5958333333333333 0.8583333333333333 0.5895833333333333 0.8520833333333333 0.5854166666666667