0 0.6020833333333333 0.5604166666666667 0.6 0.5645833333333333 0.6 0.5708333333333333 0.6041666666666666 0.5770833333333333 0.6083333333333333 0.575 0.6125 0.5708333333333333 0.6125 0.5666666666666667 0.6104166666666667 0.5604166666666667
0 0.03333333333333333 0.9541666666666667 0.025 0.95625 0.016666666666666666 0.9583333333333334 0.008333333333333333 0.9604166666666667 0 0.9645833333333333 0 0.9979166666666667 0.06458333333333334 0.9979166666666667 0.06458333333333334 0.9875 0.06041666666666667 0.9791666666666666 0.05625 0.975 0.052083333333333336 0.9645833333333333 0.04791666666666667 0.9604166666666667 0.041666666666666664 0.95625 0.0375 0.9541666666666667
0 0.08958333333333333 0.9229166666666667 0.08333333333333333 0.9270833333333334 0.075 0.9333333333333333 0.07083333333333333 0.9458333333333333 0.07083333333333333 0.95625 0.07708333333333334 0.9645833333333333 0.08333333333333333 0.9708333333333333 0.10208333333333333 0.9708333333333333 0.11041666666666666 0.9666666666666667 0.11666666666666667 0.9625 0.12083333333333333 0.9541666666666667 0.12291666666666666 0.9458333333333333 0.12291666666666666 0.9416666666666667 0.11666666666666667 0.9291666666666667 0.10833333333333334 0.925 0.09583333333333334 0.9229166666666667
0 0.4125 0.7625 0.41041666666666665 0.7666666666666667 0.4083333333333333 0.7708333333333334 0.4083333333333333 0.775 0.4083333333333333 0.7833333333333333 0.4125 0.7875 0.4270833333333333 0.7854166666666667 0.43125 0.775 0.43125 0.7666666666666667 0.42083333333333334 0.7625
0 0.6333333333333333 0.7875 0.6270833333333333 0.7916666666666666 0.6229166666666667 0.7958333333333333 0.6229166666666667 0.8208333333333333 0.6270833333333333 0.8291666666666667 0.6395833333333333 0.8333333333333334 0.6458333333333334 0.8333333333333334 0.6541666666666667 0.8270833333333333 0.6604166666666667 0.8208333333333333 0.6625 0.8145833333333333 0.6645833333333333 0.80625 0.6645833333333333 0.8020833333333334 0.6625 0.7979166666666667 0.65625 0.7895833333333333
0 0.33125 0.33125 0.32708333333333334 0.3333333333333333 0.31875 0.33958333333333335 0.3145833333333333 0.35208333333333336 0.3145833333333333 0.3625 0.32708333333333334 0.375 0.33125 0.375 0.3416666666666667 0.3729166666666667 0.35208333333333336 0.37083333333333335 0.35833333333333334 0.36875 0.35833333333333334 0.3458333333333333 0.3541666666666667 0.33958333333333335 0.35 0.33541666666666664 0.3458333333333333 0.33541666666666664 0.3375 0.3333333333333333 0.33541666666666664 0.33125
0 0.36041666666666666 0.3645833333333333 0.35833333333333334 0.37083333333333335 0.35208333333333336 0.3729166666666667 0.34375 0.3729166666666667 0.3333333333333333 0.375 0.32916666666666666 0.37916666666666665 0.325 0.3875 0.325 0.4041666666666667 0.32708333333333334 0.4083333333333333 0.33125 0.41458333333333336 0.3375 0.42083333333333334 0.35625 0.43333333333333335 0.3729166666666667 0.43333333333333335 0.38125 0.42916666666666664 0.3875 0.425 0.39166666666666666 0.41458333333333336 0.39375 0.39791666666666664 0.39375 0.38958333333333334 0.38958333333333334 0.38333333333333336 0.38333333333333336 0.375 0.3770833333333333 0.36875 0.36875 0.3645833333333333
0 0.00625 0 0.0020833333333333333 0.0020833333333333333 0.0020833333333333333 0.008333333333333333 0.0020833333333333333 0.020833333333333332 0.008333333333333333 0.022916666666666665 0.014583333333333334 0.027083333333333334 0.01875 0.025 0.027083333333333334 0.01875 0.027083333333333334 0.0125 0.027083333333333334 0.00625 0.025 0.0020833333333333333
0 0.10833333333333334 0 0.10833333333333334 0.004166666666666667 0.11041666666666666 0.0125 0.1125 0.016666666666666666 0.12083333333333333 0.016666666666666666 0.13125 0.0125 0.13541666666666666 0.004166666666666667 0.1375 0
0 0.11041666666666666 0.8520833333333333 0.10625 0.8625 0.10625 0.86875 0.10625 0.8729166666666667 0.11875 0.8833333333333333 0.12291666666666666 0.8854166666666666 0.12916666666666668 0.8791666666666667 0.13333333333333333 0.8729166666666667 0.13333333333333333 0.86875 0.13125 0.8604166666666667 0.12916666666666668 0.85625 0.125 0.8541666666666666 0.12083333333333333 0.8520833333333333 0.11666666666666667 0.8520833333333333
0 0.7125 0.8729166666666667 0.7104166666666667 0.8770833333333333 0.7083333333333334 0.8833333333333333 0.7083333333333334 0.8875 0.7104166666666667 0.8916666666666667 0.7270833333333333 0.8916666666666667 0.7291666666666666 0.8854166666666666 0.7291666666666666 0.8791666666666667 0.7270833333333333 0.8729166666666667
0 0.3770833333333333 0.9125 0.37083333333333335 0.91875 0.37083333333333335 0.9270833333333334 0.375 0.9291666666666667 0.37916666666666665 0.93125 0.38333333333333336 0.9333333333333333 0.3854166666666667 0.9291666666666667 0.3875 0.925 0.3875 0.91875 0.38125 0.9145833333333333
0 0.5895833333333333 0.8791666666666667 0.5854166666666667 0.88125 0.58125 0.8833333333333333 0.5770833333333333 0.8854166666666666 0.5770833333333333 0.9 0.5875 0.8979166666666667 0.5916666666666667 0.8958333333333334 0.5916666666666667 0.8875
0 0.3541666666666667 0.2125 0.34375 0.21458333333333332 0.34375 0.22083333333333333 0.3416666666666667 0.23125 0.3458333333333333 0.23333333333333334 0.35208333333333336 0.23541666666666666 0.35625 0.2375 0.3625 0.23333333333333334 0.36875 0.22708333333333333 0.36666666666666664 0.22291666666666668 0.3625 0.21458333333333332
0 0.6354166666666666 0.041666666666666664 0.6333333333333333 0.04583333333333333 0.6291666666666667 0.052083333333333336 0.6270833333333333 0.05625 0.63125 0.058333333333333334 0.6375 0.06041666666666667 0.6416666666666667 0.0625 0.64375 0.058333333333333334 0.64375 0.052083333333333336 0.64375 0.04583333333333333 0.6395833333333333 0.04375
0 0.8416666666666667 0.43333333333333335 0.8375 0.4354166666666667 0.8291666666666667 0.4395833333333333 0.8270833333333333 0.44375 0.825 0.4479166666666667 0.825 0.45208333333333334 0.8229166666666666 0.45625 0.8270833333333333 0.45625 0.8354166666666667 0.4583333333333333 0.8395833333333333 0.46041666666666664 0.8458333333333333 0.45416666666666666 0.85 0.4479166666666667 0.8479166666666667 0.44375 0.84375 0.4375
0 0.5708333333333333 0.4270833333333333 0.5645833333333333 0.42916666666666664 0.5604166666666667 0.43125 0.5583333333333333 0.4395833333333333 0.5645833333333333 0.44583333333333336 0.56875 0.44583333333333336 0.5770833333333333 0.44166666666666665 0.5791666666666667 0.4375 0.5791666666666667 0.43333333333333335 0.5770833333333333 0.42916666666666664