0 0.0024791666666666664 0.6856041666666666 0.011916666666666666 0.6914166666666667 0.01627083333333333 0.7015625 0.015541666666666667 0.7124375000000001 0.006104166666666667 0.7196874999999999 0 0.718875 0 0.6862916666666667
0 0.4625 0.027083333333333334 0.45625 0.03125 0.4479166666666667 0.0375 0.44375 0.05 0.44375 0.06041666666666667 0.45416666666666666 0.075 0.4583333333333333 0.07916666666666666 0.48125 0.07916666666666666 0.5041666666666667 0.07708333333333334 0.5125 0.06875 0.5125 0.06458333333333334 0.5104166666666666 0.052083333333333336 0.5083333333333333 0.04583333333333333 0.5 0.0375 0.4895833333333333 0.029166666666666667 0.475 0.027083333333333334
0 0.28541666666666665 0.7395833333333334 0.2791666666666667 0.7458333333333333 0.2791666666666667 0.75 0.28125 0.7541666666666667 0.2916666666666667 0.7583333333333333 0.3 0.75625 0.3020833333333333 0.7479166666666667 0.3020833333333333 0.7395833333333334 0.29791666666666666 0.7375 0.29375 0.7375
0 0.5145833333333333 0.8520833333333333 0.5083333333333333 0.8541666666666666 0.5020833333333333 0.85625 0.49583333333333335 0.8604166666666667 0.49166666666666664 0.8604166666666667 0.48541666666666666 0.8625 0.4791666666666667 0.8645833333333334 0.475 0.8666666666666667 0.46458333333333335 0.8770833333333333 0.46458333333333335 0.8979166666666667 0.46875 0.9020833333333333 0.47708333333333336 0.9083333333333333 0.4875 0.9083333333333333 0.5104166666666666 0.90625 0.5229166666666667 0.9041666666666667 0.5270833333333333 0.9 0.53125 0.89375 0.5333333333333333 0.8875 0.5354166666666667 0.8791666666666667 0.5354166666666667 0.8729166666666667 0.5333333333333333 0.8666666666666667 0.53125 0.8583333333333333 0.5291666666666667 0.8541666666666666 0.525 0.8541666666666666
0 0.8041666666666667 0.7895833333333333 0.8 0.7916666666666666 0.79375 0.7979166666666667 0.7729166666666667 0.8333333333333334 0.7708333333333334 0.8458333333333333 0.7708333333333334 0.8583333333333333 0.7770833333333333 0.8708333333333333 0.79375 0.8875 0.8020833333333334 0.8895833333333333 0.8145833333333333 0.8916666666666667 0.8208333333333333 0.8916666666666667 0.84375 0.86875 0.8458333333333333 0.85 0.8458333333333333 0.8291666666666667 0.84375 0.8229166666666666 0.8395833333333333 0.8166666666666667 0.8395833333333333 0.8125 0.825 0.8020833333333334 0.8208333333333333 0.7979166666666667 0.8104166666666667 0.79375
0 0.8895833333333333 0.7104166666666667 0.8645833333333334 0.7229166666666667 0.85625 0.7291666666666666 0.8479166666666667 0.7354166666666667 0.8458333333333333 0.7458333333333333 0.8479166666666667 0.75625 0.8541666666666666 0.7625 0.8708333333333333 0.7770833333333333 0.8791666666666667 0.7833333333333333 0.8958333333333334 0.7833333333333333 0.9083333333333333 0.7770833333333333 0.9125 0.7729166666666667 0.91875 0.7645833333333333 0.9229166666666667 0.7583333333333333 0.9229166666666667 0.7291666666666666 0.9041666666666667 0.7104166666666667
0 0.74375 0.6375 0.73125 0.64375 0.7270833333333333 0.6479166666666667 0.725 0.6520833333333333 0.7229166666666667 0.6625 0.7208333333333333 0.6791666666666667 0.7208333333333333 0.6875 0.7229166666666667 0.6916666666666667 0.7291666666666666 0.7 0.7333333333333333 0.70625 0.7395833333333334 0.7145833333333333 0.74375 0.71875 0.7520833333333333 0.7229166666666667 0.7666666666666667 0.7229166666666667 0.7770833333333333 0.7125 0.7875 0.7 0.7875 0.6770833333333334 0.7791666666666667 0.6604166666666667 0.775 0.65625 0.7645833333333333 0.6416666666666667 0.75625 0.6395833333333333 0.7479166666666667 0.6375
0 0.65625 0.6541666666666667 0.64375 0.65625 0.6375 0.6583333333333333 0.6291666666666667 0.6666666666666666 0.6208333333333333 0.6770833333333334 0.6208333333333333 0.7 0.6375 0.7166666666666667 0.6645833333333333 0.7145833333333333 0.6708333333333333 0.70625 0.675 0.7 0.6770833333333334 0.6958333333333333 0.6770833333333334 0.66875 0.6625 0.6541666666666667
0 0.94375 0.28541666666666665 0.9395833333333333 0.29583333333333334 0.9395833333333333 0.3020833333333333 0.9395833333333333 0.30625 0.9520833333333333 0.31666666666666665 0.95625 0.31875 0.9625 0.3125 0.9666666666666667 0.30625 0.9666666666666667 0.3020833333333333 0.9645833333333333 0.29375 0.9625 0.28958333333333336 0.9583333333333334 0.2875 0.9541666666666667 0.28541666666666665 0.95 0.28541666666666665
0 0 0.90625 0 0.9666666666666667 0.004166666666666667 0.9625 0.0125 0.95625 0.020833333333333332 0.9458333333333333 0.022916666666666665 0.9395833333333333 0.022916666666666665 0.9354166666666667 0.020833333333333332 0.9291666666666667 0.016666666666666666 0.9208333333333333
0 0.4 0.9291666666666667 0.39791666666666664 0.9333333333333333 0.39375 0.9416666666666667 0.39375 0.9458333333333333 0.3958333333333333 0.95 0.40208333333333335 0.95625 0.41041666666666665 0.9625 0.4166666666666667 0.95625 0.42083333333333334 0.94375 0.42083333333333334 0.9375 0.41875 0.9333333333333333 0.41458333333333336 0.9333333333333333 0.40625 0.93125 0.4041666666666667 0.9291666666666667
0 0.9229166666666667 0.35625 0.9166666666666666 0.36041666666666666 0.9083333333333333 0.36666666666666664 0.9041666666666667 0.37916666666666665 0.9041666666666667 0.38958333333333334 0.9104166666666667 0.39791666666666664 0.9166666666666666 0.4041666666666667 0.9354166666666667 0.4041666666666667 0.94375 0.4 0.95 0.3958333333333333 0.9541666666666667 0.3875 0.95625 0.37916666666666665 0.95625 0.375 0.95 0.3625 0.9416666666666667 0.35833333333333334 0.9291666666666667 0.35625
0 0.8666666666666667 0.3875 0.8583333333333333 0.38958333333333334 0.85 0.39166666666666666 0.8416666666666667 0.39375 0.8333333333333334 0.39791666666666664 0.8291666666666667 0.4041666666666667 0.8270833333333333 0.41041666666666665 0.8270833333333333 0.4166666666666667 0.8270833333333333 0.42291666666666666 0.8291666666666667 0.42916666666666664 0.83125 0.4375 0.8333333333333334 0.44166666666666665 0.8458333333333333 0.45416666666666666 0.8583333333333333 0.46041666666666664 0.8666666666666667 0.46041666666666664 0.88125 0.4583333333333333 0.8916666666666667 0.45416666666666666 0.8979166666666667 0.44166666666666665 0.8979166666666667 0.42083333333333334 0.89375 0.4125 0.8895833333333333 0.4083333333333333 0.8854166666666666 0.39791666666666664 0.88125 0.39375 0.875 0.38958333333333334 0.8708333333333333 0.3875