0 1 0.7988125 0.9937708333333333 0.793625 0.9905833333333334 0.7861875 0.9911041666666667 0.7781874999999999 0.9927083333333333 0.7702083333333333 0.9980208333333334 0.7638333333333333 1 0.7631666666666667
0 0.10208333333333333 0.7458333333333333 0.09583333333333334 0.75 0.09166666666666666 0.7625 0.09166666666666666 0.7729166666666667 0.10208333333333333 0.7833333333333333 0.10833333333333334 0.7854166666666667 0.11666666666666667 0.7875 0.125 0.7895833333333333 0.12916666666666668 0.7895833333333333 0.1375 0.7833333333333333 0.14583333333333334 0.775 0.14583333333333334 0.7666666666666667 0.14166666666666666 0.7541666666666667 0.13541666666666666 0.75 0.13125 0.7479166666666667 0.11666666666666667 0.7458333333333333
0 0.17916666666666667 0.6729166666666667 0.17083333333333334 0.68125 0.17083333333333334 0.69375 0.17291666666666666 0.7083333333333334 0.18333333333333332 0.71875 0.19791666666666666 0.71875 0.20625 0.7125 0.2125 0.70625 0.21458333333333332 0.6958333333333333 0.21458333333333332 0.6875 0.20208333333333334 0.675 0.18958333333333333 0.6729166666666667
0 0.25625 0.6208333333333333 0.24375 0.6333333333333333 0.24375 0.6479166666666667 0.24583333333333332 0.6520833333333333 0.2520833333333333 0.6604166666666667 0.2708333333333333 0.6625 0.27708333333333335 0.65625 0.28125 0.65 0.28125 0.6354166666666666 0.27708333333333335 0.6291666666666667 0.27291666666666664 0.625 0.26875 0.6229166666666667 0.2604166666666667 0.6208333333333333
0 0.7916666666666666 0.175 0.7854166666666667 0.17916666666666667 0.78125 0.17916666666666667 0.7729166666666667 0.18333333333333332 0.7625 0.19375 0.7604166666666666 0.19791666666666666 0.7583333333333333 0.20625 0.7583333333333333 0.21041666666666667 0.7604166666666666 0.21875 0.7625 0.22291666666666668 0.7708333333333334 0.23333333333333334 0.7791666666666667 0.24166666666666667 0.7833333333333333 0.24375 0.7895833333333333 0.24583333333333332 0.7979166666666667 0.24791666666666667 0.8041666666666667 0.25 0.8083333333333333 0.25 0.8166666666666667 0.24583333333333332 0.8270833333333333 0.23541666666666666 0.8333333333333334 0.22708333333333333 0.8354166666666667 0.21875 0.8375 0.20416666666666666 0.8375 0.19791666666666666 0.8354166666666667 0.19375 0.83125 0.1875 0.8270833333333333 0.18125 0.8166666666666667 0.17708333333333334 0.8 0.175
0 0.7729166666666667 0.94375 0.7520833333333333 0.9541666666666667 0.7458333333333333 0.9604166666666667 0.7395833333333334 0.96875 0.7395833333333334 0.9958333333333333 0.7791666666666667 0.9979166666666667 0.8166666666666667 0.9958333333333333 0.8166666666666667 0.98125 0.8145833333333333 0.9645833333333333 0.8125 0.9604166666666667 0.80625 0.9520833333333333 0.8020833333333334 0.9479166666666666 0.79375 0.94375
0 0.6625 0.8583333333333333 0.6520833333333333 0.86875 0.64375 0.8791666666666667 0.64375 0.9020833333333333 0.6604166666666667 0.91875 0.68125 0.91875 0.6854166666666667 0.9166666666666666 0.6916666666666667 0.9125 0.6958333333333333 0.9083333333333333 0.7020833333333333 0.8958333333333334 0.7020833333333333 0.8708333333333333 0.6979166666666666 0.8666666666666667 0.6895833333333333 0.8604166666666667 0.6854166666666667 0.8583333333333333
0 0.9083333333333333 0.7166666666666667 0.89375 0.71875 0.8833333333333333 0.7229166666666667 0.8770833333333333 0.73125 0.8729166666666667 0.7375 0.8666666666666667 0.7458333333333333 0.8645833333333334 0.75 0.8645833333333334 0.7604166666666666 0.86875 0.775 0.8770833333333333 0.78125 0.8833333333333333 0.7854166666666667 0.9020833333333333 0.7854166666666667 0.91875 0.7770833333333333 0.93125 0.7645833333333333 0.9354166666666667 0.75625 0.9375 0.75 0.9375 0.7416666666666667 0.9354166666666667 0.7333333333333333 0.93125 0.7270833333333333 0.925 0.7208333333333333 0.9166666666666666 0.7166666666666667
0 0.6291666666666667 0.5895833333333333 0.6145833333333334 0.6041666666666666 0.6083333333333333 0.6166666666666667 0.6083333333333333 0.6208333333333333 0.60625 0.625 0.60625 0.63125 0.6083333333333333 0.6375 0.6125 0.6416666666666667 0.6291666666666667 0.65 0.65625 0.65 0.675 0.63125 0.675 0.61875 0.6729166666666667 0.6041666666666666 0.6583333333333333 0.5895833333333333
0 0.7083333333333334 0.5625 0.7041666666666667 0.5645833333333333 0.6979166666666666 0.56875 0.6916666666666667 0.5729166666666666 0.6875 0.5770833333333333 0.6854166666666667 0.58125 0.6854166666666667 0.59375 0.6875 0.6041666666666666 0.6916666666666667 0.6083333333333333 0.7020833333333333 0.6166666666666667 0.7083333333333334 0.6208333333333333 0.7291666666666666 0.6208333333333333 0.7375 0.6166666666666667 0.7416666666666667 0.6125 0.7458333333333333 0.6041666666666666 0.7458333333333333 0.5791666666666667 0.7291666666666666 0.5625
0 0.99375 0.56875 0.9791666666666666 0.5833333333333334 0.9770833333333333 0.5979166666666667 0.9770833333333333 0.6125 0.9833333333333333 0.6229166666666667 0.9854166666666667 0.6291666666666667 0.9916666666666667 0.63125 0.9979166666666667 0.6354166666666666 0.9979166666666667 0.56875