0 0.65 0.5604166666666667 0.6395833333333333 0.5625 0.63125 0.5708333333333333 0.63125 0.5791666666666667 0.6333333333333333 0.5895833333333333 0.6395833333333333 0.5958333333333333 0.6479166666666667 0.6020833333333333 0.6520833333333333 0.6020833333333333 0.6604166666666667 0.6 0.6666666666666666 0.5979166666666667 0.6708333333333333 0.59375 0.6729166666666667 0.5895833333333333 0.6729166666666667 0.58125 0.66875 0.5666666666666667 0.6625 0.5625 0.6583333333333333 0.5604166666666667
0 0.9395833333333333 0.27708333333333335 0.9270833333333334 0.2833333333333333 0.9104166666666667 0.3 0.9041666666666667 0.3125 0.9041666666666667 0.3229166666666667 0.90625 0.3333333333333333 0.9083333333333333 0.3375 0.9145833333333333 0.3458333333333333 0.91875 0.35 0.925 0.3541666666666667 0.9333333333333333 0.36041666666666666 0.9375 0.3625 0.94375 0.3645833333333333 0.9520833333333333 0.36666666666666664 0.9583333333333334 0.36666666666666664 0.9666666666666667 0.3645833333333333 0.9729166666666667 0.3625 0.98125 0.36041666666666666 0.9854166666666667 0.35833333333333334 0.9979166666666667 0.3458333333333333 0.9979166666666667 0.30416666666666664 0.9916666666666667 0.30416666666666664 0.9854166666666667 0.29791666666666666 0.9770833333333333 0.2875 0.9604166666666667 0.2791666666666667 0.95 0.27708333333333335
0 0.9125 0.48333333333333334 0.9083333333333333 0.4875 0.9041666666666667 0.49375 0.9020833333333333 0.5020833333333333 0.9020833333333333 0.5104166666666666 0.9083333333333333 0.51875 0.9145833333333333 0.525 0.925 0.5270833333333333 0.9333333333333333 0.525 0.9416666666666667 0.5083333333333333 0.9416666666666667 0.5020833333333333 0.9395833333333333 0.49375 0.9291666666666667 0.48333333333333334
0 0.6166666666666667 0.7416666666666667 0.6125 0.74375 0.6041666666666666 0.75 0.5979166666666667 0.7541666666666667 0.59375 0.7583333333333333 0.5895833333333333 0.7666666666666667 0.5875 0.7791666666666667 0.5875 0.7895833333333333 0.5895833333333333 0.79375 0.59375 0.8 0.5979166666666667 0.80625 0.6020833333333333 0.8104166666666667 0.6166666666666667 0.8208333333333333 0.6375 0.8208333333333333 0.6458333333333334 0.8166666666666667 0.65 0.8125 0.6583333333333333 0.8020833333333334 0.6625 0.7958333333333333 0.6645833333333333 0.78125 0.6645833333333333 0.76875 0.6625 0.7645833333333333 0.65625 0.75625 0.65 0.7479166666666667 0.6395833333333333 0.74375 0.6229166666666667 0.7416666666666667
0 0.8979166666666667 0.8708333333333333 0.8854166666666666 0.8770833333333333 0.88125 0.88125 0.875 0.8895833333333333 0.8729166666666667 0.89375 0.8708333333333333 0.9 0.86875 0.9083333333333333 0.86875 0.9208333333333333 0.8708333333333333 0.9291666666666667 0.8791666666666667 0.9395833333333333 0.8895833333333333 0.95 0.9041666666666667 0.9520833333333333 0.9145833333333333 0.9520833333333333 0.9375 0.9291666666666667 0.9375 0.8979166666666667 0.9354166666666667 0.89375 0.9291666666666667 0.8875 0.925 0.88125 0.91875 0.875 0.9104166666666667 0.8729166666666667 0.9020833333333333 0.8708333333333333
0 0.22083333333333333 0.9479166666666666 0.21458333333333332 0.9520833333333333 0.20833333333333334 0.9541666666666667 0.20625 0.9604166666666667 0.2 0.9708333333333333 0.2 0.9895833333333334 0.20208333333333334 0.99375 0.20625 0.9979166666666667 0.26458333333333334 0.9958333333333333 0.26666666666666666 0.9916666666666667 0.26666666666666666 0.9854166666666667 0.26458333333333334 0.9770833333333333 0.2604166666666667 0.96875 0.25625 0.9645833333333333 0.25416666666666665 0.9583333333333334 0.25 0.9541666666666667 0.24375 0.95 0.23958333333333334 0.9479166666666666
0 0 0.85625 0.0020833333333333333 0.91875 0.00625 0.9208333333333333 0.0125 0.9208333333333333 0.016666666666666666 0.91875 0.029166666666666667 0.90625 0.03958333333333333 0.89375 0.03958333333333333 0.8833333333333333 0.0375 0.8708333333333333 0.03125 0.8645833333333334 0.022916666666666665 0.8583333333333333 0.01875 0.85625 0.0125 0.8541666666666666
0 0.9104166666666667 0.9770833333333333 0.9020833333333333 0.9791666666666666 0.8958333333333334 0.98125 0.8895833333333333 0.9875 0.88625 1 0.9420833333333333 1 0.9354166666666667 0.9875 0.93125 0.9833333333333333 0.9229166666666667 0.9791666666666666 0.9166666666666666 0.9770833333333333
0 1 0.8280208333333333 0.994625 0.82025 0.9901458333333333 0.8112916666666667 0.9882291666666667 0.8010833333333333 0.9895208333333334 0.7915 0.9971666666666666 0.7844791666666667 1 0.7842916666666666
0 0.9984583333333333 0.9582083333333333 0.9895208333333334 0.9543750000000001 0.9805625 0.9505416666666666 0.971625 0.9460833333333334 0.9639583333333334 0.9396875 0.9595 0.93075 0.9575833333333333 0.9211666666666667 0.9588541666666667 0.9115833333333333 0.960125 0.9019999999999999 0.965875 0.8937083333333333 0.9728958333333334 0.8860416666666667 0.9818541666666667 0.8802916666666667 0.9907916666666666 0.8764583333333333 1 0.8752291666666667 1 0.9573958333333333
0 0.971625 0.9971666666666666 0.9709791666666666 0.9876041666666667 0.9741875 0.9780208333333333 0.9786458333333333 0.9690624999999999 0.9863125 0.9626874999999999 0.9958958333333333 0.960125 1 0.9612291666666667 1 1 0.9734166666666667 1