0 0.11666666666666667 0.6333333333333333 0.11041666666666666 0.6375 0.10208333333333333 0.64375 0.09375 0.65 0.08958333333333333 0.6541666666666667 0.0875 0.6583333333333333 0.08541666666666667 0.6666666666666666 0.08541666666666667 0.6708333333333333 0.09375 0.6875 0.10208333333333333 0.6916666666666667 0.11041666666666666 0.69375 0.11875 0.6958333333333333 0.12291666666666666 0.6958333333333333 0.1625 0.66875 0.1625 0.6625 0.16041666666666668 0.65625 0.14791666666666667 0.64375 0.13541666666666666 0.6333333333333333
0 0.22291666666666668 0.35625 0.21041666666666667 0.3625 0.20625 0.37083333333333335 0.20416666666666666 0.38333333333333336 0.20416666666666666 0.3875 0.20833333333333334 0.39375 0.21458333333333332 0.4 0.225 0.40208333333333335 0.23125 0.40208333333333335 0.23541666666666666 0.4 0.24375 0.39375 0.24791666666666667 0.38958333333333334 0.25 0.37916666666666665 0.25 0.37083333333333335 0.24583333333333332 0.3645833333333333 0.24166666666666667 0.36041666666666666 0.2375 0.36041666666666666 0.22916666666666666 0.35833333333333334 0.22708333333333333 0.35625
0 0.15 0.39791666666666664 0.14583333333333334 0.4 0.1375 0.40625 0.12916666666666668 0.4125 0.12708333333333333 0.42916666666666664 0.12916666666666668 0.44375 0.13541666666666666 0.45208333333333334 0.14375 0.46041666666666664 0.16458333333333333 0.46041666666666664 0.17708333333333334 0.4479166666666667 0.1875 0.4354166666666667 0.18541666666666667 0.41041666666666665 0.17708333333333334 0.4041666666666667 0.17083333333333334 0.4 0.16666666666666666 0.39791666666666664
0 0.2375 0.44166666666666665 0.23125 0.44375 0.22708333333333333 0.4479166666666667 0.22708333333333333 0.45625 0.22916666666666666 0.46458333333333335 0.23333333333333334 0.4666666666666667 0.2375 0.46875 0.24375 0.46875 0.25 0.4625 0.25 0.45625 0.25 0.45 0.24166666666666667 0.44166666666666665
0 0.9895833333333334 0.7333333333333333 0.9791666666666666 0.7354166666666667 0.9729166666666667 0.7375 0.9666666666666667 0.74375 0.9604166666666667 0.7520833333333333 0.9604166666666667 0.775 0.975 0.7895833333333333 0.99375 0.7895833333333333 0.9979166666666667 0.7854166666666667 0.9979166666666667 0.7375 0.99375 0.7333333333333333
0 0.4249791666666667 1 0.43220833333333336 0.9948333333333333 0.43966666666666665 0.9916458333333333 0.44764583333333335 0.9911041666666667 0.455625 0.9937708333333333 0.46360416666666665 0.9964375000000001 0.46789583333333334 1
0 0.5375 0.98125 0.5291666666666667 0.9833333333333333 0.5208333333333334 0.9854166666666667 0.5125 0.9875 0.5083333333333333 0.9895833333333334 0.49937499999999996 1 0.563125 1 0.5541666666666667 0.9895833333333334 0.5479166666666667 0.9833333333333333 0.5416666666666666 0.98125
0 0.14375 0.30833333333333335 0.13541666666666666 0.3104166666666667 0.12916666666666668 0.3125 0.12291666666666666 0.31875 0.11875 0.325 0.11875 0.34791666666666665 0.12291666666666666 0.35208333333333336 0.13125 0.35833333333333334 0.13541666666666666 0.35833333333333334 0.14375 0.35625 0.14791666666666667 0.3541666666666667 0.15208333333333332 0.35 0.15833333333333333 0.3416666666666667 0.16041666666666668 0.3375 0.16041666666666668 0.32083333333333336 0.14791666666666667 0.30833333333333335
0 0 0.38125 0 0.44375 0.00625 0.44166666666666665 0.014583333333333334 0.425 0.014583333333333334 0.4 0.008333333333333333 0.38958333333333334 0.00625 0.38333333333333336
0 0.95625 0.022916666666666665 0.9458333333333333 0.025 0.9375 0.03333333333333333 0.9375 0.0375 0.9395833333333333 0.05 0.9416666666666667 0.05625 0.94375 0.06041666666666667 0.95 0.06875 0.95625 0.075 0.9666666666666667 0.08333333333333333 0.975 0.08333333333333333 0.9854166666666667 0.07916666666666666 0.9895833333333334 0.07291666666666667 0.9916666666666667 0.06875 0.9916666666666667 0.06458333333333334 0.9895833333333334 0.05416666666666667 0.9875 0.04375 0.9833333333333333 0.035416666666666666 0.9770833333333333 0.03125 0.9708333333333333 0.029166666666666667 0.9666666666666667 0.025 0.9625 0.022916666666666665
0 0 0.022500000000000003 0.005645833333333333 0.017791666666666664 0.011166666666666667 0.00125 0.0096875 0 0 0