0 0 0 0 0.03125 0.008333333333333333 0.027083333333333334 0.016666666666666666 0.01875 0.016666666666666666 0
0 0.17291666666666666 0.6479166666666667 0.16458333333333333 0.65 0.15833333333333333 0.6541666666666667 0.15 0.6604166666666667 0.14583333333333334 0.6645833333333333 0.14583333333333334 0.6895833333333333 0.14791666666666667 0.69375 0.15416666666666667 0.7020833333333333 0.15833333333333333 0.70625 0.18333333333333332 0.70625 0.19166666666666668 0.7 0.2 0.6916666666666667 0.20208333333333334 0.68125 0.20208333333333334 0.6708333333333333 0.2 0.6666666666666666 0.19583333333333333 0.6604166666666667 0.19166666666666668 0.65625 0.18541666666666667 0.65 0.17916666666666667 0.6479166666666667
0 0.07916666666666666 0.3958333333333333 0.06875 0.4041666666666667 0.06041666666666667 0.4125 0.06041666666666667 0.44583333333333336 0.06666666666666667 0.45416666666666666 0.07291666666666667 0.46041666666666664 0.07916666666666666 0.4625 0.08541666666666667 0.4625 0.09166666666666666 0.46041666666666664 0.09583333333333334 0.4583333333333333 0.10833333333333334 0.44583333333333336 0.11041666666666666 0.44166666666666665 0.1125 0.43333333333333335 0.11458333333333333 0.425 0.11666666666666667 0.4166666666666667 0.11666666666666667 0.4125 0.11458333333333333 0.4083333333333333 0.11041666666666666 0.4041666666666667 0.09375 0.3958333333333333
0 0.17291666666666666 0.4270833333333333 0.15625 0.44166666666666665 0.15208333333333332 0.44583333333333336 0.14583333333333334 0.4583333333333333 0.14583333333333334 0.47291666666666665 0.14791666666666667 0.47708333333333336 0.15208333333333332 0.48333333333333334 0.15625 0.4895833333333333 0.16041666666666668 0.49375 0.175 0.5041666666666667 0.19166666666666668 0.5041666666666667 0.19583333333333333 0.5020833333333333 0.20208333333333334 0.4979166666666667 0.20833333333333334 0.49375 0.21458333333333332 0.4895833333333333 0.21875 0.48125 0.22083333333333333 0.47291666666666665 0.22291666666666668 0.4625 0.22291666666666668 0.4583333333333333 0.21666666666666667 0.45 0.20625 0.4375 0.2 0.43125 0.19375 0.42916666666666664 0.18125 0.4270833333333333
0 0.26666666666666666 0.475 0.2625 0.47708333333333336 0.25416666666666665 0.48333333333333334 0.24791666666666667 0.4875 0.24583333333333332 0.5104166666666666 0.24791666666666667 0.5145833333333333 0.25416666666666665 0.5229166666666667 0.25833333333333336 0.5270833333333333 0.2708333333333333 0.5291666666666667 0.28125 0.5291666666666667 0.2916666666666667 0.51875 0.3 0.5083333333333333 0.3 0.49166666666666664 0.29791666666666666 0.4875 0.29375 0.48125 0.28541666666666665 0.47708333333333336 0.27291666666666664 0.475
0 0.8520833333333333 0.98125 0.8375 0.9854166666666667 0.8354166666666667 0.9916666666666667 0.83125 0.9979166666666667 0.8770833333333333 0.9979166666666667 0.8770833333333333 0.99375 0.8729166666666667 0.9895833333333334 0.8645833333333334 0.9833333333333333 0.8604166666666667 0.98125
0 0.89375 0.80625 0.8875 0.8104166666666667 0.8833333333333333 0.8104166666666667 0.8770833333333333 0.8166666666666667 0.8708333333333333 0.8229166666666666 0.8645833333333334 0.83125 0.8625 0.8354166666666667 0.8625 0.85625 0.8666666666666667 0.8645833333333334 0.8708333333333333 0.8708333333333333 0.875 0.875 0.8770833333333333 0.88125 0.88125 0.8875 0.8854166666666666 0.8916666666666667 0.8979166666666667 0.8979166666666667 0.9166666666666666 0.8979166666666667 0.925 0.8958333333333334 0.93125 0.89375 0.9354166666666667 0.8916666666666667 0.9416666666666667 0.8875 0.95 0.88125 0.9541666666666667 0.8770833333333333 0.95625 0.86875 0.9583333333333334 0.85625 0.9604166666666667 0.84375 0.9604166666666667 0.8375 0.9583333333333334 0.8333333333333334 0.9541666666666667 0.8270833333333333 0.95 0.8208333333333333 0.9458333333333333 0.8166666666666667 0.9354166666666667 0.8083333333333333 0.9291666666666667 0.80625
0 0.31666666666666665 0.4270833333333333 0.30416666666666664 0.42916666666666664 0.3020833333333333 0.43333333333333335 0.3 0.44166666666666665 0.3 0.4479166666666667 0.3125 0.46458333333333335 0.32083333333333336 0.46458333333333335 0.32916666666666666 0.4625 0.3333333333333333 0.4583333333333333 0.3375 0.45208333333333334 0.3375 0.44375 0.33541666666666664 0.4354166666666667 0.33125 0.43125 0.325 0.4270833333333333
0 0.9604166666666667 0.8770833333333333 0.9479166666666666 0.8833333333333333 0.9395833333333333 0.8895833333333333 0.9333333333333333 0.89375 0.93125 0.8979166666666667 0.93125 0.9020833333333333 0.9291666666666667 0.9104166666666667 0.9270833333333334 0.9125 0.9270833333333334 0.9166666666666666 0.9541666666666667 0.94375 0.9729166666666667 0.94375 0.9770833333333333 0.9416666666666667 0.9854166666666667 0.9354166666666667 0.9895833333333334 0.93125 0.99375 0.9229166666666667 0.9958333333333333 0.9166666666666666 0.9958333333333333 0.9104166666666667 0.99375 0.9020833333333333 0.9875 0.89375 0.9770833333333333 0.8833333333333333 0.9645833333333333 0.8770833333333333
0 0.32916666666666666 0.10625 0.3229166666666667 0.11458333333333333 0.31666666666666665 0.12291666666666666 0.3145833333333333 0.12708333333333333 0.3125 0.13958333333333334 0.3125 0.15208333333333332 0.3145833333333333 0.15833333333333333 0.31666666666666665 0.16458333333333333 0.31875 0.16875 0.3229166666666667 0.17083333333333334 0.32708333333333334 0.17083333333333334 0.3333333333333333 0.17291666666666666 0.33958333333333335 0.175 0.3416666666666667 0.17708333333333334 0.34791666666666665 0.17916666666666667 0.3645833333333333 0.17916666666666667 0.36666666666666664 0.175 0.36666666666666664 0.17083333333333334 0.36875 0.16458333333333333 0.37083333333333335 0.15833333333333333 0.3729166666666667 0.15625 0.375 0.15 0.375 0.13958333333333334 0.3729166666666667 0.12916666666666668 0.37083333333333335 0.125 0.3645833333333333 0.11666666666666667 0.36041666666666666 0.11041666666666666 0.35 0.10625 0.3375 0.10416666666666667
0 0.3104166666666667 0.17291666666666666 0.30625 0.17708333333333334 0.3 0.18333333333333332 0.29791666666666666 0.19166666666666668 0.29583333333333334 0.2 0.29583333333333334 0.20416666666666666 0.3 0.21041666666666667 0.3 0.21458333333333332 0.30625 0.22708333333333333 0.3145833333333333 0.23541666666666666 0.32083333333333336 0.2375 0.3333333333333333 0.23958333333333334 0.33958333333333335 0.23958333333333334 0.3458333333333333 0.2375 0.3541666666666667 0.23333333333333334 0.3645833333333333 0.22291666666666668 0.36666666666666664 0.21875 0.36875 0.21041666666666667 0.37083333333333335 0.20208333333333334 0.37083333333333335 0.19583333333333333 0.3729166666666667 0.19166666666666668 0.36666666666666664 0.18333333333333332 0.3541666666666667 0.18333333333333332 0.35 0.18333333333333332 0.34375 0.18125 0.3375 0.17916666666666667 0.33125 0.17708333333333334 0.32916666666666666 0.175 0.3229166666666667 0.17291666666666666 0.31875 0.17291666666666666
0 0.8854166666666666 0.8979166666666667 0.875 0.90625 0.8666666666666667 0.9145833333333333 0.8645833333333334 0.925 0.8645833333333334 0.9354166666666667 0.8708333333333333 0.9479166666666666 0.8791666666666667 0.9520833333333333 0.8875 0.9541666666666667 0.8958333333333334 0.95625 0.9 0.95625 0.9041666666666667 0.9541666666666667 0.9104166666666667 0.95 0.9166666666666666 0.9458333333333333 0.9208333333333333 0.9416666666666667 0.9270833333333334 0.9291666666666667 0.9270833333333334 0.91875 0.925 0.9125 0.9229166666666667 0.9083333333333333 0.91875 0.9041666666666667 0.9104166666666667 0.9 0.8958333333333334 0.8979166666666667
0 0.22083333333333333 0.8354166666666667 0.20833333333333334 0.8375 0.20208333333333334 0.8416666666666667 0.19375 0.8479166666666667 0.1875 0.8541666666666666 0.17916666666666667 0.8645833333333334 0.17916666666666667 0.8979166666666667 0.18541666666666667 0.9104166666666667 0.18958333333333333 0.9145833333333333 0.19791666666666666 0.9208333333333333 0.20625 0.9270833333333334 0.2125 0.93125 0.24166666666666667 0.93125 0.25 0.9270833333333334 0.2604166666666667 0.9166666666666666 0.26666666666666666 0.9083333333333333 0.26875 0.9020833333333333 0.2708333333333333 0.89375 0.27291666666666664 0.8833333333333333 0.27291666666666664 0.8770833333333333 0.26666666666666666 0.8645833333333334 0.25625 0.8520833333333333 0.24583333333333332 0.8416666666666667 0.2375 0.8375 0.23125 0.8354166666666667