0 0.9229166666666667 0.21041666666666667 0.91875 0.21041666666666667 0.9145833333333333 0.2125 0.9104166666666667 0.21666666666666667 0.90625 0.22291666666666668 0.90625 0.22916666666666666 0.9104166666666667 0.2375 0.9166666666666666 0.24166666666666667 0.9208333333333333 0.24375 0.9270833333333334 0.24375 0.9375 0.23958333333333334 0.9416666666666667 0.23125 0.9416666666666667 0.22708333333333333 0.9395833333333333 0.21875 0.9291666666666667 0.21041666666666667
0 0.8145833333333333 0.3645833333333333 0.8104166666666667 0.36666666666666664 0.80625 0.37083333333333335 0.8 0.3729166666666667 0.79375 0.3770833333333333 0.7895833333333333 0.39166666666666666 0.7895833333333333 0.40208333333333335 0.7916666666666666 0.40625 0.7979166666666667 0.41458333333333336 0.8041666666666667 0.42291666666666666 0.8083333333333333 0.4270833333333333 0.8125 0.4270833333333333 0.8208333333333333 0.42916666666666664 0.8229166666666666 0.43125 0.8270833333333333 0.43125 0.83125 0.42916666666666664 0.8375 0.425 0.84375 0.41875 0.85 0.4125 0.8520833333333333 0.40625 0.8541666666666666 0.39791666666666664 0.8541666666666666 0.39375 0.8416666666666667 0.375 0.8375 0.37083333333333335 0.8333333333333334 0.36875 0.8270833333333333 0.36666666666666664 0.81875 0.3645833333333333
0 0.625 0.5625 0.6104166666666667 0.5645833333333333 0.5958333333333333 0.5791666666666667 0.5958333333333333 0.6020833333333333 0.60625 0.6166666666666667 0.6104166666666667 0.6208333333333333 0.6166666666666667 0.625 0.6229166666666667 0.6291666666666667 0.6270833333333333 0.63125 0.6375 0.63125 0.65 0.6291666666666667 0.6541666666666667 0.625 0.6604166666666667 0.6166666666666667 0.6625 0.6125 0.6645833333333333 0.60625 0.6645833333333333 0.5979166666666667 0.6625 0.5916666666666667 0.6604166666666667 0.5833333333333334 0.6583333333333333 0.5791666666666667 0.6541666666666667 0.575 0.64375 0.5666666666666667 0.6375 0.5625
0 0.35208333333333336 0.5208333333333334 0.3375 0.53125 0.3333333333333333 0.5354166666666667 0.32916666666666666 0.54375 0.32916666666666666 0.5479166666666667 0.33125 0.5604166666666667 0.3333333333333333 0.5666666666666667 0.34791666666666665 0.58125 0.35208333333333336 0.5833333333333334 0.35625 0.5833333333333334 0.3625 0.5875 0.36666666666666664 0.5875 0.375 0.5854166666666667 0.38125 0.5833333333333334 0.39791666666666664 0.5583333333333333 0.39791666666666664 0.5520833333333334 0.3958333333333333 0.54375 0.39375 0.5354166666666667 0.3729166666666667 0.5208333333333334
0 0.04583333333333333 0.5833333333333334 0.03125 0.5979166666666667 0.029166666666666667 0.6041666666666666 0.027083333333333334 0.6125 0.025 0.6208333333333333 0.025 0.625 0.029166666666666667 0.6333333333333333 0.03333333333333333 0.6375 0.035416666666666666 0.64375 0.04583333333333333 0.6479166666666667 0.058333333333333334 0.65 0.06458333333333334 0.65 0.07291666666666667 0.6458333333333334 0.07916666666666666 0.6395833333333333 0.08333333333333333 0.6333333333333333 0.08333333333333333 0.6083333333333333 0.07916666666666666 0.6020833333333333 0.07083333333333333 0.5916666666666667 0.06666666666666667 0.5875 0.06041666666666667 0.5854166666666667 0.05 0.5833333333333334
0 0.9333333333333333 0 0.9333333333333333 0.00625 0.9375 0.014583333333333334 0.9416666666666667 0.01875 0.95 0.025 0.9583333333333334 0.03125 0.9666666666666667 0.0375 0.9729166666666667 0.041666666666666664 0.9854166666666667 0.041666666666666664 0.9916666666666667 0.0375 0.9979166666666667 0.03125 0.9979166666666667 0
0 0.30833333333333335 0.027083333333333334 0.3020833333333333 0.029166666666666667 0.29791666666666666 0.03333333333333333 0.28958333333333336 0.04375 0.28541666666666665 0.05 0.28541666666666665 0.075 0.2875 0.07916666666666666 0.29375 0.0875 0.29791666666666666 0.09166666666666666 0.30625 0.09375 0.31875 0.09583333333333334 0.3229166666666667 0.09583333333333334 0.33541666666666664 0.08541666666666667 0.3458333333333333 0.075 0.34791666666666665 0.06875 0.35 0.05625 0.35 0.052083333333333336 0.3416666666666667 0.041666666666666664 0.3333333333333333 0.03333333333333333 0.32916666666666666 0.03125 0.32083333333333336 0.029166666666666667 0.3125 0.027083333333333334
0 0.4083333333333333 0.11875 0.40208333333333335 0.12291666666666666 0.39791666666666664 0.12708333333333333 0.39791666666666664 0.14583333333333334 0.40208333333333335 0.14791666666666667 0.4125 0.15208333333333332 0.41875 0.15208333333333332 0.425 0.15 0.42916666666666664 0.14166666666666666 0.43125 0.13125 0.43125 0.12708333333333333 0.4270833333333333 0.12291666666666666 0.42083333333333334 0.11875
0 0.9875 0.9041666666666667 0.9791666666666666 0.90625 0.9708333333333333 0.9145833333333333 0.9645833333333333 0.9229166666666667 0.9645833333333333 0.9479166666666666 0.9666666666666667 0.9520833333333333 0.975 0.9604166666666667 0.9833333333333333 0.9666666666666667 0.9895833333333334 0.9666666666666667 0.9979166666666667 0.9645833333333333 0.9979166666666667 0.90625 0.99375 0.9041666666666667
0 0.9895833333333334 0.2604166666666667 0.98125 0.26666666666666666 0.9791666666666666 0.26666666666666666 0.975 0.275 0.9729166666666667 0.2833333333333333 0.9708333333333333 0.2916666666666667 0.9708333333333333 0.29791666666666666 0.975 0.30416666666666664 0.975 0.30833333333333335 0.9854166666666667 0.3229166666666667 0.9895833333333334 0.32708333333333334 0.99375 0.32916666666666666 0.9979166666666667 0.32916666666666666 0.9979166666666667 0.25416666666666665
0 0 0.6346458333333334 0.003 0.6395416666666667 0.006104166666666667 0.6461875 0.007895833333333333 0.6528333333333334 0.009666666666666665 0.6595 0.008333333333333333 0.6665833333333333 0.006104166666666667 0.67325 0.0003541666666666667 0.6772291666666667 0 0.6772708333333333