0 0.14166666666666666 0.675 0.13541666666666666 0.6770833333333334 0.13125 0.68125 0.1125 0.7 0.1125 0.7041666666666667 0.10833333333333334 0.7104166666666667 0.10833333333333334 0.7145833333333333 0.11041666666666666 0.7229166666666667 0.1125 0.73125 0.11666666666666667 0.7395833333333334 0.12083333333333333 0.7458333333333333 0.125 0.7520833333333333 0.13541666666666666 0.75625 0.15208333333333332 0.7583333333333333 0.16041666666666668 0.7583333333333333 0.16666666666666666 0.75625 0.17291666666666666 0.7541666666666667 0.17708333333333334 0.7520833333333333 0.18541666666666667 0.74375 0.1875 0.7395833333333334 0.18958333333333333 0.7333333333333333 0.19166666666666668 0.7270833333333333 0.19166666666666668 0.7020833333333333 0.1875 0.6958333333333333 0.17916666666666667 0.6854166666666667 0.175 0.68125 0.17083333333333334 0.6791666666666667 0.1625 0.6770833333333334 0.15416666666666667 0.675 0.14791666666666667 0.675
0 0.9270833333333334 0.5291666666666667 0.9208333333333333 0.5333333333333333 0.9104166666666667 0.5416666666666666 0.90625 0.5458333333333333 0.9 0.5583333333333333 0.9 0.5625 0.8958333333333334 0.56875 0.8958333333333334 0.5729166666666666 0.8979166666666667 0.5791666666666667 0.9020833333333333 0.5875 0.9145833333333333 0.6 0.9229166666666667 0.6020833333333333 0.9354166666666667 0.6041666666666666 0.9416666666666667 0.6041666666666666 0.9520833333333333 0.5979166666666667 0.95625 0.5979166666666667 0.96875 0.5916666666666667 0.9729166666666667 0.5875 0.9729166666666667 0.5833333333333334 0.9770833333333333 0.5791666666666667 0.98125 0.5729166666666666 0.98125 0.56875 0.9791666666666666 0.5645833333333333 0.975 0.5583333333333333 0.9708333333333333 0.5541666666666667 0.96875 0.5479166666666667 0.9645833333333333 0.5416666666666666 0.9604166666666667 0.5354166666666667 0.95 0.53125 0.9333333333333333 0.5291666666666667
0 0.01875 0.63125 0.008333333333333333 0.6395833333333333 0 0.6479166666666667 0.0020833333333333333 0.7020833333333333 0.014583333333333334 0.7083333333333334 0.03125 0.7083333333333334 0.035416666666666666 0.70625 0.03958333333333333 0.7020833333333333 0.04583333333333333 0.7 0.05 0.6958333333333333 0.0625 0.6770833333333334 0.0625 0.65625 0.041666666666666664 0.6354166666666666 0.035416666666666666 0.6333333333333333 0.022916666666666665 0.63125
0 0.9791666666666666 0.8520833333333333 0.9666666666666667 0.8625 0.95625 0.8729166666666667 0.9541666666666667 0.8854166666666666 0.9541666666666667 0.8958333333333334 0.95625 0.9 0.9604166666666667 0.90625 0.9666666666666667 0.9145833333333333 0.9770833333333333 0.91875 0.9916666666666667 0.9208333333333333 0.9979166666666667 0.9208333333333333 0.9979166666666667 0.8520833333333333
0 0.80625 0.7145833333333333 0.8020833333333334 0.71875 0.8 0.7229166666666667 0.8 0.7333333333333333 0.8020833333333334 0.7375 0.80625 0.74375 0.8145833333333333 0.7479166666666667 0.8229166666666666 0.75 0.8270833333333333 0.75 0.83125 0.7479166666666667 0.8395833333333333 0.7416666666666667 0.8416666666666667 0.7229166666666667 0.8333333333333334 0.7145833333333333
0 0.7375 0.9125 0.7291666666666666 0.9145833333333333 0.7229166666666667 0.9208333333333333 0.7166666666666667 0.9291666666666667 0.7145833333333333 0.9395833333333333 0.7145833333333333 0.9479166666666666 0.71875 0.9541666666666667 0.725 0.9604166666666667 0.74375 0.9604166666666667 0.7479166666666667 0.9583333333333334 0.75625 0.9520833333333333 0.7583333333333333 0.9270833333333334 0.74375 0.9125
0 0.425 0.9958333333333333 0.42083333333333334 0.9979166666666667 0.4375 0.9979166666666667 0.42916666666666664 0.9958333333333333
0 0.06666666666666667 0.9479166666666666 0.05625 0.95 0.04583333333333333 0.9604166666666667 0.04375 0.9666666666666667 0.04375 0.975 0.052083333333333336 0.9854166666666667 0.05625 0.9895833333333334 0.0625 0.99375 0.06666666666666667 0.9958333333333333 0.07291666666666667 0.9958333333333333 0.08125 0.99375 0.0875 0.9875 0.09166666666666666 0.98125 0.09166666666666666 0.9729166666666667 0.08958333333333333 0.9604166666666667 0.08541666666666667 0.95625 0.07708333333333334 0.95 0.07291666666666667 0.9479166666666666
0 0.9270833333333334 0.23541666666666666 0.91875 0.2375 0.9104166666666667 0.23958333333333334 0.9041666666666667 0.24166666666666667 0.8983333333333333 0.24791666666666667 0.89125 0.25604166666666667 0.8941666666666667 0.265625 0.9083333333333333 0.26875 0.9125 0.275 0.9229166666666667 0.28541666666666665 0.9333333333333333 0.29375 0.9541666666666667 0.30416666666666664 0.9604166666666667 0.30416666666666664 0.96875 0.3020833333333333 0.9729166666666667 0.3 0.9729166666666667 0.29583333333333334 0.975 0.2875 0.9770833333333333 0.2791666666666667 0.9791666666666666 0.27708333333333335 0.98125 0.26875 0.98125 0.26458333333333334 0.9791666666666666 0.2604166666666667 0.9729166666666667 0.2520833333333333 0.9666666666666667 0.24375 0.9625 0.23958333333333334 0.9541666666666667 0.2375 0.9375 0.23541666666666666
0 0.8833333333333333 0.2708333333333333 0.8770833333333333 0.2791666666666667 0.8770833333333333 0.28958333333333336 0.8775 0.30354166666666665 0.8822916666666667 0.31 0.8902083333333334 0.310625 0.8958333333333334 0.3104166666666667 0.9085416666666667 0.3104166666666667 0.9125 0.29583333333333334 0.9125 0.2875 0.9083333333333333 0.27291666666666664 0.89375 0.26666666666666666
0 0.9854166666666667 0.5708333333333333 0.9791666666666666 0.5770833333333333 0.9758333333333333 0.5866666666666667 0.9770833333333333 0.59375 0.9791666666666666 0.6020833333333333 0.98125 0.60625 0.9895833333333334 0.6083333333333333 1 0.6095833333333334 1 0.5964583333333333 1 0.5945833333333332 1 0.5768749999999999 0.9979166666666667 0.5708333333333333