0 0.8291666666666667 0.5979166666666667 0.8145833333333333 0.6020833333333333 0.8104166666666667 0.6083333333333333 0.8083333333333333 0.6125 0.8083333333333333 0.6208333333333333 0.8125 0.63125 0.8208333333333333 0.6375 0.8291666666666667 0.64375 0.8333333333333334 0.6458333333333334 0.8416666666666667 0.6458333333333334 0.8520833333333333 0.64375 0.85625 0.6395833333333333 0.8604166666666667 0.6333333333333333 0.8604166666666667 0.6291666666666667 0.8583333333333333 0.6166666666666667 0.8541666666666666 0.60625 0.8479166666666667 0.6020833333333333 0.8395833333333333 0.5979166666666667
0 0.23541666666666666 0 0.2375 0.010416666666666666 0.23958333333333334 0.01875 0.24166666666666667 0.027083333333333334 0.24791666666666667 0.03333333333333333 0.2520833333333333 0.0375 0.25833333333333336 0.041666666666666664 0.26458333333333334 0.04583333333333333 0.26875 0.04791666666666667 0.275 0.04791666666666667 0.28958333333333336 0.04583333333333333 0.29791666666666666 0.04375 0.30833333333333335 0.03333333333333333 0.3104166666666667 0.029166666666666667 0.3104166666666667 0.025 0.3145833333333333 0.01875 0.31666666666666665 0.0125 0.31666666666666665 0
0 0.24791666666666667 0.7770833333333333 0.24375 0.78125 0.23541666666666666 0.7875 0.23333333333333334 0.7875 0.22916666666666666 0.7958333333333333 0.22708333333333333 0.8083333333333333 0.22708333333333333 0.8125 0.23125 0.8166666666666667 0.2375 0.825 0.2375 0.8270833333333333 0.24166666666666667 0.83125 0.24583333333333332 0.8333333333333334 0.25 0.8333333333333334 0.25416666666666665 0.8354166666666667 0.2604166666666667 0.8354166666666667 0.2708333333333333 0.83125 0.275 0.8270833333333333 0.28541666666666665 0.8229166666666666 0.28958333333333336 0.8083333333333333 0.28958333333333336 0.7979166666666667 0.275 0.7833333333333333 0.26875 0.78125 0.2604166666666667 0.7791666666666667 0.2520833333333333 0.7770833333333333
0 0.03333333333333333 0.3333333333333333 0.029166666666666667 0.33541666666666664 0.020833333333333332 0.3416666666666667 0.014583333333333334 0.3458333333333333 0.010416666666666666 0.35625 0.008333333333333333 0.3729166666666667 0.008333333333333333 0.37916666666666665 0.010416666666666666 0.38333333333333336 0.016666666666666666 0.39166666666666666 0.020833333333333332 0.3958333333333333 0.035416666666666666 0.39791666666666664 0.04791666666666667 0.39791666666666664 0.052083333333333336 0.3958333333333333 0.06041666666666667 0.38958333333333334 0.06458333333333334 0.3854166666666667 0.06666666666666667 0.3770833333333333 0.06875 0.3625 0.06875 0.35625 0.06458333333333334 0.34791666666666665 0.06041666666666667 0.34375 0.05416666666666667 0.3375 0.04583333333333333 0.33541666666666664 0.0375 0.3333333333333333
0 0.60625 0.12708333333333333 0.6 0.13125 0.5958333333333333 0.13541666666666666 0.5958333333333333 0.16041666666666668 0.5979166666666667 0.16458333333333333 0.6020833333333333 0.16875 0.6125 0.17083333333333334 0.6208333333333333 0.17083333333333334 0.625 0.16666666666666666 0.6291666666666667 0.16041666666666668 0.6291666666666667 0.1375 0.61875 0.12708333333333333
0 0.5166666666666667 0.14791666666666667 0.5104166666666666 0.15208333333333332 0.5020833333333333 0.15833333333333333 0.4979166666666667 0.1625 0.4979166666666667 0.18541666666666667 0.5083333333333333 0.19791666666666666 0.5166666666666667 0.2 0.5229166666666667 0.2 0.5270833333333333 0.20208333333333334 0.5333333333333333 0.19791666666666666 0.54375 0.18958333333333333 0.5479166666666667 0.18541666666666667 0.55 0.17291666666666666 0.55 0.1625 0.5375 0.15 0.5270833333333333 0.14791666666666667
0 0.31875 0.36875 0.3125 0.3729166666666667 0.30416666666666664 0.3770833333333333 0.29791666666666666 0.37916666666666665 0.29583333333333334 0.38333333333333336 0.29583333333333334 0.3875 0.29375 0.3958333333333333 0.2916666666666667 0.39791666666666664 0.2916666666666667 0.4083333333333333 0.29375 0.41875 0.3 0.4270833333333333 0.30625 0.43333333333333335 0.31666666666666665 0.43333333333333335 0.32916666666666666 0.43125 0.3375 0.425 0.3458333333333333 0.4166666666666667 0.35 0.4083333333333333 0.35 0.40208333333333335 0.34791666666666665 0.38958333333333334 0.34375 0.38125 0.325 0.3729166666666667
0 0.022916666666666665 0.4791666666666667 0.01875 0.48125 0.010416666666666666 0.4875 0.0020833333333333333 0.49375 0 0.5541666666666667 0.00625 0.5541666666666667 0.010416666666666666 0.5583333333333333 0.022916666666666665 0.5625 0.029166666666666667 0.5625 0.05416666666666667 0.5208333333333334 0.052083333333333336 0.4875 0.04583333333333333 0.48333333333333334 0.0375 0.4791666666666667
0 0.18958333333333333 0.5895833333333333 0.175 0.5916666666666667 0.16458333333333333 0.5958333333333333 0.16041666666666668 0.6020833333333333 0.15625 0.6104166666666667 0.15625 0.63125 0.17708333333333334 0.6520833333333333 0.20208333333333334 0.6520833333333333 0.22083333333333333 0.6291666666666667 0.22083333333333333 0.6229166666666667 0.21875 0.6104166666666667 0.21458333333333332 0.6020833333333333 0.20625 0.5958333333333333 0.2 0.5916666666666667 0.19583333333333333 0.5895833333333333
0 0.08541666666666667 0.6 0.0625 0.6229166666666667 0.06041666666666667 0.63125 0.058333333333333334 0.6458333333333334 0.058333333333333334 0.6520833333333333 0.06041666666666667 0.65625 0.06458333333333334 0.6625 0.07083333333333333 0.6708333333333333 0.075 0.6770833333333334 0.08541666666666667 0.68125 0.09791666666666667 0.6833333333333333 0.10208333333333333 0.6833333333333333 0.11458333333333333 0.6770833333333334 0.11875 0.6729166666666667 0.12291666666666666 0.6666666666666666 0.12708333333333333 0.6604166666666667 0.12916666666666668 0.65625 0.12916666666666668 0.6229166666666667 0.10625 0.6
0 0 0.6875 0 0.7625 0.004166666666666667 0.7625 0.016666666666666666 0.7520833333333333 0.029166666666666667 0.7395833333333334 0.03125 0.73125 0.03125 0.7208333333333333 0.020833333333333332 0.7020833333333333 0.01875 0.6958333333333333 0.0125 0.69375 0.004166666666666667 0.6895833333333333
0 0.06875 0.7291666666666666 0.0625 0.7333333333333333 0.05416666666666667 0.7395833333333334 0.04583333333333333 0.7458333333333333 0.03958333333333333 0.7520833333333333 0.03333333333333333 0.7645833333333333 0.03333333333333333 0.7833333333333333 0.035416666666666666 0.7875 0.03958333333333333 0.79375 0.04375 0.8 0.052083333333333336 0.8041666666666667 0.0625 0.80625 0.06666666666666667 0.80625 0.09583333333333334 0.7875 0.09791666666666667 0.78125 0.1 0.775 0.10208333333333333 0.7666666666666667 0.10416666666666667 0.7604166666666666 0.10416666666666667 0.7541666666666667 0.10208333333333333 0.7458333333333333 0.1 0.7416666666666667 0.09375 0.7354166666666667 0.08541666666666667 0.7291666666666666
0 0 0.93125 0 0.9833333333333333 0.025 0.98125 0.03125 0.9729166666666667 0.035416666666666666 0.9666666666666667 0.0375 0.9625 0.0375 0.9541666666666667 0.035416666666666666 0.94375 0.029166666666666667 0.9375 0.022916666666666665 0.9333333333333333 0.010416666666666666 0.93125