0 0 0.0625 0 0.1375 0.004166666666666667 0.1375 0.016666666666666666 0.12708333333333333 0.029166666666666667 0.11458333333333333 0.03125 0.10625 0.03125 0.09583333333333334 0.020833333333333332 0.07708333333333334 0.01875 0.07083333333333333 0.0125 0.06875 0.004166666666666667 0.06458333333333334
0 0.06875 0.10416666666666667 0.0625 0.10833333333333334 0.05416666666666667 0.11458333333333333 0.04583333333333333 0.12083333333333333 0.03958333333333333 0.12708333333333333 0.03333333333333333 0.13958333333333334 0.03333333333333333 0.15833333333333333 0.035416666666666666 0.1625 0.03958333333333333 0.16875 0.04375 0.175 0.052083333333333336 0.17916666666666667 0.0625 0.18125 0.06666666666666667 0.18125 0.09583333333333334 0.1625 0.09791666666666667 0.15625 0.1 0.15 0.10208333333333333 0.14166666666666666 0.10416666666666667 0.13541666666666666 0.10416666666666667 0.12916666666666668 0.10208333333333333 0.12083333333333333 0.1 0.11666666666666667 0.09375 0.11041666666666666 0.08541666666666667 0.10416666666666667
0 0 0.30625 0 0.35833333333333334 0.025 0.35625 0.03125 0.34791666666666665 0.035416666666666666 0.3416666666666667 0.0375 0.3375 0.0375 0.32916666666666666 0.035416666666666666 0.31875 0.029166666666666667 0.3125 0.022916666666666665 0.30833333333333335 0.010416666666666666 0.30625
0 0.07916666666666666 0.5770833333333333 0.075 0.5791666666666667 0.07083333333333333 0.5833333333333334 0.06458333333333334 0.5854166666666667 0.058333333333333334 0.5895833333333333 0.05416666666666667 0.59375 0.04791666666666667 0.60625 0.04791666666666667 0.6229166666666667 0.05416666666666667 0.6354166666666666 0.058333333333333334 0.6395833333333333 0.06666666666666667 0.64375 0.08541666666666667 0.64375 0.09166666666666666 0.6395833333333333 0.1 0.6333333333333333 0.10833333333333334 0.6270833333333333 0.1125 0.6229166666666667 0.11458333333333333 0.6166666666666667 0.11666666666666667 0.60625 0.11666666666666667 0.6020833333333333 0.1125 0.59375 0.10833333333333334 0.5895833333333333 0.10625 0.5833333333333334 0.09791666666666667 0.5791666666666667 0.08541666666666667 0.5770833333333333
0 0.11041666666666666 0.6520833333333333 0.10208333333333333 0.6583333333333333 0.09791666666666667 0.6625 0.09791666666666667 0.6916666666666667 0.10416666666666667 0.6979166666666666 0.11458333333333333 0.70625 0.11875 0.70625 0.12708333333333333 0.7041666666666667 0.13125 0.7020833333333333 0.1375 0.6958333333333333 0.14375 0.6875 0.14375 0.6625 0.13333333333333333 0.6520833333333333
0 0.26666666666666666 0.7166666666666667 0.2625 0.71875 0.25625 0.7229166666666667 0.25416666666666665 0.74375 0.2625 0.7520833333333333 0.275 0.7541666666666667 0.2833333333333333 0.7541666666666667 0.2875 0.7520833333333333 0.29583333333333334 0.7458333333333333 0.29791666666666666 0.7354166666666667 0.29375 0.7229166666666667 0.2875 0.71875 0.2833333333333333 0.7166666666666667
0 0.24791666666666667 0.15208333333333332 0.24375 0.15625 0.23541666666666666 0.1625 0.23333333333333334 0.1625 0.22916666666666666 0.17083333333333334 0.22708333333333333 0.18333333333333332 0.22708333333333333 0.1875 0.23125 0.19166666666666668 0.2375 0.2 0.2375 0.20208333333333334 0.24166666666666667 0.20625 0.24583333333333332 0.20833333333333334 0.25 0.20833333333333334 0.25416666666666665 0.21041666666666667 0.2604166666666667 0.21041666666666667 0.2708333333333333 0.20625 0.275 0.20208333333333334 0.28541666666666665 0.19791666666666666 0.28958333333333336 0.18333333333333332 0.28958333333333336 0.17291666666666666 0.275 0.15833333333333333 0.26875 0.15625 0.2604166666666667 0.15416666666666667 0.2520833333333333 0.15208333333333332
0 0.8104166666666667 0 0.8125 0.00625 0.8208333333333333 0.0125 0.8291666666666667 0.01875 0.8333333333333334 0.020833333333333332 0.8416666666666667 0.020833333333333332 0.8520833333333333 0.01875 0.85625 0.014583333333333334 0.8604166666666667 0.008333333333333333 0.8604166666666667 0.004166666666666667 0.8583333333333333 0
0 0.7833333333333333 0.475 0.7791666666666667 0.47708333333333336 0.7708333333333334 0.48333333333333334 0.7645833333333333 0.4875 0.75625 0.49375 0.7520833333333333 0.5083333333333333 0.7520833333333333 0.51875 0.7541666666666667 0.5229166666666667 0.7583333333333333 0.5270833333333333 0.7604166666666666 0.5333333333333333 0.7645833333333333 0.5395833333333333 0.775 0.54375 0.7895833333333333 0.5458333333333333 0.7958333333333333 0.5458333333333333 0.8 0.54375 0.8083333333333333 0.5375 0.8166666666666667 0.53125 0.8208333333333333 0.5270833333333333 0.8229166666666666 0.51875 0.825 0.50625 0.825 0.5 0.8208333333333333 0.49375 0.8104166666666667 0.48125 0.80625 0.47708333333333336 0.79375 0.475
0 0.15625 0 0.15625 0.00625 0.17708333333333334 0.027083333333333334 0.20208333333333334 0.027083333333333334 0.22083333333333333 0.004166666666666667 0.22083333333333333 0
0 0.0625 0 0.0625 0.004166666666666667 0.06041666666666667 0.01875 0.058333333333333334 0.020833333333333332 0.058333333333333334 0.027083333333333334 0.06041666666666667 0.03125 0.06458333333333334 0.0375 0.07083333333333333 0.04583333333333333 0.075 0.052083333333333336 0.08541666666666667 0.05625 0.09791666666666667 0.058333333333333334 0.10208333333333333 0.058333333333333334 0.11458333333333333 0.052083333333333336 0.11875 0.04791666666666667 0.12291666666666666 0.041666666666666664 0.12708333333333333 0.035416666666666666 0.12916666666666668 0.03125 0.12916666666666668 0