0 0.7833333333333333 0.5395833333333333 0.775 0.5458333333333333 0.775 0.5666666666666667 0.7833333333333333 0.5791666666666667 0.7916666666666666 0.58125 0.8020833333333334 0.5708333333333333 0.8020833333333334 0.5520833333333334 0.7958333333333333 0.5416666666666666
0 0.39375 0.36041666666666666 0.3875 0.36666666666666664 0.3875 0.3770833333333333 0.40208333333333335 0.38333333333333336 0.40625 0.38125 0.4083333333333333 0.36666666666666664 0.4041666666666667 0.36041666666666666
0 0.2875 0.39166666666666666 0.2791666666666667 0.4 0.27708333333333335 0.41458333333333336 0.28541666666666665 0.4270833333333333 0.29375 0.43125 0.30625 0.42916666666666664 0.31666666666666665 0.4166666666666667 0.31666666666666665 0.4041666666666667 0.30625 0.39375
0 0.41458333333333336 0.10208333333333333 0.3854166666666667 0.11666666666666667 0.375 0.13333333333333333 0.375 0.14791666666666667 0.39375 0.17916666666666667 0.4041666666666667 0.18333333333333332 0.43125 0.18333333333333332 0.4583333333333333 0.16041666666666668 0.46041666666666664 0.13333333333333333 0.45 0.1125 0.43333333333333335 0.10416666666666667
0 0.8083333333333333 0.15208333333333332 0.7958333333333333 0.15833333333333333 0.7833333333333333 0.17083333333333334 0.78125 0.17708333333333334 0.7791666666666667 0.18541666666666667 0.7770833333333333 0.19583333333333333 0.7770833333333333 0.20416666666666666 0.7791666666666667 0.2125 0.78125 0.21875 0.7875 0.22708333333333333 0.7958333333333333 0.23541666666666666 0.8041666666666667 0.23958333333333334 0.8166666666666667 0.24166666666666667 0.825 0.24166666666666667 0.8375 0.23541666666666666 0.8416666666666667 0.23125 0.8479166666666667 0.22916666666666666 0.8520833333333333 0.225 0.85625 0.21875 0.8583333333333333 0.21458333333333332 0.8604166666666667 0.20833333333333334 0.8625 0.19583333333333333 0.8625 0.1875 0.8604166666666667 0.17916666666666667 0.8583333333333333 0.175 0.8520833333333333 0.16666666666666666 0.8479166666666667 0.16041666666666668 0.84375 0.15625 0.8354166666666667 0.15208333333333332
0 0.2875 0.6375 0.2791666666666667 0.64375 0.26666666666666666 0.6666666666666666 0.27291666666666664 0.7 0.2875 0.7083333333333334 0.31666666666666665 0.7083333333333334 0.33541666666666664 0.6895833333333333 0.3229166666666667 0.64375 0.3145833333333333 0.6354166666666666
0 0.48333333333333334 0.016666666666666666 0.49166666666666664 0.025 0.5020833333333333 0.025 0.51875 0.016666666666666666 0.5208333333333334 0 0.48541666666666666 0.0020833333333333333
0 0.6979166666666666 0.0020833333333333333 0.69375 0.022916666666666665 0.7083333333333334 0.05416666666666667 0.7229166666666667 0.0625 0.7395833333333334 0.0625 0.75625 0.052083333333333336 0.7645833333333333 0.025 0.7604166666666666 0
0 0.5270833333333333 0.06875 0.51875 0.07708333333333334 0.5166666666666667 0.09791666666666667 0.5291666666666667 0.125 0.5604166666666667 0.14583333333333334 0.5875 0.14166666666666666 0.59375 0.13125 0.59375 0.12083333333333333 0.5729166666666666 0.09166666666666666 0.55 0.07083333333333333 0.5395833333333333 0.06666666666666667
0 0.6854166666666667 0.15625 0.675 0.18125 0.68125 0.20208333333333334 0.6979166666666666 0.21458333333333332 0.7125 0.21458333333333332 0.7270833333333333 0.20833333333333334 0.7395833333333334 0.1875 0.7333333333333333 0.16666666666666666 0.725 0.15833333333333333 0.7083333333333334 0.15208333333333332
0 0.08541666666666667 0.8645833333333334 0.07291666666666667 0.8708333333333333 0.058333333333333334 0.8895833333333333 0.05416666666666667 0.9208333333333333 0.07291666666666667 0.9458333333333333 0.10208333333333333 0.9520833333333333 0.12083333333333333 0.9416666666666667 0.12916666666666668 0.9166666666666666 0.1125 0.875 0.1 0.8666666666666667