0 0.7354166666666667 0 0.7375 0.004166666666666667 0.7416666666666667 0.008333333333333333 0.7583333333333333 0.008333333333333333 0.7645833333333333 0
0 0.7041666666666667 0.1125 0.66875 0.14375 0.6666666666666666 0.15416666666666667 0.6666666666666666 0.1625 0.66875 0.16666666666666666 0.6729166666666667 0.17083333333333334 0.675 0.17708333333333334 0.6791666666666667 0.18333333333333332 0.6895833333333333 0.1875 0.7020833333333333 0.18958333333333333 0.7145833333333333 0.19166666666666668 0.7208333333333333 0.19166666666666668 0.725 0.18958333333333333 0.7333333333333333 0.18333333333333332 0.7395833333333334 0.17916666666666667 0.7479166666666667 0.17291666666666666 0.7520833333333333 0.16458333333333333 0.7541666666666667 0.15208333333333332 0.7541666666666667 0.14791666666666667 0.7520833333333333 0.14375 0.7458333333333333 0.1375 0.7416666666666667 0.13125 0.7416666666666667 0.12916666666666668 0.7354166666666667 0.12083333333333333 0.7270833333333333 0.11666666666666667 0.71875 0.11458333333333333 0.7104166666666667 0.1125
0 0.8020833333333334 0.28958333333333336 0.7979166666666667 0.29583333333333334 0.79375 0.30416666666666664 0.79375 0.33125 0.8020833333333334 0.33958333333333335 0.81875 0.33958333333333335 0.8270833333333333 0.33125 0.8333333333333334 0.3229166666666667 0.8333333333333334 0.30416666666666664 0.83125 0.3 0.825 0.2916666666666667 0.8125 0.2875
0 0.9229166666666667 0.6270833333333333 0.90625 0.6354166666666666 0.9020833333333333 0.6395833333333333 0.8979166666666667 0.6458333333333334 0.8958333333333334 0.6520833333333333 0.89375 0.6645833333333333 0.8916666666666667 0.6770833333333334 0.8916666666666667 0.68125 0.89375 0.6854166666666667 0.9 0.6916666666666667 0.9041666666666667 0.6979166666666666 0.9041666666666667 0.7 0.9104166666666667 0.7083333333333334 0.91875 0.7125 0.9291666666666667 0.7145833333333333 0.9395833333333333 0.7166666666666667 0.9458333333333333 0.7166666666666667 0.9625 0.7083333333333334 0.9770833333333333 0.69375 0.9791666666666666 0.6895833333333333 0.98125 0.6833333333333333 0.98125 0.6708333333333333 0.9791666666666666 0.65625 0.975 0.6479166666666667 0.9645833333333333 0.6375 0.95625 0.63125 0.9479166666666666 0.6291666666666667 0.93125 0.6270833333333333
0 0.9770833333333333 0.9291666666666667 0.96875 0.93125 0.9625 0.9333333333333333 0.9583333333333334 0.9375 0.9520833333333333 0.9458333333333333 0.9458333333333333 0.9541666666666667 0.94375 0.9583333333333334 0.94375 0.9625 0.9458333333333333 0.9708333333333333 0.9479166666666666 0.9791666666666666 0.9770833333333333 0.9979166666666667 0.98125 0.9979166666666667 0.9895833333333334 0.9958333333333333 0.99375 0.99375 0.9979166666666667 0.9895833333333334 0.9979166666666667 0.9333333333333333 0.99375 0.93125 0.9854166666666667 0.9291666666666667
0 0.2875 0.5520833333333334 0.26458333333333334 0.5625 0.2604166666666667 0.5666666666666667 0.25625 0.5729166666666666 0.25416666666666665 0.5791666666666667 0.25416666666666665 0.5854166666666667 0.26458333333333334 0.5979166666666667 0.27708333333333335 0.6104166666666667 0.2833333333333333 0.6125 0.29583333333333334 0.6145833333333334 0.3 0.6145833333333334 0.30833333333333335 0.6104166666666667 0.3125 0.60625 0.31875 0.6 0.32083333333333336 0.5916666666666667 0.32083333333333336 0.5854166666666667 0.30833333333333335 0.5625 0.30625 0.55625 0.3020833333333333 0.5541666666666667 0.29791666666666666 0.5520833333333334 0.29375 0.5520833333333334
0 0.6020833333333333 0.91875 0.5895833333333333 0.9208333333333333 0.5833333333333334 0.9229166666666667 0.58125 0.9270833333333334 0.5791666666666667 0.9354166666666667 0.5791666666666667 0.9416666666666667 0.5791666666666667 0.95 0.5833333333333334 0.95625 0.5916666666666667 0.9604166666666667 0.6041666666666666 0.9625 0.6083333333333333 0.9625 0.625 0.9541666666666667 0.6270833333333333 0.9333333333333333 0.6166666666666667 0.9229166666666667 0.6083333333333333 0.91875
0 0 0.90625 0 0.98125 0.0125 0.98125 0.025 0.9791666666666666 0.035416666666666666 0.9708333333333333 0.04583333333333333 0.9604166666666667 0.04583333333333333 0.9291666666666667 0.03958333333333333 0.9208333333333333 0.03125 0.9125 0.025 0.9104166666666667 0.014583333333333334 0.9083333333333333 0.004166666666666667 0.90625
0 0.12708333333333333 0.25833333333333336 0.11041666666666666 0.27708333333333335 0.11041666666666666 0.28958333333333336 0.11666666666666667 0.3020833333333333 0.12083333333333333 0.30625 0.12708333333333333 0.3104166666666667 0.15 0.3104166666666667 0.15416666666666667 0.30833333333333335 0.15833333333333333 0.30416666666666664 0.1625 0.29583333333333334 0.1625 0.2833333333333333 0.16041666666666668 0.26875 0.15 0.25833333333333336
0 0.21041666666666667 0.5270833333333333 0.20625 0.5291666666666667 0.2 0.5354166666666667 0.19375 0.5395833333333333 0.18333333333333332 0.5541666666666667 0.18333333333333332 0.5583333333333333 0.17916666666666667 0.5645833333333333 0.17916666666666667 0.5854166666666667 0.18333333333333332 0.59375 0.1875 0.6 0.19166666666666668 0.6041666666666666 0.20833333333333334 0.61875 0.23333333333333334 0.61875 0.23958333333333334 0.6145833333333334 0.25 0.60625 0.2625 0.5958333333333333 0.2520833333333333 0.5854166666666667 0.2520833333333333 0.5791666666666667 0.25416666666666665 0.5729166666666666 0.25833333333333336 0.56875 0.2604166666666667 0.5645833333333333 0.25625 0.5583333333333333 0.2520833333333333 0.5541666666666667 0.24791666666666667 0.5479166666666667 0.24583333333333332 0.5416666666666666 0.24166666666666667 0.5354166666666667 0.2375 0.53125 0.22916666666666666 0.5270833333333333
0 0.44583333333333336 0.14791666666666667 0.44166666666666665 0.15 0.43333333333333335 0.15625 0.425 0.1625 0.42083333333333334 0.18125 0.42083333333333334 0.19583333333333333 0.425 0.20208333333333334 0.43125 0.20833333333333334 0.4375 0.21041666666666667 0.45 0.2125 0.45416666666666666 0.2125 0.4625 0.20833333333333334 0.4666666666666667 0.20416666666666666 0.48125 0.1875 0.48125 0.16666666666666666 0.475 0.15833333333333333 0.46875 0.15208333333333332 0.4625 0.15 0.45 0.14791666666666667