0 0.40208333333333335 0.5583333333333333 0.3958333333333333 0.5645833333333333 0.39375 0.5708333333333333 0.39166666666666666 0.5833333333333334 0.39166666666666666 0.5895833333333333 0.3958333333333333 0.59375 0.40208333333333335 0.5979166666666667 0.4125 0.6 0.42083333333333334 0.6 0.42916666666666664 0.59375 0.4354166666666667 0.5875 0.4354166666666667 0.575 0.42083333333333334 0.5541666666666667 0.41458333333333336 0.5541666666666667
0 0.9625 0.12916666666666668 0.9541666666666667 0.1375 0.9458333333333333 0.14791666666666667 0.9458333333333333 0.1625 0.9583333333333334 0.175 0.9666666666666667 0.175 0.975 0.17291666666666666 0.9791666666666666 0.16875 0.9833333333333333 0.1625 0.9854166666666667 0.15416666666666667 0.9854166666666667 0.14583333333333334 0.98125 0.1375 0.9770833333333333 0.13125
0 0.925 0.39166666666666666 0.9125 0.39375 0.90625 0.4 0.9020833333333333 0.40625 0.9020833333333333 0.4125 0.9041666666666667 0.425 0.9083333333333333 0.4354166666666667 0.9166666666666666 0.44166666666666665 0.9208333333333333 0.44375 0.925 0.44375 0.9375 0.44166666666666665 0.9458333333333333 0.4375 0.9479166666666666 0.43125 0.9520833333333333 0.4270833333333333 0.95625 0.41875 0.95625 0.4125 0.9520833333333333 0.40208333333333335 0.9458333333333333 0.39791666666666664 0.9395833333333333 0.39375 0.9354166666666667 0.39166666666666666
0 0.69375 0.375 0.68125 0.38125 0.675 0.3875 0.66875 0.3958333333333333 0.6666666666666666 0.40625 0.6666666666666666 0.41875 0.6708333333333333 0.4270833333333333 0.6770833333333334 0.43333333333333335 0.6854166666666667 0.4395833333333333 0.6916666666666667 0.44166666666666665 0.7041666666666667 0.44375 0.7083333333333334 0.44375 0.7125 0.44166666666666665 0.7208333333333333 0.4354166666666667 0.7291666666666666 0.42916666666666664 0.7333333333333333 0.41875 0.7354166666666667 0.40625 0.7354166666666667 0.4 0.7125 0.3770833333333333 0.7020833333333333 0.375
0 0.42291666666666666 0.3020833333333333 0.4166666666666667 0.30625 0.4083333333333333 0.3125 0.4041666666666667 0.3229166666666667 0.4041666666666667 0.32916666666666666 0.4083333333333333 0.3375 0.4270833333333333 0.33958333333333335 0.43333333333333335 0.3333333333333333 0.4354166666666667 0.32708333333333334 0.4375 0.3145833333333333 0.4375 0.3104166666666667 0.4354166666666667 0.30625 0.43125 0.3020833333333333
0 0.6583333333333333 0.93125 0.6458333333333334 0.94375 0.6333333333333333 0.9583333333333334 0.63125 0.9708333333333333 0.63125 0.9854166666666667 0.6333333333333333 0.9916666666666667 0.6354166666666666 0.9958333333333333 0.7270833333333333 0.9979166666666667 0.725 0.99375 0.725 0.9895833333333334 0.7229166666666667 0.9854166666666667 0.71875 0.9791666666666666 0.7145833333333333 0.9729166666666667 0.7104166666666667 0.9666666666666667 0.7041666666666667 0.9583333333333334 0.7 0.9520833333333333 0.6958333333333333 0.9458333333333333 0.6916666666666667 0.9395833333333333 0.6875 0.9354166666666667 0.6791666666666667 0.93125
0 0.38125 0.6333333333333333 0.375 0.6333333333333333 0.36666666666666664 0.6354166666666666 0.35833333333333334 0.6375 0.35208333333333336 0.6395833333333333 0.34375 0.6458333333333334 0.33958333333333335 0.65 0.33541666666666664 0.6583333333333333 0.33541666666666664 0.6645833333333333 0.3375 0.6729166666666667 0.33958333333333335 0.6791666666666667 0.3458333333333333 0.6875 0.36041666666666666 0.7041666666666667 0.36666666666666664 0.7104166666666667 0.37083333333333335 0.7104166666666667 0.38333333333333336 0.7083333333333334 0.39166666666666666 0.7041666666666667 0.39791666666666664 0.6958333333333333 0.40208333333333335 0.6895833333333333 0.4083333333333333 0.68125 0.41041666666666665 0.6770833333333334 0.41041666666666665 0.6729166666666667 0.4083333333333333 0.6604166666666667 0.40625 0.6520833333333333 0.3854166666666667 0.63125
0 0.4375 0.8083333333333333 0.4270833333333333 0.8104166666666667 0.42291666666666666 0.8125 0.41875 0.8166666666666667 0.4125 0.81875 0.41041666666666665 0.84375 0.4166666666666667 0.8520833333333333 0.425 0.8604166666666667 0.44583333333333336 0.8604166666666667 0.45 0.8583333333333333 0.4583333333333333 0.8520833333333333 0.4625 0.8479166666666667 0.4625 0.84375 0.46458333333333335 0.8354166666666667 0.4666666666666667 0.8333333333333334 0.4666666666666667 0.8291666666666667 0.4625 0.8208333333333333 0.4583333333333333 0.8166666666666667 0.4479166666666667 0.8083333333333333
0 0.35 0.8104166666666667 0.33958333333333335 0.81875 0.3333333333333333 0.825 0.3333333333333333 0.8458333333333333 0.35208333333333336 0.8645833333333334 0.35625 0.8645833333333334 0.36041666666666666 0.8604166666666667 0.3645833333333333 0.8583333333333333 0.3729166666666667 0.8583333333333333 0.3770833333333333 0.8541666666666666 0.38125 0.8479166666666667 0.38333333333333336 0.84375 0.38333333333333336 0.8270833333333333 0.3770833333333333 0.81875 0.37083333333333335 0.8125 0.36041666666666666 0.8104166666666667
0 0.3645833333333333 0.8604166666666667 0.36041666666666666 0.8625 0.35625 0.8666666666666667 0.35 0.86875 0.3458333333333333 0.88125 0.3458333333333333 0.8895833333333333 0.35 0.8979166666666667 0.3541666666666667 0.9041666666666667 0.3625 0.9083333333333333 0.3729166666666667 0.9104166666666667 0.3770833333333333 0.9104166666666667 0.3854166666666667 0.90625 0.39166666666666666 0.9020833333333333 0.3958333333333333 0.8875 0.3958333333333333 0.8770833333333333 0.38958333333333334 0.86875 0.38333333333333336 0.8625 0.3729166666666667 0.8604166666666667
0 0.37083333333333335 0.95625 0.35625 0.9708333333333333 0.35625 0.9875 0.35833333333333334 0.9916666666666667 0.3625 0.9979166666666667 0.38958333333333334 0.9979166666666667 0.39375 0.9958333333333333 0.4 0.9895833333333334 0.40208333333333335 0.98125 0.40208333333333335 0.9729166666666667 0.3958333333333333 0.9645833333333333 0.38958333333333334 0.9583333333333334 0.37916666666666665 0.95625