0 0.7041666666666667 0.51875 0.6916666666666667 0.525 0.6875 0.5291666666666667 0.6729166666666667 0.5354166666666667 0.66875 0.5479166666666667 0.6666666666666666 0.5645833333333333 0.6666666666666666 0.5729166666666666 0.6708333333333333 0.5791666666666667 0.68125 0.5916666666666667 0.6875 0.5979166666666667 0.69375 0.6 0.7020833333333333 0.6020833333333333 0.7104166666666667 0.6041666666666666 0.7145833333333333 0.6041666666666666 0.73125 0.5958333333333333 0.7395833333333334 0.5875 0.7458333333333333 0.5791666666666667 0.7479166666666667 0.5708333333333333 0.75 0.55625 0.75 0.5479166666666667 0.71875 0.51875
0 0.06666666666666667 0.5145833333333333 0.058333333333333334 0.51875 0.05416666666666667 0.53125 0.05416666666666667 0.5395833333333333 0.058333333333333334 0.5458333333333333 0.0625 0.55 0.07083333333333333 0.5541666666666667 0.07708333333333334 0.5541666666666667 0.08333333333333333 0.5479166666666667 0.0875 0.54375 0.08958333333333333 0.5395833333333333 0.08958333333333333 0.5333333333333333 0.0875 0.525 0.07916666666666666 0.5166666666666667 0.07083333333333333 0.5145833333333333
0 0.4875 0.125 0.47291666666666665 0.13125 0.46875 0.13541666666666666 0.4625 0.14791666666666667 0.4625 0.1625 0.46458333333333335 0.16666666666666666 0.46875 0.17291666666666666 0.475 0.18125 0.48333333333333334 0.18541666666666667 0.49166666666666664 0.1875 0.49583333333333335 0.1875 0.5041666666666667 0.18125 0.5125 0.17291666666666666 0.5145833333333333 0.16458333333333333 0.5166666666666667 0.15208333333333332 0.5166666666666667 0.14583333333333334 0.5083333333333333 0.13541666666666666 0.5 0.12708333333333333 0.49375 0.125
0 0.14791666666666667 0.23125 0.14166666666666666 0.23541666666666666 0.1375 0.23541666666666666 0.13333333333333333 0.2375 0.12708333333333333 0.24375 0.12291666666666666 0.25 0.12291666666666666 0.2604166666666667 0.12708333333333333 0.27291666666666664 0.13333333333333333 0.27708333333333335 0.14375 0.27708333333333335 0.15625 0.275 0.1625 0.26875 0.16875 0.2604166666666667 0.16875 0.24375 0.15208333333333332 0.23125
0 0.30625 0.9166666666666666 0.30416666666666664 0.925 0.2708333333333333 0.9270833333333334 0.2708333333333333 0.93125 0.26875 0.9458333333333333 0.2708333333333333 0.95 0.27708333333333335 0.9583333333333334 0.28125 0.9625 0.2875 0.9666666666666667 0.29375 0.9708333333333333 0.29791666666666666 0.9729166666666667 0.30625 0.9729166666666667 0.31666666666666665 0.9708333333333333 0.31875 0.9666666666666667 0.32708333333333334 0.95 0.32708333333333334 0.9458333333333333 0.325 0.9395833333333333 0.3229166666666667 0.93125 0.32083333333333336 0.9270833333333334 0.31666666666666665 0.9229166666666667
0 0.0125 0.55625 0 0.5583333333333333 0 0.6166666666666667 0.014583333333333334 0.61875 0.025 0.61875 0.035416666666666666 0.6104166666666667 0.04375 0.6020833333333333 0.04375 0.5791666666666667 0.020833333333333332 0.55625
0 0.2125 0.3125 0.2 0.3229166666666667 0.18958333333333333 0.3333333333333333 0.1875 0.34375 0.1875 0.35208333333333336 0.19583333333333333 0.3625 0.20625 0.3729166666666667 0.225 0.3729166666666667 0.2375 0.3625 0.24791666666666667 0.35208333333333336 0.25 0.3416666666666667 0.25 0.3333333333333333 0.24791666666666667 0.32916666666666666 0.24166666666666667 0.32083333333333336 0.2375 0.3145833333333333
0 0.28125 0.85 0.26875 0.8520833333333333 0.2625 0.85625 0.25416666666666665 0.8625 0.25 0.8666666666666667 0.24791666666666667 0.8708333333333333 0.24583333333333332 0.8791666666666667 0.24583333333333332 0.8895833333333333 0.24791666666666667 0.8979166666666667 0.25416666666666665 0.90625 0.26458333333333334 0.91875 0.2708333333333333 0.925 0.3020833333333333 0.925 0.30416666666666664 0.9208333333333333 0.30416666666666664 0.9166666666666666 0.30625 0.9104166666666667 0.3104166666666667 0.9041666666666667 0.3125 0.8979166666666667 0.3145833333333333 0.8916666666666667 0.3145833333333333 0.8854166666666666 0.3125 0.8729166666666667 0.3104166666666667 0.8666666666666667 0.3020833333333333 0.8583333333333333 0.2916666666666667 0.85
0 0.4083333333333333 0.7083333333333334 0.40208333333333335 0.7104166666666667 0.39791666666666664 0.7125 0.3875 0.7208333333333333 0.38125 0.7270833333333333 0.37916666666666665 0.7416666666666667 0.37916666666666665 0.7541666666666667 0.38333333333333336 0.7604166666666666 0.39166666666666666 0.7708333333333334 0.3958333333333333 0.775 0.40208333333333335 0.7770833333333333 0.4125 0.7791666666666667 0.4166666666666667 0.7791666666666667 0.42083333333333334 0.7770833333333333 0.425 0.7729166666666667 0.43125 0.76875 0.43333333333333335 0.76875 0.4395833333333333 0.7645833333333333 0.44375 0.7541666666666667 0.44583333333333336 0.7395833333333334 0.44583333333333336 0.7333333333333333 0.44375 0.7291666666666666 0.4395833333333333 0.7229166666666667 0.4354166666666667 0.71875 0.42916666666666664 0.7125 0.42083333333333334 0.7104166666666667 0.4125 0.7083333333333334
0 0.6729166666666667 0.88125 0.6625 0.8833333333333333 0.65 0.8958333333333334 0.6479166666666667 0.90625 0.6479166666666667 0.9166666666666666 0.6541666666666667 0.925 0.6604166666666667 0.93125 0.6791666666666667 0.93125 0.6875 0.925 0.6958333333333333 0.9166666666666666 0.6958333333333333 0.89375 0.6895833333333333 0.8875 0.68125 0.88125
0 0.5520833333333334 0.6479166666666667 0.5416666666666666 0.65 0.5333333333333333 0.6541666666666667 0.5270833333333333 0.6625 0.5229166666666667 0.66875 0.5208333333333334 0.6729166666666667 0.5208333333333334 0.68125 0.5229166666666667 0.6916666666666667 0.53125 0.7020833333333333 0.5395833333333333 0.7104166666666667 0.5520833333333334 0.7104166666666667 0.5666666666666667 0.7083333333333334 0.5708333333333333 0.7041666666666667 0.5770833333333333 0.6958333333333333 0.5791666666666667 0.6916666666666667 0.5791666666666667 0.6791666666666667 0.575 0.6604166666666667 0.5666666666666667 0.6541666666666667 0.5604166666666667 0.65 0.55625 0.6479166666666667
0 0 0.2836666666666667 0.0100625 0.2937291666666667 0.014479166666666666 0.3102916666666667 0.0100625 0.3268541666666666 0.005645833333333333 0.34339583333333334 0 0.34641666666666665