0 0.21875 0.33958333333333335 0.21458333333333332 0.33958333333333335 0.20625 0.3416666666666667 0.2 0.34791666666666665 0.19375 0.3541666666666667 0.18958333333333333 0.36041666666666666 0.18541666666666667 0.36666666666666664 0.17916666666666667 0.375 0.17708333333333334 0.37916666666666665 0.17708333333333334 0.3875 0.17916666666666667 0.3958333333333333 0.18333333333333332 0.4 0.19166666666666668 0.40625 0.19791666666666666 0.41041666666666665 0.20625 0.4125 0.21458333333333332 0.4125 0.22083333333333333 0.41041666666666665 0.225 0.4083333333333333 0.23541666666666666 0.39791666666666664 0.24375 0.3875 0.24583333333333332 0.375 0.24583333333333332 0.36041666666666666 0.24375 0.3541666666666667 0.2375 0.34791666666666665 0.23333333333333334 0.34375 0.22708333333333333 0.33958333333333335
0 0.09791666666666667 0.41875 0.09375 0.42083333333333334 0.08541666666666667 0.4270833333333333 0.07916666666666666 0.43125 0.075 0.44166666666666665 0.07291666666666667 0.45625 0.07291666666666667 0.4625 0.07708333333333334 0.46875 0.08541666666666667 0.4791666666666667 0.08958333333333333 0.48333333333333334 0.09375 0.48333333333333334 0.10208333333333333 0.48541666666666666 0.10416666666666667 0.4875 0.1125 0.4875 0.11666666666666667 0.48541666666666666 0.12708333333333333 0.47708333333333336 0.1375 0.4666666666666667 0.14166666666666666 0.4583333333333333 0.14166666666666666 0.44375 0.13333333333333333 0.43333333333333335 0.125 0.425 0.11875 0.42291666666666666 0.11041666666666666 0.42083333333333334 0.10208333333333333 0.41875
0 0.5958333333333333 0.9708333333333333 0.5729166666666666 0.98125 0.56875 0.9854166666666667 0.5645833333333333 0.99375 0.5625 0.9979166666666667 0.6416666666666667 0.9979166666666667 0.6395833333333333 0.9916666666666667 0.63125 0.9833333333333333 0.6229166666666667 0.9770833333333333 0.61875 0.975 0.6125 0.9729166666666667 0.60625 0.9708333333333333 0.6020833333333333 0.9708333333333333
0 0.6166666666666667 0.7916666666666666 0.6104166666666667 0.7958333333333333 0.6020833333333333 0.8020833333333334 0.5979166666666667 0.80625 0.59375 0.8145833333333333 0.59375 0.8229166666666666 0.5958333333333333 0.83125 0.6020833333333333 0.8375 0.6104166666666667 0.84375 0.625 0.8458333333333333 0.6354166666666666 0.8458333333333333 0.6395833333333333 0.84375 0.6458333333333334 0.8395833333333333 0.6541666666666667 0.8333333333333334 0.65625 0.80625 0.65 0.7979166666666667 0.6458333333333334 0.79375 0.63125 0.7916666666666666
0 0.7041666666666667 0 0.7 0.004166666666666667 0.6979166666666666 0.008333333333333333 0.6979166666666666 0.0125 0.7 0.020833333333333332 0.7020833333333333 0.027083333333333334 0.7104166666666667 0.035416666666666666 0.7229166666666667 0.0375 0.73125 0.0375 0.7416666666666667 0.027083333333333334 0.7395833333333334 0
0 0.09583333333333334 0.11458333333333333 0.08958333333333333 0.11666666666666667 0.08541666666666667 0.11875 0.07708333333333334 0.125 0.07083333333333333 0.13125 0.06875 0.13541666666666666 0.06666666666666667 0.14166666666666666 0.06666666666666667 0.14583333333333334 0.06666666666666667 0.15416666666666667 0.07083333333333333 0.16041666666666668 0.075 0.16666666666666666 0.08333333333333333 0.17083333333333334 0.09375 0.17291666666666666 0.10208333333333333 0.175 0.10833333333333334 0.175 0.11666666666666667 0.17083333333333334 0.12083333333333333 0.16666666666666666 0.13125 0.15416666666666667 0.13541666666666666 0.14791666666666667 0.13541666666666666 0.13541666666666666 0.12708333333333333 0.125 0.11875 0.11666666666666667 0.10833333333333334 0.11458333333333333
0 0.8333333333333334 0.83125 0.8229166666666666 0.8333333333333334 0.8125 0.84375 0.8125 0.8666666666666667 0.8208333333333333 0.875 0.8291666666666667 0.8770833333333333 0.8333333333333334 0.8770833333333333 0.8416666666666667 0.8708333333333333 0.85 0.8625 0.85 0.8416666666666667 0.8395833333333333 0.83125
0 0.9125 0.8770833333333333 0.8958333333333334 0.89375 0.89375 0.9 0.8916666666666667 0.9104166666666667 0.8916666666666667 0.9145833333333333 0.9 0.9229166666666667 0.9104166666666667 0.9229166666666667 0.9208333333333333 0.9208333333333333 0.9354166666666667 0.90625 0.9395833333333333 0.8979166666666667 0.9395833333333333 0.89375 0.9333333333333333 0.88125 0.9208333333333333 0.8770833333333333
0 0.775 0.7020833333333333 0.7583333333333333 0.71875 0.7583333333333333 0.73125 0.7604166666666666 0.7458333333333333 0.7708333333333334 0.7583333333333333 0.7833333333333333 0.7708333333333334 0.7958333333333333 0.7729166666666667 0.80625 0.7729166666666667 0.8166666666666667 0.7625 0.8291666666666667 0.7479166666666667 0.8354166666666667 0.7333333333333333 0.8395833333333333 0.7270833333333333 0.8375 0.7229166666666667 0.8354166666666667 0.71875 0.83125 0.7145833333333333 0.81875 0.7020833333333333
0 0.8708333333333333 0.7145833333333333 0.8625 0.7208333333333333 0.85 0.73125 0.84375 0.7375 0.84375 0.7479166666666667 0.8458333333333333 0.7583333333333333 0.8666666666666667 0.7791666666666667 0.88125 0.7791666666666667 0.8958333333333334 0.7770833333333333 0.9104166666666667 0.7625 0.9125 0.75625 0.9145833333333333 0.7479166666666667 0.9166666666666666 0.7395833333333334 0.9166666666666666 0.7354166666666667 0.8958333333333334 0.7145833333333333
0 0.3458333333333333 0.4270833333333333 0.3375 0.43125 0.3229166666666667 0.44583333333333336 0.32083333333333336 0.45 0.31875 0.4583333333333333 0.31875 0.46458333333333335 0.32083333333333336 0.47291666666666665 0.3229166666666667 0.48125 0.32708333333333334 0.4895833333333333 0.35208333333333336 0.5020833333333333 0.35833333333333334 0.5020833333333333 0.37083333333333335 0.5 0.37916666666666665 0.4979166666666667 0.38333333333333336 0.49375 0.38958333333333334 0.48541666666666666 0.39375 0.4791666666666667 0.39375 0.45416666666666666 0.3875 0.44583333333333336 0.3770833333333333 0.4354166666666667 0.3645833333333333 0.42916666666666664 0.35625 0.4270833333333333