0 0.8708333333333333 0.08958333333333333 0.8625 0.09583333333333334 0.85 0.10625 0.84375 0.1125 0.84375 0.12291666666666666 0.8458333333333333 0.13333333333333333 0.8666666666666667 0.15416666666666667 0.88125 0.15416666666666667 0.8958333333333334 0.15208333333333332 0.9104166666666667 0.1375 0.9125 0.13125 0.9145833333333333 0.12291666666666666 0.9166666666666666 0.11458333333333333 0.9166666666666666 0.11041666666666666 0.8958333333333334 0.08958333333333333
0 0.5958333333333333 0.3458333333333333 0.5729166666666666 0.35625 0.56875 0.36041666666666666 0.5604166666666667 0.3770833333333333 0.5583333333333333 0.3875 0.5583333333333333 0.3958333333333333 0.5645833333333333 0.4083333333333333 0.56875 0.4125 0.5770833333333333 0.42291666666666666 0.5833333333333334 0.425 0.5895833333333333 0.4270833333333333 0.5958333333333333 0.42916666666666664 0.6020833333333333 0.43125 0.60625 0.43125 0.6145833333333334 0.42916666666666664 0.61875 0.4270833333333333 0.6270833333333333 0.42083333333333334 0.6354166666666666 0.4125 0.6395833333333333 0.4041666666666667 0.6395833333333333 0.4 0.64375 0.39375 0.64375 0.375 0.6395833333333333 0.36666666666666664 0.63125 0.35833333333333334 0.6229166666666667 0.35208333333333336 0.61875 0.35 0.6125 0.34791666666666665 0.60625 0.3458333333333333 0.6020833333333333 0.3458333333333333
0 0.6166666666666667 0.16666666666666666 0.6104166666666667 0.17083333333333334 0.6020833333333333 0.17708333333333334 0.5979166666666667 0.18125 0.59375 0.18958333333333333 0.59375 0.19791666666666666 0.5958333333333333 0.20625 0.6020833333333333 0.2125 0.6104166666666667 0.21875 0.625 0.22083333333333333 0.6354166666666666 0.22083333333333333 0.6395833333333333 0.21875 0.6458333333333334 0.21458333333333332 0.6541666666666667 0.20833333333333334 0.65625 0.18125 0.65 0.17291666666666666 0.6458333333333334 0.16875 0.63125 0.16666666666666666
0 0.8333333333333334 0.20625 0.8229166666666666 0.20833333333333334 0.8125 0.21875 0.8125 0.24166666666666667 0.8208333333333333 0.25 0.8291666666666667 0.2520833333333333 0.8333333333333334 0.2520833333333333 0.8416666666666667 0.24583333333333332 0.85 0.2375 0.85 0.21666666666666667 0.8395833333333333 0.20625
0 0.9125 0.2520833333333333 0.8958333333333334 0.26875 0.89375 0.275 0.8916666666666667 0.28541666666666665 0.8916666666666667 0.28958333333333336 0.9 0.29791666666666666 0.9104166666666667 0.29791666666666666 0.9208333333333333 0.29583333333333334 0.9354166666666667 0.28125 0.9395833333333333 0.27291666666666664 0.9395833333333333 0.26875 0.9333333333333333 0.25625 0.9208333333333333 0.2520833333333333
0 0.775 0.07708333333333334 0.7583333333333333 0.09375 0.7583333333333333 0.10625 0.7604166666666666 0.12083333333333333 0.7708333333333334 0.13333333333333333 0.7833333333333333 0.14583333333333334 0.7958333333333333 0.14791666666666667 0.80625 0.14791666666666667 0.8166666666666667 0.1375 0.8291666666666667 0.12291666666666666 0.8354166666666667 0.10833333333333334 0.8395833333333333 0.10208333333333333 0.8375 0.09791666666666667 0.8354166666666667 0.09375 0.83125 0.08958333333333333 0.81875 0.07708333333333334
0 0 0.7166666666666667 0 0.7854166666666667 0.00625 0.78125 0.0125 0.7729166666666667 0.01875 0.7645833333333333 0.020833333333333332 0.7604166666666666 0.020833333333333332 0.7395833333333334 0.014583333333333334 0.7270833333333333 0.008333333333333333 0.7208333333333333
0 0.16041666666666668 0.5791666666666667 0.14583333333333334 0.58125 0.14166666666666666 0.5854166666666667 0.13333333333333333 0.5958333333333333 0.12916666666666668 0.6020833333333333 0.12916666666666668 0.60625 0.13125 0.61875 0.13333333333333333 0.625 0.1375 0.6291666666666667 0.15 0.6395833333333333 0.15833333333333333 0.6458333333333334 0.16458333333333333 0.6458333333333334 0.17708333333333334 0.64375 0.18541666666666667 0.6395833333333333 0.18958333333333333 0.6333333333333333 0.19375 0.6270833333333333 0.19583333333333333 0.6229166666666667 0.19583333333333333 0.6166666666666667 0.19375 0.6 0.18958333333333333 0.5895833333333333 0.18333333333333332 0.5875 0.17916666666666667 0.5833333333333334 0.17083333333333334 0.5791666666666667
0 0.5604166666666667 0.5291666666666667 0.5520833333333334 0.5333333333333333 0.5479166666666667 0.5354166666666667 0.5479166666666667 0.5395833333333333 0.5458333333333333 0.55 0.54375 0.5520833333333334 0.54375 0.55625 0.5458333333333333 0.5604166666666667 0.5520833333333334 0.5666666666666667 0.5666666666666667 0.5770833333333333 0.5854166666666667 0.5770833333333333 0.5958333333333333 0.56875 0.6041666666666666 0.5604166666666667 0.6041666666666666 0.55 0.6 0.5458333333333333 0.5875 0.5354166666666667 0.58125 0.53125 0.5708333333333333 0.5291666666666667
0 0.6104166666666667 0.65 0.60625 0.6541666666666667 0.5979166666666667 0.6604166666666667 0.5958333333333333 0.6604166666666667 0.5916666666666667 0.6729166666666667 0.5916666666666667 0.68125 0.5958333333333333 0.6895833333333333 0.6 0.69375 0.6083333333333333 0.7041666666666667 0.6145833333333334 0.7041666666666667 0.6229166666666667 0.7041666666666667 0.6291666666666667 0.7 0.6375 0.69375 0.6416666666666667 0.6854166666666667 0.64375 0.6729166666666667 0.64375 0.66875 0.6416666666666667 0.6645833333333333 0.6354166666666666 0.65625 0.6270833333333333 0.6520833333333333 0.6145833333333334 0.65
0 0.7541666666666667 0.8041666666666667 0.7395833333333334 0.80625 0.73125 0.8083333333333333 0.725 0.8145833333333333 0.7208333333333333 0.8208333333333333 0.7208333333333333 0.8395833333333333 0.7270833333333333 0.8520833333333333 0.73125 0.85625 0.7520833333333333 0.8666666666666667 0.7625 0.8666666666666667 0.775 0.8645833333333334 0.78125 0.8583333333333333 0.7854166666666667 0.8520833333333333 0.7854166666666667 0.83125 0.7833333333333333 0.8270833333333333 0.7791666666666667 0.8208333333333333 0.775 0.8145833333333333 0.7708333333333334 0.8104166666666667 0.7645833333333333 0.80625 0.7604166666666666 0.8041666666666667