0 0.2875 0.6020833333333333 0.28125 0.60625 0.2708333333333333 0.6145833333333334 0.26666666666666666 0.61875 0.26666666666666666 0.6229166666666667 0.26458333333333334 0.63125 0.2625 0.6333333333333333 0.2604166666666667 0.6416666666666667 0.2604166666666667 0.6458333333333334 0.26875 0.6520833333333333 0.275 0.65625 0.28125 0.6604166666666667 0.28541666666666665 0.6625 0.30416666666666664 0.6625 0.31875 0.6479166666666667 0.32083333333333336 0.6416666666666667 0.3229166666666667 0.6291666666666667 0.3229166666666667 0.625 0.31875 0.6208333333333333 0.3125 0.6125 0.3125 0.6104166666666667 0.30833333333333335 0.60625 0.3020833333333333 0.6041666666666666 0.2916666666666667 0.6020833333333333
0 0.9458333333333333 0.3854166666666667 0.9375 0.39166666666666666 0.9333333333333333 0.3958333333333333 0.9270833333333334 0.4083333333333333 0.9270833333333334 0.41458333333333336 0.9291666666666667 0.4270833333333333 0.93125 0.43333333333333335 0.9416666666666667 0.44375 0.9458333333333333 0.44583333333333336 0.9520833333333333 0.4479166666666667 0.9604166666666667 0.4479166666666667 0.9729166666666667 0.44583333333333336 0.9833333333333333 0.44166666666666665 0.9875 0.4354166666666667 0.9916666666666667 0.4270833333333333 0.9916666666666667 0.4125 0.9854166666666667 0.4 0.98125 0.3958333333333333 0.975 0.39166666666666666 0.96875 0.3875 0.9645833333333333 0.3854166666666667
0 0.96875 0.5833333333333334 0.9583333333333334 0.5916666666666667 0.95 0.6 0.9479166666666666 0.60625 0.9458333333333333 0.6145833333333334 0.94375 0.625 0.94375 0.6291666666666667 0.9458333333333333 0.6333333333333333 0.9520833333333333 0.6416666666666667 0.9583333333333334 0.6479166666666667 0.9729166666666667 0.6583333333333333 0.9979166666666667 0.6583333333333333 0.9979166666666667 0.5833333333333334
0 0.49583333333333335 0.4479166666666667 0.49166666666666664 0.45 0.4875 0.45208333333333334 0.4875 0.45625 0.4895833333333333 0.46875 0.48333333333333334 0.4791666666666667 0.48333333333333334 0.48333333333333334 0.4875 0.4895833333333333 0.49166666666666664 0.49375 0.49583333333333335 0.49583333333333335 0.5041666666666667 0.4979166666666667 0.5104166666666666 0.5 0.5145833333333333 0.5 0.5270833333333333 0.49375 0.53125 0.48541666666666666 0.5333333333333333 0.47291666666666665 0.5333333333333333 0.4666666666666667 0.53125 0.4625 0.5270833333333333 0.45625 0.5229166666666667 0.45208333333333334 0.5145833333333333 0.4479166666666667
0 0.5916666666666667 0.44166666666666665 0.5833333333333334 0.4479166666666667 0.5791666666666667 0.45625 0.5770833333333333 0.46875 0.5770833333333333 0.475 0.58125 0.48125 0.5854166666666667 0.48541666666666666 0.5895833333333333 0.48541666666666666 0.5979166666666667 0.4875 0.6 0.4895833333333333 0.6041666666666666 0.4895833333333333 0.6083333333333333 0.48541666666666666 0.6166666666666667 0.4791666666666667 0.61875 0.4791666666666667 0.6229166666666667 0.475 0.6229166666666667 0.4583333333333333 0.6166666666666667 0.45 0.6104166666666667 0.44375 0.60625 0.44166666666666665 0.6 0.44166666666666665
0 0.3645833333333333 0.3229166666666667 0.36041666666666666 0.325 0.35208333333333336 0.33125 0.3458333333333333 0.3375 0.33541666666666664 0.35208333333333336 0.33541666666666664 0.37916666666666665 0.3416666666666667 0.39166666666666666 0.3458333333333333 0.3958333333333333 0.3541666666666667 0.40208333333333335 0.3625 0.4041666666666667 0.3770833333333333 0.40625 0.38333333333333336 0.40625 0.3875 0.4041666666666667 0.39166666666666666 0.4 0.39791666666666664 0.39791666666666664 0.40208333333333335 0.39375 0.41041666666666665 0.38333333333333336 0.4125 0.3770833333333333 0.4125 0.35833333333333334 0.4083333333333333 0.35 0.4041666666666667 0.34375 0.4 0.33958333333333335 0.39791666666666664 0.3333333333333333 0.39375 0.32916666666666666 0.3854166666666667 0.325 0.375 0.3229166666666667
0 0.46041666666666664 0.4395833333333333 0.45416666666666666 0.4395833333333333 0.4479166666666667 0.44166666666666665 0.44166666666666665 0.4479166666666667 0.4375 0.45416666666666666 0.4375 0.46458333333333335 0.44166666666666665 0.47708333333333336 0.4479166666666667 0.4791666666666667 0.45208333333333334 0.48333333333333334 0.45625 0.48541666666666666 0.4625 0.48541666666666666 0.475 0.48333333333333334 0.48125 0.48125 0.48333333333333334 0.47708333333333336 0.4875 0.46875 0.4875 0.4583333333333333 0.48333333333333334 0.4479166666666667 0.47708333333333336 0.44583333333333336 0.47291666666666665 0.44166666666666665 0.4666666666666667 0.4395833333333333
0 0.3541666666666667 0.15416666666666667 0.34791666666666665 0.15833333333333333 0.3416666666666667 0.16458333333333333 0.33541666666666664 0.17083333333333334 0.3333333333333333 0.17916666666666667 0.3333333333333333 0.18541666666666667 0.33958333333333335 0.19583333333333333 0.33958333333333335 0.2 0.34375 0.20833333333333334 0.3458333333333333 0.2125 0.35208333333333336 0.2125 0.3645833333333333 0.21458333333333332 0.36666666666666664 0.21666666666666667 0.3729166666666667 0.21666666666666667 0.38125 0.2125 0.3854166666666667 0.20833333333333334 0.3958333333333333 0.19375 0.3958333333333333 0.17916666666666667 0.39375 0.16458333333333333 0.3875 0.15833333333333333 0.38125 0.15416666666666667
0 0 0 0 0.014583333333333334 0.00625 0.014583333333333334 0.014583333333333334 0.0125 0.020833333333333332 0.010416666666666666 0.025 0.008333333333333333 0.03125 0.0020833333333333333 0.035416666666666666 0
0 0.2375 0.43125 0.23125 0.4395833333333333 0.22916666666666666 0.44375 0.22916666666666666 0.4583333333333333 0.23958333333333334 0.46875 0.24583333333333332 0.46875 0.25416666666666665 0.4666666666666667 0.26458333333333334 0.45625 0.26666666666666666 0.4479166666666667 0.26666666666666666 0.44166666666666665 0.2604166666666667 0.43333333333333335 0.25625 0.42916666666666664
0 0.15833333333333333 0.5625 0.15416666666666667 0.5645833333333333 0.14583333333333334 0.5708333333333333 0.14166666666666666 0.5791666666666667 0.13958333333333334 0.5895833333333333 0.13958333333333334 0.59375 0.14791666666666667 0.6104166666666667 0.16458333333333333 0.6145833333333334 0.175 0.6145833333333334 0.18958333333333333 0.6 0.18958333333333333 0.5791666666666667 0.18333333333333332 0.5708333333333333 0.17708333333333334 0.5645833333333333 0.16666666666666666 0.5625
0 0.22708333333333333 0.6333333333333333 0.2125 0.6354166666666666 0.20416666666666666 0.6375 0.19583333333333333 0.64375 0.18958333333333333 0.65 0.1875 0.6604166666666667 0.1875 0.6708333333333333 0.19583333333333333 0.68125 0.2 0.6854166666666667 0.20833333333333334 0.6916666666666667 0.21458333333333332 0.6958333333333333 0.21875 0.6979166666666666 0.23541666666666666 0.6979166666666666 0.23958333333333334 0.6958333333333333 0.24791666666666667 0.6895833333333333 0.25625 0.6833333333333333 0.2604166666666667 0.6791666666666667 0.26458333333333334 0.6708333333333333 0.2625 0.6479166666666667 0.23333333333333334 0.6333333333333333
0 0.9935416666666667 0.7277083333333334 0.9847916666666666 0.7302083333333333 0.9814583333333334 0.7347916666666666 0.980625 0.7418750000000001 0.9802083333333333 0.7477083333333333 0.9854166666666667 0.7520833333333333 0.9920833333333333 0.7577083333333333 1 0.763125 1 0.753125 1 0.745 1 0.7308333333333333