0 0.9125 0.7145833333333333 0.9083333333333333 0.7166666666666667 0.9 0.7229166666666667 0.89375 0.7270833333333333 0.8895833333333333 0.7354166666666667 0.8875 0.7479166666666667 0.8875 0.7541666666666667 0.8916666666666667 0.7604166666666666 0.8979166666666667 0.76875 0.9041666666666667 0.7770833333333333 0.9083333333333333 0.78125 0.9229166666666667 0.7833333333333333 0.9333333333333333 0.7833333333333333 0.9416666666666667 0.7770833333333333 0.95 0.76875 0.9520833333333333 0.7604166666666666 0.9541666666666667 0.7479166666666667 0.9541666666666667 0.7416666666666667 0.94375 0.7208333333333333 0.9333333333333333 0.7166666666666667 0.91875 0.7145833333333333
0 0 0.010416666666666666 0 0.06458333333333334 0.010416666666666666 0.06458333333333334 0.01875 0.058333333333333334 0.025 0.052083333333333336 0.027083333333333334 0.04375 0.027083333333333334 0.035416666666666666 0.025 0.03125 0.020833333333333332 0.025 0.016666666666666666 0.01875 0.0125 0.0125
0 0.9104166666666667 0.0020833333333333333 0.9 0.022916666666666665 0.9 0.03958333333333333 0.9020833333333333 0.04375 0.9083333333333333 0.052083333333333336 0.9166666666666666 0.05625 0.9270833333333334 0.058333333333333334 0.93125 0.058333333333333334 0.9375 0.05416666666666667 0.9416666666666667 0.05 0.9479166666666666 0.0375 0.9479166666666666 0.03333333333333333 0.95 0.029166666666666667 0.95 0.020833333333333332 0.94375 0.0125 0.9375 0.004166666666666667 0.9333333333333333 0
0 0.1 0.058333333333333334 0.07916666666666666 0.07916666666666666 0.07916666666666666 0.09375 0.08333333333333333 0.1 0.0875 0.10416666666666667 0.09583333333333334 0.10833333333333334 0.10833333333333334 0.10833333333333334 0.11875 0.10625 0.12708333333333333 0.09791666666666667 0.13541666666666666 0.0875 0.13541666666666666 0.08333333333333333 0.13333333333333333 0.075 0.12708333333333333 0.06666666666666667 0.12083333333333333 0.06041666666666667 0.11041666666666666 0.058333333333333334
0 0.8166666666666667 0.24375 0.8104166666666667 0.24375 0.8041666666666667 0.24583333333333332 0.8 0.25 0.7979166666666667 0.25416666666666665 0.7979166666666667 0.25833333333333336 0.8 0.26875 0.8041666666666667 0.27708333333333335 0.8166666666666667 0.2833333333333333 0.825 0.2833333333333333 0.8333333333333334 0.28125 0.8395833333333333 0.275 0.8395833333333333 0.2708333333333333 0.8375 0.25833333333333336 0.8333333333333334 0.24791666666666667 0.8229166666666666 0.24375
0 0.9729166666666667 0.3125 0.9666666666666667 0.3145833333333333 0.9604166666666667 0.31666666666666665 0.9479166666666666 0.3333333333333333 0.9479166666666666 0.3416666666666667 0.9520833333333333 0.3541666666666667 0.9583333333333334 0.35833333333333334 0.9645833333333333 0.36041666666666666 0.96875 0.3645833333333333 0.9729166666666667 0.36666666666666664 0.9791666666666666 0.36666666666666664 0.9916666666666667 0.3645833333333333 0.9979166666666667 0.3625 0.9979166666666667 0.31875 0.99375 0.31666666666666665 0.9875 0.31666666666666665 0.9791666666666666 0.3145833333333333 0.9770833333333333 0.3125
0 0.9270833333333334 0.49583333333333335 0.9208333333333333 0.5 0.9104166666666667 0.5083333333333333 0.90625 0.5125 0.9041666666666667 0.5166666666666667 0.9020833333333333 0.5229166666666667 0.9 0.53125 0.9 0.5416666666666666 0.9020833333333333 0.55 0.9041666666666667 0.5541666666666667 0.9083333333333333 0.5604166666666667 0.9125 0.5666666666666667 0.9166666666666666 0.5708333333333333 0.9270833333333334 0.5791666666666667 0.95 0.5791666666666667 0.9604166666666667 0.5708333333333333 0.9708333333333333 0.5604166666666667 0.9729166666666667 0.5458333333333333 0.9729166666666667 0.5333333333333333 0.9708333333333333 0.5291666666666667 0.9645833333333333 0.5208333333333334 0.9583333333333334 0.5125 0.9520833333333333 0.5041666666666667 0.9479166666666666 0.5 0.9416666666666667 0.4979166666666667 0.93125 0.49583333333333335
0 0.8875 0.575 0.8708333333333333 0.5833333333333334 0.8666666666666667 0.5854166666666667 0.8666666666666667 0.5916666666666667 0.86875 0.6 0.8729166666666667 0.60625 0.8791666666666667 0.6125 0.8854166666666666 0.6145833333333334 0.8958333333333334 0.6166666666666667 0.9 0.6166666666666667 0.9083333333333333 0.6125 0.9125 0.6 0.9125 0.5895833333333333 0.9083333333333333 0.58125 0.90625 0.5770833333333333 0.9 0.5770833333333333
0 0.7416666666666667 0.8020833333333334 0.7291666666666666 0.8041666666666667 0.7229166666666667 0.80625 0.71875 0.8104166666666667 0.7145833333333333 0.8166666666666667 0.7145833333333333 0.8270833333333333 0.71875 0.8416666666666667 0.7270833333333333 0.8479166666666667 0.7354166666666667 0.8541666666666666 0.7395833333333334 0.85625 0.7458333333333333 0.8479166666666667 0.7520833333333333 0.84375 0.7625 0.8458333333333333 0.7645833333333333 0.8291666666666667 0.7604166666666666 0.8104166666666667 0.7541666666666667 0.80625 0.7458333333333333 0.8020833333333334
0 0.7229166666666667 0.71875 0.7083333333333334 0.7291666666666666 0.7041666666666667 0.7333333333333333 0.7020833333333333 0.7375 0.7020833333333333 0.7541666666666667 0.70625 0.7604166666666666 0.7125 0.76875 0.71875 0.7770833333333333 0.7229166666666667 0.78125 0.7333333333333333 0.7833333333333333 0.74375 0.7833333333333333 0.7583333333333333 0.7729166666666667 0.7645833333333333 0.7666666666666667 0.76875 0.7604166666666666 0.7708333333333334 0.75625 0.7708333333333334 0.75 0.76875 0.7375 0.7645833333333333 0.7270833333333333 0.75625 0.7208333333333333 0.7520833333333333 0.71875
0 0.9458333333333333 0.6020833333333333 0.9395833333333333 0.6083333333333333 0.9333333333333333 0.6166666666666667 0.9333333333333333 0.6208333333333333 0.9354166666666667 0.6291666666666667 0.9375 0.6375 0.9395833333333333 0.64375 0.94375 0.6458333333333334 0.9583333333333334 0.6520833333333333 0.9645833333333333 0.6520833333333333 0.96875 0.6520833333333333 0.9791666666666666 0.6395833333333333 0.9791666666666666 0.6291666666666667 0.9770833333333333 0.6166666666666667 0.96875 0.6083333333333333 0.9604166666666667 0.6020833333333333
0 0.7520833333333333 0.8458333333333333 0.7458333333333333 0.85 0.7416666666666667 0.8541666666666666 0.7395833333333334 0.8583333333333333 0.7395833333333334 0.8645833333333334 0.7375 0.8708333333333333 0.7354166666666667 0.8729166666666667 0.7354166666666667 0.8791666666666667 0.7354166666666667 0.8875 0.7416666666666667 0.8958333333333334 0.7520833333333333 0.9 0.7583333333333333 0.9 0.7666666666666667 0.8916666666666667 0.7729166666666667 0.8833333333333333 0.775 0.8729166666666667 0.775 0.8625 0.76875 0.8541666666666666 0.7604166666666666 0.8458333333333333
0 0.8708333333333333 0.84375 0.8520833333333333 0.8625 0.8520833333333333 0.8854166666666666 0.8625 0.8958333333333334 0.875 0.8979166666666667 0.8833333333333333 0.8979166666666667 0.8895833333333333 0.89375 0.8979166666666667 0.8875 0.9020833333333333 0.8833333333333333 0.9041666666666667 0.8729166666666667 0.9041666666666667 0.8625 0.8958333333333334 0.8520833333333333 0.8875 0.84375
0 0.7666666666666667 0.9770833333333333 0.7583333333333333 0.9791666666666666 0.75 0.9854166666666667 0.7458333333333333 0.9895833333333334 0.7458333333333333 0.99375 0.7479166666666667 0.9979166666666667 0.7729166666666667 0.9979166666666667 0.7979166666666667 0.9958333333333333 0.7979166666666667 0.9916666666666667 0.7958333333333333 0.9875 0.7895833333333333 0.9854166666666667 0.775 0.9770833333333333
0 0.675 0.9583333333333334 0.66875 0.9625 0.6645833333333333 0.9666666666666667 0.6645833333333333 0.9854166666666667 0.6666666666666666 0.9895833333333334 0.6708333333333333 0.9958333333333333 0.70625 0.9979166666666667 0.70625 0.975 0.7 0.9666666666666667 0.69375 0.9604166666666667 0.6833333333333333 0.9583333333333334
0 0.39375 0.9083333333333333 0.3854166666666667 0.9125 0.38125 0.9166666666666666 0.36666666666666664 0.9333333333333333 0.36666666666666664 0.95625 0.36875 0.9604166666666667 0.375 0.96875 0.38125 0.975 0.3875 0.98125 0.3958333333333333 0.9833333333333333 0.4041666666666667 0.9854166666666667 0.41041666666666665 0.9854166666666667 0.41458333333333336 0.9833333333333333 0.42083333333333334 0.9770833333333333 0.4270833333333333 0.96875 0.42916666666666664 0.9625 0.43125 0.95 0.43125 0.94375 0.42083333333333334 0.9229166666666667 0.4125 0.9145833333333333 0.40625 0.9104166666666667 0.4 0.9083333333333333