0 0.06875 0.6458333333333334 0.05625 0.6541666666666667 0.04583333333333333 0.6708333333333333 0.04583333333333333 0.69375 0.058333333333333334 0.7083333333333334 0.08125 0.7145833333333333 0.10625 0.6979166666666666 0.11041666666666666 0.6770833333333334 0.10208333333333333 0.6541666666666667 0.08541666666666667 0.6458333333333334
0 0.9979166666666667 0.96875 0.98125 0.98125 0.9833333333333333 0.9979166666666667 0.9979166666666667 0.9979166666666667
0 0.32708333333333334 0.8083333333333333 0.3104166666666667 0.81875 0.30625 0.8375 0.32708333333333334 0.85625 0.33958333333333335 0.85625 0.35208333333333336 0.8479166666666667 0.35625 0.8291666666666667 0.33958333333333335 0.8104166666666667
0 0.3229166666666667 0.7270833333333333 0.30625 0.7270833333333333 0.28125 0.74375 0.2791666666666667 0.7791666666666667 0.28541666666666665 0.7916666666666666 0.29791666666666666 0.8 0.32708333333333334 0.7958333333333333 0.3375 0.7854166666666667 0.3458333333333333 0.7666666666666667 0.3416666666666667 0.7395833333333334
0 0.17708333333333334 0.8666666666666667 0.1625 0.8875 0.16458333333333333 0.90625 0.175 0.9166666666666666 0.18958333333333333 0.9208333333333333 0.2125 0.9125 0.22083333333333333 0.9041666666666667 0.22291666666666668 0.89375 0.21666666666666667 0.875 0.2 0.8645833333333334
0 0.058333333333333334 0.9416666666666667 0.04583333333333333 0.9520833333333333 0.04375 0.9791666666666666 0.05625 0.99375 0.07708333333333334 0.9979166666666667 0.09166666666666666 0.9833333333333333 0.09583333333333334 0.9666666666666667 0.07916666666666666 0.94375
0 0.04375 0.5958333333333333 0.03958333333333333 0.6145833333333334 0.05 0.6270833333333333 0.06875 0.625 0.08125 0.6104166666666667 0.06875 0.59375
0 0.16041666666666668 0.25833333333333336 0.13958333333333334 0.27291666666666664 0.13541666666666666 0.3020833333333333 0.13958333333333334 0.3125 0.15208333333333332 0.32083333333333336 0.18125 0.3229166666666667 0.2 0.29791666666666666 0.2 0.275 0.19166666666666668 0.26458333333333334
0 0.6020833333333333 0.30625 0.58125 0.3125 0.5645833333333333 0.3458333333333333 0.5645833333333333 0.37916666666666665 0.5875 0.4 0.6229166666666667 0.39166666666666666 0.6395833333333333 0.37083333333333335 0.6416666666666667 0.3375 0.6333333333333333 0.3229166666666667
0 0.6416666666666667 0.29791666666666666 0.6270833333333333 0.32083333333333336 0.64375 0.3416666666666667 0.6625 0.34375 0.6708333333333333 0.3333333333333333 0.6708333333333333 0.3125 0.6604166666666667 0.3
0 0.75 0.39791666666666664 0.7354166666666667 0.40208333333333335 0.71875 0.41875 0.7208333333333333 0.43333333333333335 0.73125 0.44375 0.74375 0.4479166666666667 0.76875 0.42916666666666664 0.7625 0.4041666666666667
0 0.9604166666666667 0.20208333333333334 0.95 0.21458333333333332 0.9520833333333333 0.23333333333333334 0.96875 0.24375 0.9854166666666667 0.24166666666666667 0.9958333333333333 0.22916666666666666 0.9916666666666667 0.21041666666666667 0.975 0.2
0 0.9270833333333334 0.12916666666666668 0.9125 0.14583333333333334 0.9125 0.16875 0.9208333333333333 0.17916666666666667 0.9375 0.18333333333333332 0.9520833333333333 0.17708333333333334 0.9583333333333334 0.16875 0.9604166666666667 0.14583333333333334 0.9479166666666666 0.13125
0 0.2708333333333333 0.11666666666666667 0.2708333333333333 0.13541666666666666 0.27708333333333335 0.14375 0.2875 0.14583333333333334 0.29583333333333334 0.13541666666666666 0.29583333333333334 0.12291666666666666 0.2833333333333333 0.11458333333333333
0 0.24583333333333332 0.016666666666666666 0.26458333333333334 0.03125 0.27708333333333335 0.03125 0.28958333333333336 0.022916666666666665 0.28958333333333336 0 0.24791666666666667 0
0 0.8 0.7916666666666666 0.78125 0.8041666666666667 0.7833333333333333 0.8416666666666667 0.7979166666666667 0.85625 0.8166666666666667 0.8583333333333333 0.8375 0.84375 0.8458333333333333 0.8291666666666667 0.8458333333333333 0.8145833333333333 0.83125 0.7958333333333333 0.8229166666666666 0.7916666666666666
0 0.6333333333333333 0.5916666666666667 0.6125 0.6041666666666666 0.6104166666666667 0.6270833333333333 0.6208333333333333 0.6479166666666667 0.6479166666666667 0.6520833333333333 0.66875 0.6416666666666667 0.675 0.6145833333333334 0.6604166666666667 0.59375