0 0.04791666666666667 0.7854166666666667 0.041666666666666664 0.7854166666666667 0.03125 0.7979166666666667 0.03125 0.8041666666666667 0.03333333333333333 0.8145833333333333 0.035416666666666666 0.8208333333333333 0.03958333333333333 0.8229166666666666 0.04375 0.825 0.05416666666666667 0.825 0.06666666666666667 0.8229166666666666 0.06666666666666667 0.81875 0.06875 0.8083333333333333 0.07083333333333333 0.80625 0.07083333333333333 0.8020833333333334 0.06666666666666667 0.79375 0.0625 0.7895833333333333 0.05625 0.7854166666666667
0 0.6333333333333333 0.5541666666666667 0.63125 0.5625 0.63125 0.5729166666666666 0.6354166666666666 0.5791666666666667 0.64375 0.5895833333333333 0.6479166666666667 0.59375 0.6604166666666667 0.59375 0.6729166666666667 0.5875 0.6770833333333334 0.5833333333333334 0.68125 0.575 0.68125 0.5520833333333334 0.6729166666666667 0.54375 0.6645833333333333 0.5375 0.65625 0.5375
0 0.6145833333333334 0.4895833333333333 0.6041666666666666 0.49166666666666664 0.5875 0.5083333333333333 0.5875 0.5395833333333333 0.59375 0.5479166666666667 0.6 0.5541666666666667 0.6166666666666667 0.55625 0.6291666666666667 0.55625 0.65 0.5354166666666667 0.65 0.525 0.6479166666666667 0.5125 0.64375 0.50625 0.6375 0.4979166666666667 0.6333333333333333 0.49375 0.6291666666666667 0.49166666666666664 0.6229166666666667 0.4895833333333333
0 0.13958333333333334 0.9854166666666667 0.12708333333333333 0.9979166666666667 0.17083333333333334 0.9979166666666667 0.16041666666666668 0.9895833333333334 0.15416666666666667 0.9854166666666667
0 0.19166666666666668 0.9520833333333333 0.17916666666666667 0.9583333333333334 0.175 0.9604166666666667 0.175 0.9791666666666666 0.17708333333333334 0.9833333333333333 0.18333333333333332 0.9916666666666667 0.19375 0.9958333333333333 0.19791666666666666 0.9958333333333333 0.20625 0.9916666666666667 0.21041666666666667 0.9875 0.21666666666666667 0.98125 0.21875 0.9729166666666667 0.21875 0.9666666666666667 0.21666666666666667 0.9604166666666667 0.20833333333333334 0.9520833333333333
0 0.07916666666666666 0.8104166666666667 0.075 0.8145833333333333 0.07083333333333333 0.8208333333333333 0.07083333333333333 0.85 0.07291666666666667 0.8541666666666666 0.07708333333333334 0.8604166666666667 0.08125 0.8666666666666667 0.10416666666666667 0.86875 0.1125 0.8625 0.12083333333333333 0.8541666666666666 0.12291666666666666 0.8416666666666667 0.12291666666666666 0.83125 0.10208333333333333 0.8104166666666667
0 0.39791666666666664 0.7729166666666667 0.39166666666666666 0.7729166666666667 0.38333333333333336 0.775 0.375 0.7770833333333333 0.36875 0.7833333333333333 0.3625 0.7895833333333333 0.35625 0.7979166666666667 0.3541666666666667 0.8020833333333334 0.3541666666666667 0.8229166666666666 0.35625 0.8458333333333333 0.36041666666666666 0.85 0.3729166666666667 0.8604166666666667 0.38125 0.8666666666666667 0.3958333333333333 0.8666666666666667 0.4125 0.8645833333333334 0.4354166666666667 0.8416666666666667 0.4354166666666667 0.825 0.43333333333333335 0.80625 0.42291666666666666 0.7854166666666667 0.41875 0.78125 0.4125 0.7770833333333333 0.40625 0.7729166666666667
0 0.2833333333333333 0.74375 0.2791666666666667 0.7458333333333333 0.27291666666666664 0.75 0.26666666666666666 0.7541666666666667 0.2625 0.7583333333333333 0.25833333333333336 0.7645833333333333 0.25625 0.76875 0.25416666666666665 0.775 0.2520833333333333 0.7854166666666667 0.2520833333333333 0.7895833333333333 0.2625 0.8104166666666667 0.26666666666666666 0.8145833333333333 0.27291666666666664 0.8166666666666667 0.27708333333333335 0.8208333333333333 0.28125 0.8229166666666666 0.2916666666666667 0.825 0.3 0.825 0.30416666666666664 0.8229166666666666 0.3104166666666667 0.81875 0.31666666666666665 0.8145833333333333 0.3229166666666667 0.8104166666666667 0.32708333333333334 0.7979166666666667 0.32916666666666666 0.78125 0.32916666666666666 0.7729166666666667 0.32708333333333334 0.76875 0.32083333333333336 0.7604166666666666 0.3145833333333333 0.7520833333333333 0.3104166666666667 0.7479166666666667 0.3020833333333333 0.7458333333333333 0.28958333333333336 0.74375
0 0.17708333333333334 0.6645833333333333 0.17083333333333334 0.66875 0.1625 0.675 0.15833333333333333 0.6791666666666667 0.15625 0.6875 0.15625 0.6958333333333333 0.15833333333333333 0.7 0.16458333333333333 0.7083333333333334 0.16875 0.7125 0.17708333333333334 0.7145833333333333 0.18958333333333333 0.7166666666666667 0.19375 0.7166666666666667 0.2 0.7125 0.20416666666666666 0.7083333333333334 0.20416666666666666 0.7041666666666667 0.20625 0.6958333333333333 0.20833333333333334 0.69375 0.20833333333333334 0.6895833333333333 0.20625 0.6854166666666667 0.20208333333333334 0.68125 0.2 0.675 0.19583333333333333 0.66875 0.18541666666666667 0.6645833333333333
0 0.09791666666666667 0.16458333333333333 0.08541666666666667 0.17083333333333334 0.07708333333333334 0.17916666666666667 0.06666666666666667 0.19166666666666668 0.0625 0.19791666666666666 0.0625 0.22291666666666668 0.06666666666666667 0.22708333333333333 0.07708333333333334 0.23541666666666666 0.08333333333333333 0.23958333333333334 0.09375 0.23958333333333334 0.10625 0.2375 0.11666666666666667 0.22916666666666666 0.12708333333333333 0.21875 0.12916666666666668 0.21041666666666667 0.13125 0.19375 0.13125 0.18541666666666667 0.12708333333333333 0.17708333333333334 0.12083333333333333 0.17083333333333334 0.1125 0.16458333333333333
0 0.5145833333333333 0.010416666666666666 0.50625 0.01875 0.5 0.027083333333333334 0.4979166666666667 0.035416666666666666 0.49583333333333335 0.04791666666666667 0.49583333333333335 0.05416666666666667 0.5 0.06041666666666667 0.50625 0.06666666666666667 0.51875 0.07291666666666667 0.5395833333333333 0.07291666666666667 0.55 0.06458333333333334 0.5604166666666667 0.05416666666666667 0.5625 0.041666666666666664 0.5625 0.029166666666666667 0.5541666666666667 0.01875 0.5458333333333333 0.010416666666666666