0 0.24166666666666667 0.40625 0.23333333333333334 0.41458333333333336 0.23125 0.425 0.23125 0.43333333333333335 0.23541666666666666 0.4395833333333333 0.23958333333333334 0.44375 0.25 0.44583333333333336 0.25625 0.44583333333333336 0.2625 0.4395833333333333 0.26875 0.43125 0.26875 0.42291666666666666 0.26666666666666666 0.41458333333333336 0.25833333333333336 0.40625
0 0.20625 0.49375 0.2 0.4979166666666667 0.19166666666666668 0.5041666666666667 0.18958333333333333 0.5333333333333333 0.19583333333333333 0.5416666666666666 0.20208333333333334 0.5479166666666667 0.22708333333333333 0.5479166666666667 0.23125 0.54375 0.23958333333333334 0.5333333333333333 0.24375 0.5270833333333333 0.24375 0.51875 0.24166666666666667 0.5083333333333333 0.22916666666666666 0.49583333333333335 0.21666666666666667 0.49375
0 0.04791666666666667 0.052083333333333336 0.03958333333333333 0.058333333333333334 0.03333333333333333 0.06458333333333334 0.03333333333333333 0.0875 0.03958333333333333 0.09375 0.06041666666666667 0.09375 0.06875 0.08958333333333333 0.07291666666666667 0.08125 0.075 0.06875 0.075 0.06458333333333334 0.07083333333333333 0.05625 0.058333333333333334 0.052083333333333336
0 0 0 0 0.05416666666666667 0.00625 0.05416666666666667 0.0125 0.04791666666666667 0.016666666666666666 0.041666666666666664 0.016666666666666666 0.029166666666666667 0.004166666666666667 0.004166666666666667
0 0.9145833333333333 0.5333333333333333 0.9104166666666667 0.5375 0.90625 0.54375 0.9041666666666667 0.55 0.9041666666666667 0.55625 0.9208333333333333 0.5729166666666666 0.925 0.575 0.9291666666666667 0.575 0.9333333333333333 0.5770833333333333 0.9395833333333333 0.5729166666666666 0.94375 0.56875 0.9458333333333333 0.5625 0.9479166666666666 0.5520833333333334 0.9479166666666666 0.5479166666666667 0.9333333333333333 0.5333333333333333
0 0.8833333333333333 0.4041666666666667 0.8791666666666667 0.40625 0.8729166666666667 0.41041666666666665 0.8645833333333334 0.4166666666666667 0.8583333333333333 0.42083333333333334 0.8541666666666666 0.425 0.8520833333333333 0.43125 0.8479166666666667 0.4354166666666667 0.84375 0.44375 0.8416666666666667 0.45208333333333334 0.8416666666666667 0.4583333333333333 0.8520833333333333 0.4791666666666667 0.8708333333333333 0.4979166666666667 0.8791666666666667 0.5 0.89375 0.5020833333333333 0.9 0.5020833333333333 0.9125 0.4895833333333333 0.9229166666666667 0.47708333333333336 0.925 0.4666666666666667 0.9270833333333334 0.44583333333333336 0.9270833333333334 0.4375 0.9208333333333333 0.425 0.9166666666666666 0.42083333333333334 0.9125 0.41041666666666665 0.9020833333333333 0.40625 0.8895833333333333 0.4041666666666667
0 0.6875 0.4 0.6770833333333334 0.40208333333333335 0.6583333333333333 0.42083333333333334 0.6583333333333333 0.4375 0.6604166666666667 0.45416666666666666 0.66875 0.4625 0.68125 0.47291666666666665 0.6854166666666667 0.475 0.6916666666666667 0.47708333333333336 0.7 0.47708333333333336 0.70625 0.475 0.7125 0.4708333333333333 0.7229166666666667 0.4625 0.7270833333333333 0.4583333333333333 0.7291666666666666 0.45 0.7291666666666666 0.44166666666666665 0.7270833333333333 0.43333333333333335 0.7229166666666667 0.425 0.71875 0.42083333333333334 0.7166666666666667 0.41458333333333336 0.7125 0.41041666666666665 0.6979166666666666 0.4
0 0.6979166666666666 0.21458333333333332 0.68125 0.21666666666666667 0.6729166666666667 0.21875 0.66875 0.22291666666666668 0.6604166666666667 0.23333333333333334 0.6583333333333333 0.23958333333333334 0.6583333333333333 0.2604166666666667 0.6625 0.26875 0.66875 0.275 0.6791666666666667 0.2833333333333333 0.6854166666666667 0.2875 0.7125 0.2875 0.725 0.275 0.7270833333333333 0.2708333333333333 0.7291666666666666 0.26458333333333334 0.73125 0.25625 0.73125 0.2520833333333333 0.7291666666666666 0.24375 0.7270833333333333 0.2375 0.725 0.22916666666666666 0.7041666666666667 0.21458333333333332
0 0.4375 0.43125 0.42291666666666666 0.43333333333333335 0.41458333333333336 0.4354166666666667 0.4083333333333333 0.44166666666666665 0.4083333333333333 0.45208333333333334 0.4125 0.4666666666666667 0.42083333333333334 0.47291666666666665 0.425 0.475 0.4354166666666667 0.475 0.45 0.4708333333333333 0.45416666666666666 0.4625 0.45416666666666666 0.45625 0.45208333333333334 0.44375 0.4479166666666667 0.43333333333333335 0.44375 0.43125
0 0.44375 0.3416666666666667 0.4375 0.34375 0.43125 0.3458333333333333 0.4270833333333333 0.34791666666666665 0.42083333333333334 0.3541666666666667 0.41458333333333336 0.3625 0.41041666666666665 0.37083333333333335 0.4083333333333333 0.3770833333333333 0.4083333333333333 0.38333333333333336 0.41041666666666665 0.39166666666666666 0.4125 0.4 0.41458333333333336 0.40625 0.41875 0.4083333333333333 0.42291666666666666 0.4083333333333333 0.42916666666666664 0.4125 0.4354166666666667 0.41458333333333336 0.4479166666666667 0.41458333333333336 0.46041666666666664 0.41041666666666665 0.4666666666666667 0.40208333333333335 0.47291666666666665 0.39375 0.475 0.38958333333333334 0.475 0.3729166666666667 0.4708333333333333 0.36666666666666664 0.4708333333333333 0.3625 0.4666666666666667 0.3541666666666667 0.45625 0.34375 0.45 0.3416666666666667
0 0.51875 0.80625 0.5125 0.8104166666666667 0.5041666666666667 0.8166666666666667 0.5 0.8208333333333333 0.49583333333333335 0.8291666666666667 0.49583333333333335 0.8458333333333333 0.4979166666666667 0.8625 0.51875 0.8833333333333333 0.5229166666666667 0.8854166666666666 0.5291666666666667 0.8875 0.5395833333333333 0.8875 0.55 0.8854166666666666 0.5583333333333333 0.8791666666666667 0.5666666666666667 0.8708333333333333 0.56875 0.8666666666666667 0.5708333333333333 0.8583333333333333 0.5708333333333333 0.8479166666666667 0.56875 0.8375 0.5666666666666667 0.8333333333333334 0.5625 0.8270833333333333 0.55625 0.81875 0.5520833333333334 0.8125 0.5479166666666667 0.8083333333333333 0.54375 0.80625