0 0.9208333333333333 0.7125 0.90625 0.7145833333333333 0.9020833333333333 0.71875 0.8916666666666667 0.73125 0.8875 0.7375 0.8875 0.7625 0.8958333333333334 0.7708333333333334 0.9083333333333333 0.78125 0.9125 0.78125 0.9208333333333333 0.7791666666666667 0.9270833333333334 0.7770833333333333 0.93125 0.7729166666666667 0.9395833333333333 0.7625 0.94375 0.75625 0.9458333333333333 0.7479166666666667 0.9479166666666666 0.7354166666666667 0.9479166666666666 0.7291666666666666 0.93125 0.7125
0 0.9541666666666667 0.6604166666666667 0.9375 0.66875 0.9333333333333333 0.6708333333333333 0.9333333333333333 0.6875 0.9291666666666667 0.7083333333333334 0.9395833333333333 0.71875 0.9520833333333333 0.7208333333333333 0.9645833333333333 0.7208333333333333 0.9854166666666667 0.70625 0.9875 0.6979166666666666 0.9875 0.6875 0.9854166666666667 0.6770833333333334 0.9833333333333333 0.6729166666666667 0.9770833333333333 0.6645833333333333 0.9645833333333333 0.6604166666666667
0 0.9083333333333333 0.6520833333333333 0.89375 0.6541666666666667 0.8854166666666666 0.65625 0.8791666666666667 0.6625 0.8729166666666667 0.6708333333333333 0.8729166666666667 0.69375 0.9 0.7145833333333333 0.9041666666666667 0.7145833333333333 0.9125 0.7125 0.91875 0.7104166666666667 0.925 0.7083333333333334 0.9291666666666667 0.70625 0.93125 0.6875 0.93125 0.6708333333333333 0.9229166666666667 0.6604166666666667 0.9145833333333333 0.6520833333333333
0 0.8541666666666666 0.6145833333333334 0.8458333333333333 0.6229166666666667 0.8395833333333333 0.63125 0.8395833333333333 0.65 0.84375 0.65625 0.85 0.6625 0.8604166666666667 0.6645833333333333 0.8666666666666667 0.6645833333333333 0.8708333333333333 0.6625 0.8770833333333333 0.6583333333333333 0.88125 0.6416666666666667 0.88125 0.6291666666666667 0.8791666666666667 0.625 0.875 0.61875 0.8625 0.6145833333333334
0 0.9729166666666667 0.7916666666666666 0.9625 0.8 0.9541666666666667 0.8083333333333333 0.9520833333333333 0.825 0.9520833333333333 0.8395833333333333 0.9541666666666667 0.84375 0.9583333333333334 0.8479166666666667 0.96875 0.85625 0.9833333333333333 0.85625 0.9979166666666667 0.8541666666666666 0.9979166666666667 0.7916666666666666
0 0.9395833333333333 0.9729166666666667 0.9333333333333333 0.9770833333333333 0.9229166666666667 0.9854166666666667 0.9208333333333333 0.9958333333333333 0.95 0.9979166666666667 0.9770833333333333 0.9958333333333333 0.9770833333333333 0.9916666666666667 0.9729166666666667 0.98125 0.9666666666666667 0.9770833333333333 0.9583333333333334 0.9729166666666667
0 0.9895833333333334 0.39166666666666666 0.9875 0.39791666666666664 0.9833333333333333 0.40208333333333335 0.9770833333333333 0.41458333333333336 0.9770833333333333 0.4375 0.99375 0.45625 0.9979166666666667 0.4583333333333333 0.9979166666666667 0.38958333333333334
0 0.9729166666666667 0.5083333333333333 0.9666666666666667 0.5125 0.95625 0.5208333333333334 0.9520833333333333 0.525 0.95 0.5291666666666667 0.9479166666666666 0.5354166666666667 0.9479166666666666 0.5458333333333333 0.95 0.55625 0.9583333333333334 0.5645833333333333 0.9708333333333333 0.575 0.9979166666666667 0.575 0.9979166666666667 0.5083333333333333
0 0.51875 0.18125 0.5125 0.18541666666666667 0.5041666666666667 0.19166666666666668 0.5 0.19583333333333333 0.49583333333333335 0.20416666666666666 0.49583333333333335 0.22083333333333333 0.4979166666666667 0.2375 0.51875 0.25833333333333336 0.5229166666666667 0.2604166666666667 0.5291666666666667 0.2625 0.5395833333333333 0.2625 0.55 0.2604166666666667 0.5583333333333333 0.25416666666666665 0.5666666666666667 0.24583333333333332 0.56875 0.24166666666666667 0.5708333333333333 0.23333333333333334 0.5708333333333333 0.22291666666666668 0.56875 0.2125 0.5666666666666667 0.20833333333333334 0.5625 0.20208333333333334 0.55625 0.19375 0.5520833333333334 0.1875 0.5479166666666667 0.18333333333333332 0.54375 0.18125
0 0.6375 0.7145833333333333 0.6291666666666667 0.7208333333333333 0.6229166666666667 0.7270833333333333 0.6229166666666667 0.75625 0.6270833333333333 0.7604166666666666 0.6375 0.76875 0.64375 0.7729166666666667 0.6604166666666667 0.7729166666666667 0.6645833333333333 0.76875 0.6708333333333333 0.7604166666666666 0.6729166666666667 0.75625 0.6729166666666667 0.7291666666666666 0.66875 0.725 0.6604166666666667 0.71875 0.6541666666666667 0.7145833333333333
0 0.5520833333333334 0.5333333333333333 0.5354166666666667 0.55 0.5333333333333333 0.5541666666666667 0.53125 0.5625 0.53125 0.5708333333333333 0.5333333333333333 0.5770833333333333 0.5520833333333334 0.59375 0.5729166666666666 0.59375 0.5791666666666667 0.5895833333333333 0.5833333333333334 0.5854166666666667 0.5875 0.5770833333333333 0.5875 0.56875 0.5854166666666667 0.55625 0.5833333333333334 0.5479166666666667 0.5770833333333333 0.5395833333333333 0.5729166666666666 0.5354166666666667 0.5625 0.5333333333333333
0 0.58125 0.6833333333333333 0.5645833333333333 0.6916666666666667 0.5604166666666667 0.7020833333333333 0.5583333333333333 0.7166666666666667 0.5583333333333333 0.7229166666666667 0.5604166666666667 0.7270833333333333 0.5645833333333333 0.7333333333333333 0.5708333333333333 0.7416666666666667 0.5916666666666667 0.74375 0.5979166666666667 0.7375 0.6041666666666666 0.7291666666666666 0.60625 0.7208333333333333 0.6083333333333333 0.70625 0.6083333333333333 0.6979166666666666 0.6041666666666666 0.6895833333333333 0.5958333333333333 0.6854166666666667 0.5854166666666667 0.6833333333333333
0 0.6166666666666667 0.47291666666666665 0.6020833333333333 0.475 0.59375 0.47708333333333336 0.5833333333333334 0.48541666666666666 0.5770833333333333 0.49166666666666664 0.5770833333333333 0.51875 0.5958333333333333 0.5375 0.6104166666666667 0.5395833333333333 0.6208333333333333 0.5395833333333333 0.6291666666666667 0.5333333333333333 0.64375 0.5208333333333334 0.65 0.5145833333333333 0.65 0.5020833333333333 0.6479166666666667 0.4979166666666667 0.64375 0.49166666666666664 0.6395833333333333 0.48541666666666666 0.6354166666666666 0.48125 0.625 0.47291666666666665
0 0.5416666666666666 0.90625 0.5291666666666667 0.9083333333333333 0.5208333333333334 0.9166666666666666 0.51875 0.9208333333333333 0.5166666666666667 0.9291666666666667 0.5166666666666667 0.9333333333333333 0.51875 0.9395833333333333 0.5208333333333334 0.9458333333333333 0.5229166666666667 0.95 0.5291666666666667 0.9520833333333333 0.5354166666666667 0.95625 0.5395833333333333 0.95625 0.55 0.9541666666666667 0.5583333333333333 0.9520833333333333 0.5645833333333333 0.95 0.5666666666666667 0.9458333333333333 0.5708333333333333 0.9375 0.5708333333333333 0.93125 0.56875 0.9229166666666667 0.5645833333333333 0.9145833333333333 0.5583333333333333 0.9104166666666667 0.55 0.90625