0 0 0.66875 0 0.6979166666666666 0.00625 0.6979166666666666 0.010416666666666666 0.6958333333333333 0.014583333333333334 0.6916666666666667 0.01875 0.6833333333333333 0.016666666666666666 0.6770833333333334 0.010416666666666666 0.6729166666666667 0.004166666666666667 0.6708333333333333
0 0.010416666666666666 0.5083333333333333 0 0.5104166666666666 0.0020833333333333333 0.55625 0.00625 0.55625 0.0125 0.5583333333333333 0.014583333333333334 0.5604166666666667 0.020833333333333332 0.5604166666666667 0.025 0.5583333333333333 0.0375 0.5458333333333333 0.03958333333333333 0.5416666666666666 0.03958333333333333 0.5354166666666667 0.0375 0.5291666666666667 0.035416666666666666 0.525 0.020833333333333332 0.5104166666666666 0.016666666666666666 0.5083333333333333
0 0 0.2604166666666667 0 0.2791666666666667 0.0020833333333333333 0.275 0.004166666666666667 0.26875
0 0 0.4125 0 0.49375 0.025 0.4708333333333333 0.03333333333333333 0.46041666666666664 0.03333333333333333 0.4479166666666667 0.025 0.43125 0.020833333333333332 0.425 0.016666666666666666 0.42083333333333334 0.00625 0.4166666666666667
0 0.5854166666666667 0 0.5854166666666667 0.010416666666666666 0.5875 0.022916666666666665 0.5916666666666667 0.03125 0.5958333333333333 0.035416666666666666 0.6166666666666667 0.04583333333333333 0.625 0.04583333333333333 0.6458333333333334 0.04375 0.65625 0.041666666666666664 0.6604166666666667 0.03958333333333333 0.66875 0.03333333333333333 0.6770833333333334 0.027083333333333334 0.68125 0.022916666666666665 0.68125 0
0 0.54375 0.0875 0.5333333333333333 0.09583333333333334 0.5270833333333333 0.10208333333333333 0.525 0.10625 0.525 0.13541666666666666 0.53125 0.14375 0.5395833333333333 0.15208333333333332 0.5541666666666667 0.15416666666666667 0.5645833333333333 0.15416666666666667 0.5708333333333333 0.15 0.5770833333333333 0.14375 0.5833333333333334 0.13125 0.5833333333333334 0.12291666666666666 0.58125 0.11041666666666666 0.5791666666666667 0.10208333333333333 0.5666666666666667 0.08958333333333333 0.55625 0.0875
0 0.10625 0.33541666666666664 0.1 0.33958333333333335 0.09166666666666666 0.34791666666666665 0.08541666666666667 0.35208333333333336 0.08125 0.35208333333333336 0.08125 0.36875 0.0875 0.3770833333333333 0.09583333333333334 0.3854166666666667 0.11041666666666666 0.3854166666666667 0.11458333333333333 0.38333333333333336 0.12083333333333333 0.37916666666666665 0.12708333333333333 0.375 0.13125 0.35833333333333334 0.13125 0.34375 0.12708333333333333 0.33958333333333335 0.12083333333333333 0.33541666666666664
0 0.6270833333333333 0.20625 0.6166666666666667 0.20833333333333334 0.6104166666666667 0.21041666666666667 0.60625 0.21458333333333332 0.6020833333333333 0.22083333333333333 0.6020833333333333 0.225 0.6041666666666666 0.23541666666666666 0.6083333333333333 0.24375 0.6166666666666667 0.25 0.6208333333333333 0.2520833333333333 0.6354166666666666 0.2520833333333333 0.64375 0.24375 0.6479166666666667 0.23541666666666666 0.65 0.22916666666666666 0.65 0.225 0.6479166666666667 0.21666666666666667 0.6458333333333334 0.2125 0.6395833333333333 0.21041666666666667 0.6333333333333333 0.20625
0 0.04791666666666667 0.17916666666666667 0.03958333333333333 0.18333333333333332 0.035416666666666666 0.1875 0.03125 0.19375 0.029166666666666667 0.20416666666666666 0.029166666666666667 0.21458333333333332 0.03125 0.21875 0.0375 0.22708333333333333 0.041666666666666664 0.23125 0.04583333333333333 0.23333333333333334 0.05 0.23333333333333334 0.05625 0.23541666666666666 0.058333333333333334 0.2375 0.0625 0.2375 0.07083333333333333 0.2375 0.07916666666666666 0.23125 0.0875 0.225 0.09166666666666666 0.22083333333333333 0.09375 0.2125 0.09583333333333334 0.2 0.09583333333333334 0.19375 0.09166666666666666 0.18958333333333333 0.08333333333333333 0.18333333333333332 0.07916666666666666 0.18125 0.06458333333333334 0.17916666666666667
0 0.08333333333333333 0.3 0.07083333333333333 0.3020833333333333 0.06458333333333334 0.30416666666666664 0.06041666666666667 0.30833333333333335 0.052083333333333336 0.31875 0.04791666666666667 0.325 0.04791666666666667 0.3333333333333333 0.052083333333333336 0.3458333333333333 0.06458333333333334 0.35208333333333336 0.075 0.35208333333333336 0.08541666666666667 0.35 0.09166666666666666 0.3458333333333333 0.10208333333333333 0.3375 0.10625 0.3333333333333333 0.10625 0.31875 0.10416666666666667 0.3145833333333333 0.09791666666666667 0.30625 0.09375 0.3020833333333333 0.08958333333333333 0.3
0 0.15833333333333333 0.30625 0.15 0.30833333333333335 0.15 0.3125 0.14791666666666667 0.32083333333333336 0.15208333333333332 0.3229166666666667 0.15625 0.3229166666666667 0.16041666666666668 0.325 0.16666666666666666 0.325 0.16875 0.32083333333333336 0.17083333333333334 0.31666666666666665 0.16666666666666666 0.3104166666666667 0.1625 0.30625
0 0.125 0.4270833333333333 0.10416666666666667 0.4479166666666667 0.1 0.45625 0.1 0.47708333333333336 0.10416666666666667 0.4791666666666667 0.12083333333333333 0.4875 0.12708333333333333 0.4875 0.14166666666666666 0.48541666666666666 0.15 0.48333333333333334 0.15833333333333333 0.475 0.16458333333333333 0.4666666666666667 0.16458333333333333 0.45625 0.1625 0.44166666666666665 0.15 0.42916666666666664 0.1375 0.4270833333333333
0 0.07083333333333333 0.6208333333333333 0.0625 0.6229166666666667 0.058333333333333334 0.6270833333333333 0.05416666666666667 0.6333333333333333 0.05416666666666667 0.6416666666666667 0.058333333333333334 0.6541666666666667 0.06458333333333334 0.6583333333333333 0.06875 0.6604166666666667 0.07916666666666666 0.6625 0.08541666666666667 0.6625 0.09166666666666666 0.65625 0.09583333333333334 0.65 0.09375 0.63125 0.0875 0.6270833333333333 0.08125 0.6229166666666667 0.07708333333333334 0.6208333333333333
0 0.48333333333333334 0.48125 0.47708333333333336 0.48541666666666666 0.47291666666666665 0.4895833333333333 0.47291666666666665 0.49375 0.4708333333333333 0.5020833333333333 0.46875 0.5041666666666667 0.46875 0.5083333333333333 0.47291666666666665 0.5166666666666667 0.47708333333333336 0.5208333333333334 0.4875 0.5291666666666667 0.49583333333333335 0.5291666666666667 0.5020833333333333 0.5270833333333333 0.5083333333333333 0.5229166666666667 0.5145833333333333 0.5166666666666667 0.5166666666666667 0.50625 0.5166666666666667 0.4979166666666667 0.5020833333333333 0.48333333333333334 0.49166666666666664 0.48125