0 0.21666666666666667 0.7083333333333334 0.20625 0.7166666666666667 0.2 0.7229166666666667 0.19791666666666666 0.7291666666666666 0.19791666666666666 0.7354166666666667 0.20208333333333334 0.74375 0.20625 0.7479166666666667 0.21666666666666667 0.75625 0.22083333333333333 0.75625 0.225 0.7583333333333333 0.23333333333333334 0.7583333333333333 0.24166666666666667 0.7520833333333333 0.24583333333333332 0.7479166666666667 0.24791666666666667 0.7375 0.24791666666666667 0.7270833333333333 0.23958333333333334 0.7166666666666667 0.23125 0.7083333333333334
0 0.17916666666666667 0.6270833333333333 0.17083333333333334 0.6291666666666667 0.16666666666666666 0.63125 0.15833333333333333 0.6375 0.15416666666666667 0.6416666666666667 0.15208333333333332 0.65 0.15 0.6625 0.15 0.6708333333333333 0.15208333333333332 0.6770833333333334 0.15416666666666667 0.68125 0.16041666666666668 0.6895833333333333 0.16875 0.6979166666666666 0.175 0.7 0.1875 0.7020833333333333 0.19375 0.7020833333333333 0.2 0.7 0.20416666666666666 0.6979166666666666 0.20833333333333334 0.69375 0.2125 0.6875 0.21458333333333332 0.68125 0.21666666666666667 0.6729166666666667 0.21875 0.6645833333333333 0.21875 0.6604166666666667 0.19375 0.63125 0.18958333333333333 0.63125 0.18333333333333332 0.6270833333333333
0 0.20416666666666666 0.5958333333333333 0.2 0.6 0.19583333333333333 0.60625 0.19375 0.6125 0.19375 0.61875 0.19583333333333333 0.6229166666666667 0.2 0.6270833333333333 0.21666666666666667 0.6270833333333333 0.22083333333333333 0.625 0.225 0.6208333333333333 0.225 0.60625 0.22083333333333333 0.6 0.21666666666666667 0.5958333333333333
0 0.25 0.55625 0.24583333333333332 0.5583333333333333 0.2375 0.5645833333333333 0.23333333333333334 0.5729166666666666 0.23125 0.5833333333333334 0.23125 0.5875 0.23958333333333334 0.5979166666666667 0.24791666666666667 0.60625 0.2604166666666667 0.6083333333333333 0.26875 0.6083333333333333 0.275 0.6041666666666666 0.2833333333333333 0.5958333333333333 0.2875 0.5875 0.2875 0.58125 0.28541666666666665 0.5729166666666666 0.2833333333333333 0.5666666666666667 0.27291666666666664 0.55625
0 0.49583333333333335 0.9875 0.49166666666666664 0.9875 0.4875 0.9895833333333334 0.48333333333333334 0.99375 0.48333333333333334 0.9979166666666667 0.5145833333333333 0.9979166666666667 0.5041666666666667 0.9875
0 0.12083333333333333 0.925 0.11458333333333333 0.9291666666666667 0.11041666666666666 0.93125 0.10625 0.93125 0.10208333333333333 0.9333333333333333 0.09166666666666666 0.94375 0.08958333333333333 0.9479166666666666 0.08958333333333333 0.9520833333333333 0.09166666666666666 0.95625 0.09791666666666667 0.9625 0.10208333333333333 0.9645833333333333 0.11666666666666667 0.9645833333333333 0.12291666666666666 0.96875 0.13125 0.9604166666666667 0.13541666666666666 0.9541666666666667 0.13958333333333334 0.9458333333333333 0.13958333333333334 0.9416666666666667 0.1375 0.9375 0.13541666666666666 0.9333333333333333 0.13125 0.93125 0.125 0.9270833333333334
0 0.13541666666666666 0.86875 0.11875 0.8770833333333333 0.11458333333333333 0.88125 0.10208333333333333 0.89375 0.10208333333333333 0.9020833333333333 0.10416666666666667 0.9229166666666667 0.10625 0.9270833333333334 0.1125 0.9270833333333334 0.12083333333333333 0.9229166666666667 0.125 0.925 0.12916666666666668 0.9270833333333334 0.13333333333333333 0.93125 0.14166666666666666 0.9416666666666667 0.14375 0.9479166666666666 0.16458333333333333 0.9479166666666666 0.17291666666666666 0.94375 0.18333333333333332 0.9333333333333333 0.18958333333333333 0.9208333333333333 0.18958333333333333 0.9083333333333333 0.1875 0.9 0.18333333333333332 0.8916666666666667 0.17916666666666667 0.8854166666666666 0.175 0.8791666666666667 0.16875 0.8729166666666667 0.16458333333333333 0.8708333333333333 0.15 0.86875
0 0 0.2916666666666667 0 0.32083333333333336 0.004166666666666667 0.31666666666666665 0.004166666666666667 0.29583333333333334
0 0.4791666666666667 0.18541666666666667 0.47291666666666665 0.19166666666666668 0.4666666666666667 0.2 0.46458333333333335 0.21458333333333332 0.46458333333333335 0.22916666666666666 0.47291666666666665 0.23958333333333334 0.48333333333333334 0.25 0.5083333333333333 0.25 0.51875 0.23958333333333334 0.5291666666666667 0.22708333333333333 0.5291666666666667 0.21875 0.5270833333333333 0.20625 0.50625 0.18541666666666667
0 0.7729166666666667 0.39791666666666664 0.7666666666666667 0.40208333333333335 0.7604166666666666 0.4083333333333333 0.7541666666666667 0.41458333333333336 0.7520833333333333 0.42291666666666666 0.7520833333333333 0.42916666666666664 0.7520833333333333 0.4354166666666667 0.75625 0.44583333333333336 0.7645833333333333 0.45 0.7708333333333334 0.45 0.7791666666666667 0.45 0.7854166666666667 0.44583333333333336 0.7916666666666666 0.44166666666666665 0.7979166666666667 0.4375 0.8020833333333334 0.425 0.8020833333333334 0.4166666666666667 0.8 0.4125 0.79375 0.4041666666666667 0.7895833333333333 0.4 0.78125 0.39791666666666664
0 0.39375 0.12083333333333333 0.3854166666666667 0.1375 0.3854166666666667 0.17708333333333334 0.4 0.19166666666666668 0.4166666666666667 0.19166666666666668 0.42083333333333334 0.18958333333333333 0.4270833333333333 0.18541666666666667 0.43125 0.18125 0.4375 0.175 0.4395833333333333 0.16666666666666666 0.44166666666666665 0.15833333333333333 0.44375 0.15 0.44375 0.14583333333333334 0.44166666666666665 0.14166666666666666 0.4375 0.13541666666666666 0.43333333333333335 0.12916666666666668 0.42916666666666664 0.125 0.4166666666666667 0.11875
0 0.9208333333333333 0.39166666666666666 0.90625 0.39375 0.8979166666666667 0.3958333333333333 0.8875 0.40625 0.8791666666666667 0.4166666666666667 0.8791666666666667 0.4354166666666667 0.8875 0.44583333333333336 0.8979166666666667 0.45625 0.9020833333333333 0.4583333333333333 0.9083333333333333 0.46041666666666664 0.9145833333333333 0.46041666666666664 0.925 0.4583333333333333 0.93125 0.45625 0.9354166666666667 0.45208333333333334 0.9458333333333333 0.4395833333333333 0.95 0.43333333333333335 0.95 0.42916666666666664 0.9479166666666666 0.4166666666666667 0.9458333333333333 0.4083333333333333 0.9375 0.4 0.9270833333333334 0.39166666666666666
0 0.8333333333333334 0.9 0.8291666666666667 0.9020833333333333 0.8229166666666666 0.90625 0.8166666666666667 0.9104166666666667 0.8125 0.9270833333333334 0.8125 0.9395833333333333 0.8166666666666667 0.9479166666666666 0.8208333333333333 0.9541666666666667 0.825 0.9583333333333334 0.8270833333333333 0.9645833333333333 0.8416666666666667 0.96875 0.85 0.96875 0.8583333333333333 0.9625 0.8708333333333333 0.9520833333333333 0.8770833333333333 0.9458333333333333 0.8770833333333333 0.9291666666666667 0.875 0.925 0.8708333333333333 0.91875 0.8666666666666667 0.9125 0.8625 0.90625 0.8520833333333333 0.9020833333333333 0.8395833333333333 0.9
0 0.675 0.9479166666666666 0.6604166666666667 0.95 0.6520833333333333 0.9520833333333333 0.6458333333333334 0.9583333333333334 0.6458333333333334 0.9770833333333333 0.6479166666666667 0.98125 0.6541666666666667 0.9895833333333334 0.6583333333333333 0.99375 0.6666666666666666 0.9979166666666667 0.6916666666666667 0.9979166666666667 0.7 0.9895833333333334 0.7020833333333333 0.9854166666666667 0.7041666666666667 0.9770833333333333 0.7041666666666667 0.9729166666666667 0.7 0.9645833333333333 0.6958333333333333 0.9604166666666667 0.6833333333333333 0.9479166666666666
0 0.19375 0.5208333333333334 0.16458333333333333 0.55 0.16458333333333333 0.575 0.16875 0.58125 0.17291666666666666 0.5854166666666667 0.19375 0.5958333333333333 0.20208333333333334 0.5958333333333333 0.21875 0.59375 0.22916666666666666 0.5833333333333334 0.23125 0.5791666666666667 0.23125 0.5729166666666666 0.23333333333333334 0.5666666666666667 0.2375 0.5625 0.2375 0.5541666666666667 0.23541666666666666 0.55 0.23125 0.54375 0.22708333333333333 0.5375 0.22291666666666668 0.53125 0.21875 0.525 0.20416666666666666 0.5208333333333334
0 0.2375 0.75625 0.23333333333333334 0.7604166666666666 0.225 0.7604166666666666 0.21875 0.7604166666666666 0.21041666666666667 0.7645833333333333 0.20416666666666666 0.7729166666666667 0.20208333333333334 0.7770833333333333 0.20208333333333334 0.79375 0.20625 0.8020833333333334 0.21458333333333332 0.8104166666666667 0.22291666666666668 0.8166666666666667 0.22708333333333333 0.8166666666666667 0.23958333333333334 0.8145833333333333 0.24583333333333332 0.8125 0.25 0.8083333333333333 0.25625 0.8 0.2604166666666667 0.79375 0.2604166666666667 0.775 0.24166666666666667 0.75625