0 0.17083333333333334 0.6666666666666666 0.16458333333333333 0.6708333333333333 0.15416666666666667 0.6791666666666667 0.14583333333333334 0.6854166666666667 0.14166666666666666 0.6895833333333333 0.13958333333333334 0.7020833333333333 0.13958333333333334 0.7125 0.14583333333333334 0.7208333333333333 0.15208333333333332 0.7270833333333333 0.16875 0.7291666666666666 0.18125 0.7291666666666666 0.18541666666666667 0.7270833333333333 0.18958333333333333 0.7229166666666667 0.19583333333333333 0.7166666666666667 0.19791666666666666 0.7104166666666667 0.2 0.7041666666666667 0.20208333333333334 0.6979166666666666 0.20208333333333334 0.6770833333333334 0.19791666666666666 0.6708333333333333 0.19375 0.6666666666666666
0 0.09791666666666667 0.4083333333333333 0.07708333333333334 0.41875 0.07291666666666667 0.42916666666666664 0.07291666666666667 0.4354166666666667 0.07916666666666666 0.44375 0.08541666666666667 0.45 0.10208333333333333 0.45 0.10833333333333334 0.44583333333333336 0.1125 0.44166666666666665 0.11458333333333333 0.4375 0.11666666666666667 0.42916666666666664 0.11666666666666667 0.425 0.11041666666666666 0.4125 0.10208333333333333 0.4083333333333333
0 0.08125 0.25416666666666665 0.075 0.25833333333333336 0.06458333333333334 0.26666666666666666 0.06041666666666667 0.2708333333333333 0.05416666666666667 0.2833333333333333 0.05416666666666667 0.3020833333333333 0.05625 0.30625 0.06041666666666667 0.3125 0.06458333333333334 0.31875 0.07291666666666667 0.3229166666666667 0.08125 0.325 0.0875 0.325 0.09166666666666666 0.32708333333333334 0.1 0.32083333333333336 0.1125 0.3104166666666667 0.11875 0.30416666666666664 0.12083333333333333 0.29791666666666666 0.12291666666666666 0.2875 0.12291666666666666 0.2833333333333333 0.11875 0.2791666666666667 0.1125 0.2708333333333333 0.1125 0.26875 0.10625 0.2604166666666667 0.10208333333333333 0.25625 0.09166666666666666 0.25416666666666665
0 0.9979166666666667 0.85625 0.99375 0.8604166666666667 0.9875 0.86875 0.9875 0.8770833333333333 0.9895833333333334 0.8854166666666666 0.99375 0.8895833333333333 0.9979166666666667 0.8916666666666667
0 0.07708333333333334 0.1125 0.06666666666666667 0.12083333333333333 0.058333333333333334 0.12916666666666668 0.058333333333333334 0.16875 0.06041666666666667 0.17291666666666666 0.06458333333333334 0.17916666666666667 0.09166666666666666 0.18125 0.1125 0.16666666666666666 0.1125 0.1625 0.11666666666666667 0.15625 0.11875 0.15 0.11875 0.14583333333333334 0.11666666666666667 0.13958333333333334 0.11458333333333333 0.13333333333333333 0.1125 0.12916666666666668 0.1 0.11666666666666667 0.09166666666666666 0.1125
0 0.19791666666666666 0.21041666666666667 0.1875 0.21875 0.17916666666666667 0.22708333333333333 0.17708333333333334 0.23541666666666666 0.17708333333333334 0.24375 0.18125 0.24791666666666667 0.18541666666666667 0.25 0.19166666666666668 0.25 0.19791666666666666 0.25 0.21666666666666667 0.24166666666666667 0.22083333333333333 0.23125 0.22083333333333333 0.22291666666666668 0.21875 0.21875 0.21458333333333332 0.2125
0 0.25416666666666665 0.12708333333333333 0.24583333333333332 0.13541666666666666 0.2375 0.14583333333333334 0.2375 0.15416666666666667 0.24166666666666667 0.16666666666666666 0.24791666666666667 0.17083333333333334 0.25416666666666665 0.175 0.2625 0.175 0.26875 0.17291666666666666 0.275 0.16666666666666666 0.2791666666666667 0.16041666666666668 0.28125 0.15 0.28125 0.14166666666666666 0.2791666666666667 0.1375 0.27291666666666664 0.12916666666666668
0 0.6333333333333333 0.08125 0.61875 0.08333333333333333 0.6083333333333333 0.09166666666666666 0.6020833333333333 0.09791666666666667 0.6020833333333333 0.10625 0.6041666666666666 0.12708333333333333 0.60625 0.1375 0.61875 0.15 0.63125 0.15625 0.6541666666666667 0.15625 0.6625 0.15208333333333332 0.6666666666666666 0.14791666666666667 0.6708333333333333 0.14166666666666666 0.675 0.13333333333333333 0.675 0.11458333333333333 0.65625 0.08958333333333333 0.6520833333333333 0.08541666666666667 0.64375 0.08125
0 0.23541666666666666 0 0.23541666666666666 0.00625 0.23958333333333334 0.010416666666666666 0.24791666666666667 0.016666666666666666 0.25416666666666665 0.020833333333333332 0.25833333333333336 0.020833333333333332 0.26458333333333334 0.01875 0.26875 0.014583333333333334 0.27291666666666664 0.008333333333333333 0.27291666666666664 0
0 0.8395833333333333 0.45208333333333334 0.8333333333333334 0.45625 0.8291666666666667 0.46041666666666664 0.8270833333333333 0.46875 0.8270833333333333 0.475 0.8291666666666667 0.4791666666666667 0.8354166666666667 0.4875 0.8479166666666667 0.49166666666666664 0.8541666666666666 0.49166666666666664 0.8583333333333333 0.4895833333333333 0.8645833333333334 0.48541666666666666 0.8729166666666667 0.4791666666666667 0.875 0.4625 0.8645833333333334 0.45208333333333334
0 0.7895833333333333 0.9666666666666667 0.78125 0.9708333333333333 0.7770833333333333 0.9791666666666666 0.775 0.9895833333333334 0.775 0.99375 0.7791666666666667 0.9979166666666667 0.8104166666666667 0.9979166666666667 0.8145833333333333 0.99375 0.8145833333333333 0.9854166666666667 0.8125 0.975 0.8083333333333333 0.9708333333333333 0.8041666666666667 0.96875 0.7958333333333333 0.9666666666666667
0 0.11458333333333333 0.85 0.10625 0.8520833333333333 0.1 0.8541666666666666 0.09583333333333334 0.8583333333333333 0.09166666666666666 0.8645833333333334 0.09166666666666666 0.8833333333333333 0.09583333333333334 0.8916666666666667 0.1 0.8958333333333334 0.10833333333333334 0.9020833333333333 0.11666666666666667 0.9083333333333333 0.12083333333333333 0.9104166666666667 0.12916666666666668 0.9125 0.13541666666666666 0.9125 0.14375 0.9083333333333333 0.14791666666666667 0.9041666666666667 0.15208333333333332 0.8958333333333334 0.15208333333333332 0.875 0.13125 0.8541666666666666 0.12708333333333333 0.8541666666666666 0.12083333333333333 0.85
0 0.6916666666666667 0.6104166666666667 0.68125 0.61875 0.6729166666666667 0.6270833333333333 0.6708333333333333 0.6395833333333333 0.6708333333333333 0.65 0.6791666666666667 0.6583333333333333 0.6916666666666667 0.66875 0.7166666666666667 0.6666666666666666 0.7229166666666667 0.6583333333333333 0.7270833333333333 0.6520833333333333 0.7291666666666666 0.6479166666666667 0.7291666666666666 0.6395833333333333 0.7270833333333333 0.6291666666666667 0.7208333333333333 0.6208333333333333 0.7125 0.6125 0.7020833333333333 0.6104166666666667