0 0.125 0.9416666666666667 0.11458333333333333 0.94375 0.10625 0.9479166666666666 0.09791666666666667 0.95625 0.0875 0.96875 0.08333333333333333 0.975 0.08333333333333333 0.9895833333333334 0.08541666666666667 0.99375 0.08958333333333333 0.9979166666666667 0.15833333333333333 0.9958333333333333 0.1625 0.9875 0.1625 0.9708333333333333 0.15833333333333333 0.9625 0.15416666666666667 0.9583333333333334 0.15208333333333332 0.9520833333333333 0.14791666666666667 0.9479166666666666 0.13541666666666666 0.9416666666666667
0 0.23333333333333334 0.2375 0.225 0.24583333333333332 0.21875 0.25416666666666665 0.21666666666666667 0.27291666666666664 0.21666666666666667 0.2916666666666667 0.22083333333333333 0.29791666666666666 0.22708333333333333 0.30625 0.23125 0.3104166666666667 0.24583333333333332 0.3125 0.25625 0.3125 0.26458333333333334 0.30625 0.27291666666666664 0.29791666666666666 0.275 0.2875 0.275 0.27708333333333335 0.26666666666666666 0.2604166666666667 0.2625 0.25625 0.25833333333333336 0.24583333333333332 0.25416666666666665 0.24166666666666667 0.24583333333333332 0.2375
0 0.18541666666666667 0.28541666666666665 0.17916666666666667 0.2875 0.175 0.28958333333333336 0.16458333333333333 0.3 0.15625 0.3104166666666667 0.15416666666666667 0.31666666666666665 0.15208333333333332 0.32916666666666666 0.15208333333333332 0.3375 0.15416666666666667 0.3458333333333333 0.15625 0.3541666666666667 0.15833333333333333 0.35833333333333334 0.1625 0.3645833333333333 0.16875 0.37083333333333335 0.17708333333333334 0.375 0.2 0.375 0.21041666666666667 0.36666666666666664 0.21875 0.35833333333333334 0.22083333333333333 0.35208333333333336 0.22291666666666668 0.34375 0.225 0.3333333333333333 0.225 0.32708333333333334 0.22291666666666668 0.31875 0.22083333333333333 0.3125 0.21875 0.30416666666666664 0.21666666666666667 0.3 0.20625 0.28958333333333336 0.2 0.2875 0.19166666666666668 0.28541666666666665
0 0.0375 0.9583333333333334 0.03333333333333333 0.9583333333333334 0.027083333333333334 0.9604166666666667 0.020833333333333332 0.9625 0.008333333333333333 0.9791666666666666 0.008333333333333333 0.9854166666666667 0.010416666666666666 0.99375 0.0125 0.9979166666666667 0.05625 0.9979166666666667 0.06041666666666667 0.99375 0.0625 0.9895833333333334 0.0625 0.98125 0.058333333333333334 0.9666666666666667 0.052083333333333336 0.9625 0.04583333333333333 0.9583333333333334
0 0.03125 0.7208333333333333 0.020833333333333332 0.7229166666666667 0.0125 0.73125 0.010416666666666666 0.7458333333333333 0.010416666666666666 0.7604166666666666 0.01875 0.76875 0.03958333333333333 0.76875 0.04375 0.7645833333333333 0.05 0.75625 0.052083333333333336 0.7520833333333333 0.052083333333333336 0.73125 0.04583333333333333 0.725 0.03958333333333333 0.7208333333333333
0 0.4875 0.9229166666666667 0.48333333333333334 0.925 0.475 0.93125 0.46875 0.9354166666666667 0.46458333333333335 0.95 0.46458333333333335 0.9625 0.4666666666666667 0.9666666666666667 0.47291666666666665 0.975 0.47708333333333336 0.9791666666666666 0.49166666666666664 0.98125 0.5020833333333333 0.98125 0.5104166666666666 0.9770833333333333 0.5145833333333333 0.9729166666666667 0.5270833333333333 0.9604166666666667 0.5270833333333333 0.95 0.525 0.9416666666666667 0.5208333333333334 0.9354166666666667 0.5145833333333333 0.9270833333333334 0.5104166666666666 0.9229166666666667
0 0.30625 0.11041666666666666 0.29375 0.1125 0.28541666666666665 0.11458333333333333 0.28541666666666665 0.11875 0.2833333333333333 0.12708333333333333 0.28125 0.12916666666666668 0.28125 0.13333333333333333 0.2875 0.14166666666666666 0.29375 0.14791666666666667 0.3229166666666667 0.14583333333333334 0.32708333333333334 0.1375 0.32708333333333334 0.125 0.3125 0.11041666666666666
0 0.04791666666666667 0.10625 0.03958333333333333 0.11041666666666666 0.035416666666666666 0.11458333333333333 0.029166666666666667 0.12708333333333333 0.029166666666666667 0.14583333333333334 0.0375 0.15416666666666667 0.05 0.15625 0.058333333333333334 0.15625 0.0625 0.15416666666666667 0.06875 0.15 0.07291666666666667 0.14583333333333334 0.07708333333333334 0.1375 0.07708333333333334 0.11875 0.07291666666666667 0.11458333333333333 0.06458333333333334 0.10833333333333334 0.06041666666666667 0.10625
0 0.25625 0 0.25625 0.004166666666666667 0.25833333333333336 0.014583333333333334 0.2604166666666667 0.020833333333333332 0.26458333333333334 0.022916666666666665 0.27291666666666664 0.027083333333333334 0.28125 0.027083333333333334 0.28958333333333336 0.025 0.29583333333333334 0.020833333333333332 0.30625 0.0125 0.3104166666666667 0.008333333333333333 0.3104166666666667 0
0 0.03333333333333333 0.5791666666666667 0.029166666666666667 0.58125 0.020833333333333332 0.5875 0.016666666666666666 0.5979166666666667 0.014583333333333334 0.6104166666666667 0.014583333333333334 0.6166666666666667 0.01875 0.6229166666666667 0.025 0.6291666666666667 0.035416666666666666 0.63125 0.04375 0.63125 0.04791666666666667 0.6291666666666667 0.05625 0.6229166666666667 0.06041666666666667 0.6145833333333334 0.0625 0.6020833333333333 0.0625 0.5979166666666667 0.06041666666666667 0.59375 0.05416666666666667 0.5854166666666667 0.04583333333333333 0.58125 0.0375 0.5791666666666667
0 0.225 0.5395833333333333 0.22083333333333333 0.54375 0.21458333333333332 0.5520833333333334 0.2125 0.55625 0.2125 0.5708333333333333 0.21458333333333332 0.575 0.21875 0.58125 0.225 0.5895833333333333 0.24166666666666667 0.5916666666666667 0.2520833333333333 0.58125 0.2604166666666667 0.5708333333333333 0.2604166666666667 0.5645833333333333 0.25833333333333336 0.55625 0.2520833333333333 0.5479166666666667 0.24375 0.5395833333333333