0 0.07291666666666667 0.4125 0.0625 0.42083333333333334 0.05416666666666667 0.42916666666666664 0.052083333333333336 0.4395833333333333 0.052083333333333336 0.45 0.05416666666666667 0.45416666666666666 0.058333333333333334 0.46041666666666664 0.06458333333333334 0.46875 0.07291666666666667 0.47291666666666665 0.08333333333333333 0.475 0.0875 0.475 0.1 0.4625 0.1 0.44583333333333336 0.09791666666666667 0.4270833333333333 0.09583333333333334 0.42291666666666666 0.08958333333333333 0.41458333333333336
0 0.8041666666666667 0.6604166666666667 0.7979166666666667 0.6645833333333333 0.7875 0.6729166666666667 0.7833333333333333 0.6770833333333334 0.78125 0.6875 0.78125 0.6958333333333333 0.7854166666666667 0.7041666666666667 0.7895833333333333 0.7083333333333334 0.7916666666666666 0.7145833333333333 0.8 0.71875 0.8083333333333333 0.7208333333333333 0.8166666666666667 0.7229166666666667 0.8208333333333333 0.7229166666666667 0.825 0.71875 0.8333333333333334 0.7125 0.8354166666666667 0.7125 0.8395833333333333 0.7083333333333334 0.8395833333333333 0.6791666666666667 0.8354166666666667 0.6729166666666667 0.8291666666666667 0.6645833333333333 0.825 0.6604166666666667
0 0.7104166666666667 0.48541666666666666 0.7041666666666667 0.49166666666666664 0.7 0.4979166666666667 0.7 0.50625 0.7020833333333333 0.5145833333333333 0.7041666666666667 0.51875 0.7083333333333334 0.525 0.7208333333333333 0.5291666666666667 0.7270833333333333 0.5291666666666667 0.73125 0.5270833333333333 0.7395833333333334 0.5208333333333334 0.7458333333333333 0.5145833333333333 0.7479166666666667 0.5104166666666666 0.7479166666666667 0.5041666666666667 0.7458333333333333 0.4979166666666667 0.7416666666666667 0.49375 0.7333333333333333 0.4875 0.7291666666666666 0.48541666666666666
0 0.4875 0.29791666666666666 0.48333333333333334 0.3 0.475 0.30625 0.46875 0.3104166666666667 0.46458333333333335 0.325 0.46458333333333335 0.3375 0.4666666666666667 0.3416666666666667 0.47291666666666665 0.35 0.47708333333333336 0.3541666666666667 0.49166666666666664 0.35625 0.5020833333333333 0.35625 0.5104166666666666 0.35208333333333336 0.5145833333333333 0.34791666666666665 0.5270833333333333 0.33541666666666664 0.5270833333333333 0.325 0.525 0.31666666666666665 0.5208333333333334 0.3104166666666667 0.5145833333333333 0.3020833333333333 0.5104166666666666 0.29791666666666666
0 0.51875 0.375 0.5145833333333333 0.3770833333333333 0.50625 0.38333333333333336 0.4979166666666667 0.38958333333333334 0.49375 0.39791666666666664 0.49166666666666664 0.41041666666666665 0.49166666666666664 0.4166666666666667 0.49375 0.42083333333333334 0.4979166666666667 0.4270833333333333 0.5041666666666667 0.43333333333333335 0.5104166666666666 0.4395833333333333 0.51875 0.44166666666666665 0.5270833333333333 0.44375 0.5333333333333333 0.44375 0.5375 0.44166666666666665 0.5520833333333334 0.4270833333333333 0.55625 0.41875 0.55625 0.39791666666666664 0.5520833333333334 0.39166666666666666 0.54375 0.38125 0.5395833333333333 0.3770833333333333 0.5291666666666667 0.375
0 0.32916666666666666 0.43125 0.3229166666666667 0.4375 0.3229166666666667 0.4479166666666667 0.32916666666666666 0.45416666666666666 0.3375 0.46041666666666664 0.3541666666666667 0.4583333333333333 0.35833333333333334 0.45208333333333334 0.36041666666666666 0.4479166666666667 0.36041666666666666 0.44375 0.35833333333333334 0.4375 0.35208333333333336 0.43125
0 0.2875 0.5458333333333333 0.28125 0.5479166666666667 0.27708333333333335 0.55 0.26875 0.5583333333333333 0.2625 0.5666666666666667 0.2625 0.5875 0.26666666666666666 0.59375 0.2708333333333333 0.5979166666666667 0.275 0.6 0.2791666666666667 0.6 0.28541666666666665 0.6041666666666666 0.29375 0.6041666666666666 0.3020833333333333 0.6020833333333333 0.3104166666666667 0.5958333333333333 0.31875 0.5875 0.32083333333333336 0.5770833333333333 0.32083333333333336 0.5666666666666667 0.3125 0.55625 0.30416666666666664 0.5479166666666667 0.29583333333333334 0.5458333333333333
0 0.125 0.31666666666666665 0.11458333333333333 0.31875 0.10625 0.3229166666666667 0.09791666666666667 0.33125 0.0875 0.34375 0.08333333333333333 0.35 0.08333333333333333 0.3645833333333333 0.08541666666666667 0.36875 0.08958333333333333 0.375 0.09583333333333334 0.38125 0.10208333333333333 0.3875 0.11041666666666666 0.38958333333333334 0.12291666666666666 0.38958333333333334 0.1375 0.3875 0.15 0.38125 0.15416666666666667 0.3770833333333333 0.15833333333333333 0.37083333333333335 0.1625 0.3625 0.1625 0.3458333333333333 0.15833333333333333 0.3375 0.15416666666666667 0.3333333333333333 0.15208333333333332 0.32708333333333334 0.14791666666666667 0.3229166666666667 0.13541666666666666 0.31666666666666665
0 0.03125 0.09583333333333334 0.020833333333333332 0.09791666666666667 0.0125 0.10625 0.010416666666666666 0.12083333333333333 0.010416666666666666 0.13541666666666666 0.01875 0.14375 0.03958333333333333 0.14375 0.04375 0.13958333333333334 0.05 0.13125 0.052083333333333336 0.12708333333333333 0.052083333333333336 0.10625 0.04583333333333333 0.1 0.03958333333333333 0.09583333333333334
0 0.0375 0.3333333333333333 0.03333333333333333 0.3333333333333333 0.027083333333333334 0.33541666666666664 0.020833333333333332 0.3375 0.008333333333333333 0.3541666666666667 0.008333333333333333 0.36041666666666666 0.010416666666666666 0.36875 0.0125 0.3729166666666667 0.022916666666666665 0.38333333333333336 0.027083333333333334 0.3854166666666667 0.03333333333333333 0.3875 0.0375 0.3875 0.05 0.38125 0.05416666666666667 0.3770833333333333 0.06041666666666667 0.36875 0.0625 0.3645833333333333 0.0625 0.35625 0.058333333333333334 0.3416666666666667 0.052083333333333336 0.3375 0.04583333333333333 0.3333333333333333
0 0.21875 0.8 0.20833333333333334 0.8020833333333334 0.20208333333333334 0.80625 0.19375 0.8125 0.18958333333333333 0.8270833333333333 0.18958333333333333 0.8395833333333333 0.19791666666666666 0.8479166666666667 0.21041666666666667 0.8583333333333333 0.22916666666666666 0.8583333333333333 0.2375 0.85 0.24375 0.8416666666666667 0.24375 0.83125 0.24166666666666667 0.8166666666666667 0.225 0.8
0 0.22291666666666668 0.9104166666666667 0.21875 0.9125 0.2125 0.9166666666666666 0.20833333333333334 0.9208333333333333 0.20208333333333334 0.9270833333333334 0.2 0.9333333333333333 0.19791666666666666 0.9395833333333333 0.19583333333333333 0.9458333333333333 0.19583333333333333 0.95 0.19791666666666666 0.95625 0.2 0.9604166666666667 0.21041666666666667 0.9708333333333333 0.22291666666666668 0.9770833333333333 0.24583333333333332 0.9770833333333333 0.25416666666666665 0.9729166666666667 0.25833333333333336 0.96875 0.2625 0.9625 0.26458333333333334 0.9583333333333334 0.26458333333333334 0.9333333333333333 0.24166666666666667 0.9104166666666667
0 0.020833333333333332 0 0.025 0.004166666666666667 0.035416666666666666 0.00625 0.04375 0.00625 0.04791666666666667 0.004166666666666667 0.052083333333333336 0
0 0.45625 0.4583333333333333 0.45 0.4625 0.44583333333333336 0.4625 0.4395833333333333 0.46458333333333335 0.43125 0.46875 0.4270833333333333 0.47291666666666665 0.42083333333333334 0.48125 0.41875 0.48541666666666666 0.4166666666666667 0.4895833333333333 0.41875 0.49583333333333335 0.4166666666666667 0.5 0.4125 0.50625 0.4125 0.5125 0.41458333333333336 0.525 0.4166666666666667 0.53125 0.425 0.5395833333333333 0.44166666666666665 0.5479166666666667 0.46041666666666664 0.5479166666666667 0.4895833333333333 0.5333333333333333 0.49375 0.5291666666666667 0.5020833333333333 0.5125 0.5020833333333333 0.48541666666666666 0.49583333333333335 0.47291666666666665 0.49166666666666664 0.46875 0.48333333333333334 0.4625 0.4791666666666667 0.46041666666666664 0.46875 0.4583333333333333
0 0.01875 0.5 0.0125 0.5041666666666667 0.008541666666666666 0.5122916666666667 0.006666666666666667 0.51875 0.00625 0.52875 0.010416666666666666 0.5354166666666667 0.016666666666666666 0.5395833333333333 0.03125 0.5395833333333333 0.04583333333333333 0.525 0.04583333333333333 0.5166666666666667 0.04375 0.5083333333333333 0.035416666666666666 0.5
0 0.3854166666666667 0.48125 0.38125 0.48541666666666666 0.38125 0.49583333333333335 0.38333333333333336 0.5 0.3875 0.5041666666666667 0.40875 0.5095833333333333 0.41458333333333336 0.5 0.4166666666666667 0.49583333333333335 0.4166666666666667 0.49166666666666664 0.41458333333333336 0.4875 0.4125 0.48333333333333334 0.39791666666666664 0.48125