0 0.7875 0.4583333333333333 0.78125 0.4625 0.7770833333333333 0.4625 0.7729166666666667 0.46458333333333335 0.7583333333333333 0.4791666666666667 0.7583333333333333 0.48541666666666666 0.7604166666666666 0.5 0.7625 0.5083333333333333 0.7666666666666667 0.5125 0.775 0.51875 0.78125 0.5229166666666667 0.7916666666666666 0.5229166666666667 0.8041666666666667 0.51875 0.8083333333333333 0.5125 0.8125 0.50625 0.8166666666666667 0.5 0.81875 0.49583333333333335 0.81875 0.49166666666666664 0.8166666666666667 0.48333333333333334 0.8145833333333333 0.475 0.8125 0.4708333333333333 0.8041666666666667 0.4625 0.8 0.46041666666666664 0.7916666666666666 0.4583333333333333
0 0.7916666666666666 0.6208333333333333 0.7791666666666667 0.6333333333333333 0.7770833333333333 0.6416666666666667 0.775 0.6541666666666667 0.775 0.6604166666666667 0.7791666666666667 0.6666666666666666 0.7854166666666667 0.6729166666666667 0.8083333333333333 0.6729166666666667 0.8166666666666667 0.6645833333333333 0.8229166666666666 0.65625 0.8229166666666666 0.6333333333333333 0.8104166666666667 0.6208333333333333
0 0.8604166666666667 0.5125 0.85625 0.5145833333333333 0.8520833333333333 0.51875 0.8458333333333333 0.5208333333333334 0.8416666666666667 0.525 0.8375 0.5333333333333333 0.8375 0.5541666666666667 0.8395833333333333 0.5583333333333333 0.8458333333333333 0.5666666666666667 0.8520833333333333 0.575 0.8625 0.5791666666666667 0.8708333333333333 0.5791666666666667 0.8770833333333333 0.5770833333333333 0.8833333333333333 0.575 0.8875 0.5729166666666666 0.8958333333333334 0.5666666666666667 0.9020833333333333 0.5604166666666667 0.9041666666666667 0.5479166666666667 0.9041666666666667 0.5375 0.89375 0.525 0.8833333333333333 0.5145833333333333 0.8708333333333333 0.5125
0 0.5083333333333333 0.39166666666666666 0.49166666666666664 0.4 0.48333333333333334 0.4083333333333333 0.4791666666666667 0.41458333333333336 0.4791666666666667 0.44375 0.4875 0.45416666666666666 0.49583333333333335 0.4625 0.5125 0.46458333333333335 0.5270833333333333 0.46458333333333335 0.53125 0.4625 0.5395833333333333 0.45625 0.5479166666666667 0.45 0.5520833333333334 0.44583333333333336 0.5520833333333334 0.41458333333333336 0.5458333333333333 0.40625 0.5375 0.39791666666666664 0.525 0.39166666666666666
0 0.9416666666666667 0.35208333333333336 0.9229166666666667 0.37083333333333335 0.91875 0.37916666666666665 0.91875 0.39791666666666664 0.9270833333333334 0.4083333333333333 0.9375 0.41875 0.9458333333333333 0.42083333333333334 0.9583333333333334 0.42291666666666666 0.9625 0.42291666666666666 0.9729166666666667 0.41458333333333336 0.98125 0.40625 0.9833333333333333 0.4 0.9854166666666667 0.3875 0.9854166666666667 0.37916666666666665 0.9791666666666666 0.36666666666666664 0.9729166666666667 0.36041666666666666 0.9645833333333333 0.3541666666666667 0.9604166666666667 0.35208333333333336
0 0.9666666666666667 0.43125 0.95 0.4354166666666667 0.9479166666666666 0.44166666666666665 0.94375 0.44583333333333336 0.9395833333333333 0.45625 0.9395833333333333 0.4625 0.9395833333333333 0.4666666666666667 0.9416666666666667 0.475 0.94375 0.48125 0.9458333333333333 0.48541666666666666 0.9520833333333333 0.4875 0.9625 0.49375 0.9666666666666667 0.49375 0.975 0.49166666666666664 0.9833333333333333 0.4895833333333333 0.9916666666666667 0.4875 0.9979166666666667 0.48541666666666666 0.9958333333333333 0.44166666666666665 0.9895833333333334 0.4375 0.9833333333333333 0.43333333333333335 0.9791666666666666 0.43125
0 0.9875 0.6895833333333333 0.9729166666666667 0.69375 0.9583333333333334 0.7229166666666667 0.9583333333333334 0.7291666666666666 0.9604166666666667 0.7354166666666667 0.9645833333333333 0.7375 0.9729166666666667 0.7416666666666667 0.9791666666666666 0.7416666666666667 0.9916666666666667 0.7395833333333334 0.9979166666666667 0.7375 0.9979166666666667 0.6895833333333333
0 0.9375 0.55 0.9291666666666667 0.5541666666666667 0.925 0.5583333333333333 0.91875 0.5604166666666667 0.9145833333333333 0.5645833333333333 0.9083333333333333 0.5666666666666667 0.9041666666666667 0.5791666666666667 0.9020833333333333 0.5979166666666667 0.9020833333333333 0.60625 0.9041666666666667 0.6104166666666667 0.9104166666666667 0.61875 0.9166666666666666 0.6270833333333333 0.9291666666666667 0.63125 0.9333333333333333 0.63125 0.9375 0.6270833333333333 0.9416666666666667 0.625 0.9458333333333333 0.625 0.9520833333333333 0.6208333333333333 0.9583333333333334 0.61875 0.9791666666666666 0.61875 0.9833333333333333 0.6145833333333334 0.9854166666666667 0.60625 0.9875 0.59375 0.9875 0.5854166666666667 0.975 0.5604166666666667 0.9708333333333333 0.55625 0.9666666666666667 0.5541666666666667 0.9583333333333334 0.5520833333333334 0.94375 0.55
0 0.9583333333333334 0.6208333333333333 0.9520833333333333 0.6229166666666667 0.9458333333333333 0.6270833333333333 0.9416666666666667 0.6270833333333333 0.9375 0.6291666666666667 0.9354166666666667 0.6354166666666666 0.9416666666666667 0.6458333333333334 0.9416666666666667 0.65 0.9479166666666666 0.6625 0.9583333333333334 0.6729166666666667 0.96875 0.675 0.9770833333333333 0.675 0.9916666666666667 0.6541666666666667 0.9916666666666667 0.6375 0.9875 0.6291666666666667 0.9833333333333333 0.6229166666666667
0 0.16875 0.29791666666666666 0.16458333333333333 0.3 0.15625 0.30625 0.15416666666666667 0.3229166666666667 0.15833333333333333 0.32916666666666666 0.16458333333333333 0.33541666666666664 0.17291666666666666 0.33958333333333335 0.17916666666666667 0.3416666666666667 0.18333333333333332 0.3416666666666667 0.18958333333333333 0.3458333333333333 0.19791666666666666 0.3458333333333333 0.20625 0.34375 0.2125 0.3375 0.2125 0.3333333333333333 0.21041666666666667 0.32083333333333336 0.20833333333333334 0.3145833333333333 0.20416666666666666 0.30833333333333335 0.2 0.30416666666666664 0.19375 0.3020833333333333 0.18333333333333332 0.3 0.17291666666666666 0.29791666666666666
0 0.12708333333333333 0.35833333333333334 0.11666666666666667 0.3625 0.1125 0.3645833333333333 0.1125 0.36875 0.11458333333333333 0.37916666666666665 0.11666666666666667 0.3854166666666667 0.12083333333333333 0.38958333333333334 0.12916666666666668 0.3958333333333333 0.13333333333333333 0.3958333333333333 0.13958333333333334 0.38958333333333334 0.14375 0.3854166666666667 0.14583333333333334 0.38125 0.14375 0.3625 0.13333333333333333 0.35833333333333334
0 0.5625 0.8291666666666667 0.5479166666666667 0.8416666666666667 0.5416666666666666 0.8479166666666667 0.5395833333333333 0.8583333333333333 0.5395833333333333 0.8666666666666667 0.5520833333333334 0.8916666666666667 0.55625 0.8958333333333334 0.5645833333333333 0.9 0.5854166666666667 0.9 0.5895833333333333 0.8979166666666667 0.5979166666666667 0.8916666666666667 0.60625 0.8854166666666666 0.6104166666666667 0.875 0.6125 0.8625 0.6125 0.85625 0.6083333333333333 0.8479166666666667 0.6041666666666666 0.8416666666666667 0.6 0.8354166666666667 0.5979166666666667 0.83125 0.575 0.83125 0.5708333333333333 0.825
0 0.6895833333333333 0.56875 0.6729166666666667 0.5770833333333333 0.6666666666666666 0.5833333333333334 0.6625 0.5895833333333333 0.6604166666666667 0.5979166666666667 0.6583333333333333 0.6145833333333334 0.6583333333333333 0.6229166666666667 0.6645833333333333 0.6354166666666666 0.6770833333333334 0.6479166666666667 0.6854166666666667 0.65 0.6979166666666666 0.6520833333333333 0.7041666666666667 0.6520833333333333 0.7083333333333334 0.65 0.7145833333333333 0.6458333333333334 0.7208333333333333 0.6416666666666667 0.7270833333333333 0.6375 0.73125 0.6270833333333333 0.7333333333333333 0.6104166666666667 0.7333333333333333 0.6020833333333333 0.7208333333333333 0.5770833333333333 0.7125 0.5729166666666666 0.7041666666666667 0.5708333333333333 0.69375 0.56875
0 0.7416666666666667 0.53125 0.7375 0.5333333333333333 0.7291666666666666 0.5395833333333333 0.725 0.5479166666666667 0.7229166666666667 0.55625 0.7229166666666667 0.5604166666666667 0.7270833333333333 0.56875 0.73125 0.575 0.75 0.5770833333333333 0.75625 0.5729166666666666 0.7666666666666667 0.5645833333333333 0.7708333333333334 0.5604166666666667 0.7729166666666667 0.5541666666666667 0.7729166666666667 0.5479166666666667 0.7666666666666667 0.5354166666666667 0.7520833333333333 0.53125
0 0.6020833333333333 0.7520833333333333 0.58125 0.7666666666666667 0.5791666666666667 0.7729166666666667 0.5770833333333333 0.7791666666666667 0.575 0.7875 0.5729166666666666 0.79375 0.5708333333333333 0.8 0.5708333333333333 0.8229166666666666 0.5729166666666666 0.8270833333333333 0.6 0.8291666666666667 0.6083333333333333 0.8229166666666666 0.625 0.8083333333333333 0.6333333333333333 0.8 0.6354166666666666 0.79375 0.6375 0.7833333333333333 0.6375 0.7770833333333333 0.6354166666666666 0.7708333333333334 0.63125 0.7625 0.6229166666666667 0.7541666666666667 0.6125 0.7520833333333333
0 0.7395833333333334 0.24166666666666667 0.7291666666666666 0.24375 0.71875 0.2520833333333333 0.7125 0.25833333333333336 0.7104166666666667 0.26875 0.7104166666666667 0.27708333333333335 0.7145833333333333 0.2833333333333333 0.7208333333333333 0.2916666666666667 0.725 0.29583333333333334 0.7479166666666667 0.29583333333333334 0.7666666666666667 0.27708333333333335 0.7666666666666667 0.27291666666666664 0.7645833333333333 0.2604166666666667 0.7604166666666666 0.25 0.7541666666666667 0.24583333333333332 0.7458333333333333 0.24166666666666667