0 0.7104166666666667 0.7916666666666666 0.70625 0.79375 0.7 0.8 0.69375 0.80625 0.69375 0.8125 0.6916666666666667 0.8166666666666667 0.6958333333333333 0.8229166666666666 0.7020833333333333 0.83125 0.70625 0.8354166666666667 0.71875 0.8375 0.7270833333333333 0.8375 0.7416666666666667 0.8229166666666666 0.7416666666666667 0.81875 0.7395833333333334 0.8083333333333333 0.7375 0.8020833333333334 0.73125 0.7958333333333333 0.725 0.7916666666666666
0 0.6416666666666667 0.7625 0.6333333333333333 0.7645833333333333 0.6291666666666667 0.7666666666666667 0.6229166666666667 0.7729166666666667 0.6145833333333334 0.7833333333333333 0.6145833333333334 0.7916666666666666 0.6166666666666667 0.8 0.61875 0.8041666666666667 0.625 0.8125 0.63125 0.8208333333333333 0.6395833333333333 0.825 0.6479166666666667 0.8270833333333333 0.6520833333333333 0.8270833333333333 0.6583333333333333 0.8229166666666666 0.66875 0.8145833333333333 0.6729166666666667 0.8104166666666667 0.675 0.8041666666666667 0.6770833333333334 0.7916666666666666 0.6770833333333334 0.7875 0.6729166666666667 0.7833333333333333 0.6666666666666666 0.775 0.6666666666666666 0.7729166666666667 0.6625 0.76875 0.65 0.7625
0 0.54375 0.6166666666666667 0.5270833333333333 0.61875 0.51875 0.625 0.5125 0.63125 0.5125 0.6604166666666667 0.51875 0.66875 0.5270833333333333 0.6770833333333334 0.5416666666666666 0.6791666666666667 0.5520833333333334 0.6791666666666667 0.5604166666666667 0.675 0.5645833333333333 0.6708333333333333 0.5666666666666667 0.6645833333333333 0.5708333333333333 0.6604166666666667 0.575 0.6520833333333333 0.575 0.63125 0.5708333333333333 0.625 0.5666666666666667 0.6208333333333333 0.5583333333333333 0.6166666666666667
0 0.7833333333333333 0.5520833333333334 0.7708333333333334 0.5541666666666667 0.76875 0.5583333333333333 0.7666666666666667 0.5645833333333333 0.7666666666666667 0.5708333333333333 0.76875 0.5791666666666667 0.7708333333333334 0.5833333333333334 0.775 0.5854166666666667 0.7791666666666667 0.5875 0.7875 0.5875 0.79375 0.5854166666666667 0.8 0.5791666666666667 0.8041666666666667 0.5729166666666666 0.8041666666666667 0.56875 0.8020833333333334 0.5604166666666667 0.79375 0.5520833333333334
0 0.9979166666666667 0.6229166666666667 0.9958333333333333 0.6270833333333333 0.99375 0.6416666666666667 0.9979166666666667 0.6479166666666667
0 0 0.49166666666666664 0 0.5375 0.004166666666666667 0.5354166666666667 0.00625 0.53125 0.010416666666666666 0.5270833333333333 0.0125 0.5229166666666667 0.0125 0.51875 0.010416666666666666 0.5104166666666666 0.008333333333333333 0.5020833333333333 0.004166666666666667 0.49375
0 0.22916666666666666 0.5020833333333333 0.22291666666666668 0.5083333333333333 0.21666666666666667 0.5166666666666667 0.21666666666666667 0.53125 0.21875 0.5354166666666667 0.22291666666666668 0.5416666666666666 0.23541666666666666 0.5458333333333333 0.24375 0.5458333333333333 0.25 0.5416666666666666 0.25625 0.5354166666666667 0.25833333333333336 0.525 0.25833333333333336 0.5166666666666667 0.2520833333333333 0.5083333333333333 0.24791666666666667 0.5041666666666667 0.2375 0.5020833333333333
0 0.25833333333333336 0.41041666666666665 0.24791666666666667 0.42083333333333334 0.24583333333333332 0.4375 0.24583333333333332 0.45208333333333334 0.25 0.4583333333333333 0.25625 0.46458333333333335 0.26666666666666666 0.4666666666666667 0.275 0.4666666666666667 0.28541666666666665 0.45625 0.29375 0.44583333333333336 0.29375 0.4375 0.2916666666666667 0.42916666666666664 0.27708333333333335 0.41458333333333336 0.2708333333333333 0.4125 0.2625 0.41041666666666665
0 0.23958333333333334 0.84375 0.23125 0.85 0.22708333333333333 0.8541666666666666 0.22708333333333333 0.875 0.23958333333333334 0.8875 0.24375 0.8875 0.2520833333333333 0.8854166666666666 0.25833333333333336 0.8833333333333333 0.2625 0.8791666666666667 0.26875 0.8708333333333333 0.2708333333333333 0.8666666666666667 0.2708333333333333 0.8604166666666667 0.26875 0.8520833333333333 0.26458333333333334 0.8479166666666667 0.25833333333333336 0.84375
0 0.4875 0.9541666666666667 0.4791666666666667 0.9604166666666667 0.475 0.9645833333333333 0.47291666666666665 0.96875 0.4708333333333333 0.975 0.4708333333333333 0.9791666666666666 0.475 0.9854166666666667 0.47708333333333336 0.9916666666666667 0.48125 0.99375 0.48541666666666666 0.99375 0.49166666666666664 0.9979166666666667 0.49583333333333335 0.9979166666666667 0.5041666666666667 0.99375 0.5083333333333333 0.9916666666666667 0.5083333333333333 0.9875 0.5104166666666666 0.975 0.5125 0.9729166666666667 0.5125 0.96875 0.50625 0.9604166666666667 0.5020833333333333 0.95625 0.49375 0.9541666666666667
0 0.66875 0.8520833333333333 0.65625 0.8541666666666666 0.6458333333333334 0.8583333333333333 0.6416666666666667 0.8666666666666667 0.6416666666666667 0.875 0.64375 0.8833333333333333 0.6520833333333333 0.8916666666666667 0.6645833333333333 0.89375 0.6729166666666667 0.89375 0.6770833333333334 0.8916666666666667 0.6833333333333333 0.8875 0.6875 0.8791666666666667 0.6895833333333333 0.8666666666666667 0.6875 0.8604166666666667 0.68125 0.85625 0.6729166666666667 0.8520833333333333