0 0.3458333333333333 0.2791666666666667 0.3333333333333333 0.28125 0.325 0.2833333333333333 0.31875 0.2875 0.3145833333333333 0.2916666666666667 0.30833333333333335 0.30416666666666664 0.30833333333333335 0.32916666666666666 0.3125 0.3375 0.31666666666666665 0.3416666666666667 0.3229166666666667 0.3458333333333333 0.32916666666666666 0.35 0.3333333333333333 0.35208333333333336 0.3416666666666667 0.35208333333333336 0.35 0.35 0.36041666666666666 0.33958333333333335 0.3645833333333333 0.33125 0.36666666666666664 0.325 0.36666666666666664 0.3 0.36041666666666666 0.2875 0.35625 0.2833333333333333 0.35 0.2791666666666667
0 0.04791666666666667 0.8458333333333333 0.03958333333333333 0.8479166666666667 0.029166666666666667 0.8583333333333333 0.029166666666666667 0.8791666666666667 0.04791666666666667 0.8958333333333334 0.05625 0.8958333333333334 0.06666666666666667 0.8916666666666667 0.07083333333333333 0.8854166666666666 0.07291666666666667 0.88125 0.07291666666666667 0.8708333333333333 0.07083333333333333 0.8583333333333333 0.06666666666666667 0.8541666666666666 0.058333333333333334 0.8479166666666667 0.05416666666666667 0.8458333333333333
0 0.2520833333333333 0.022916666666666665 0.24166666666666667 0.03125 0.23541666666666666 0.0375 0.23541666666666666 0.04583333333333333 0.23958333333333334 0.058333333333333334 0.24583333333333332 0.0625 0.25416666666666665 0.06875 0.2625 0.06875 0.26875 0.06666666666666667 0.275 0.06041666666666667 0.2791666666666667 0.05416666666666667 0.2791666666666667 0.035416666666666666 0.27291666666666664 0.029166666666666667 0.26458333333333334 0.022916666666666665
0 0.125 0.3729166666666667 0.1125 0.375 0.10416666666666667 0.3770833333333333 0.1 0.38125 0.09375 0.38958333333333334 0.09166666666666666 0.39375 0.09166666666666666 0.40625 0.09583333333333334 0.42083333333333334 0.10208333333333333 0.425 0.11041666666666666 0.43125 0.11458333333333333 0.43333333333333335 0.11875 0.43333333333333335 0.12708333333333333 0.43125 0.13333333333333333 0.42916666666666664 0.14583333333333334 0.4166666666666667 0.14791666666666667 0.4125 0.15 0.40625 0.15 0.40208333333333335 0.14791666666666667 0.3958333333333333 0.14583333333333334 0.3875 0.13958333333333334 0.38125 0.13333333333333333 0.375 0.12916666666666668 0.3729166666666667
0 0.39375 0.23958333333333334 0.38125 0.24583333333333332 0.3770833333333333 0.25833333333333336 0.3770833333333333 0.26666666666666666 0.38125 0.275 0.3854166666666667 0.2791666666666667 0.39166666666666666 0.28541666666666665 0.3958333333333333 0.28541666666666665 0.4 0.2875 0.40625 0.2833333333333333 0.41458333333333336 0.27708333333333335 0.41875 0.27291666666666664 0.42083333333333334 0.26458333333333334 0.42083333333333334 0.25625 0.41875 0.2520833333333333 0.4125 0.24375 0.40208333333333335 0.23958333333333334
0 0.39375 0.4479166666666667 0.38125 0.46041666666666664 0.38125 0.47708333333333336 0.39166666666666666 0.4875 0.39791666666666664 0.4895833333333333 0.40208333333333335 0.4895833333333333 0.41041666666666665 0.48333333333333334 0.4166666666666667 0.47708333333333336 0.41875 0.46875 0.41875 0.46041666666666664 0.41458333333333336 0.45416666666666666 0.41041666666666665 0.45 0.40208333333333335 0.4479166666666667
0 0.38958333333333334 0.55 0.38333333333333336 0.5520833333333334 0.3770833333333333 0.5541666666666667 0.3729166666666667 0.55625 0.3645833333333333 0.5645833333333333 0.35833333333333334 0.5770833333333333 0.35833333333333334 0.5958333333333333 0.3770833333333333 0.6208333333333333 0.38125 0.625 0.3854166666666667 0.6270833333333333 0.39375 0.6291666666666667 0.40208333333333335 0.6291666666666667 0.42291666666666666 0.61875 0.4270833333333333 0.6145833333333334 0.43125 0.6083333333333333 0.4354166666666667 0.6 0.4375 0.5916666666666667 0.4375 0.5854166666666667 0.43333333333333335 0.5770833333333333 0.42916666666666664 0.5708333333333333 0.425 0.5666666666666667 0.42291666666666666 0.5604166666666667 0.41875 0.55625 0.40625 0.55
0 0.46041666666666664 0.5 0.45208333333333334 0.5020833333333333 0.44583333333333336 0.5083333333333333 0.44166666666666665 0.5125 0.4375 0.51875 0.4354166666666667 0.5229166666666667 0.4354166666666667 0.5291666666666667 0.4375 0.5416666666666666 0.4395833333333333 0.55 0.44375 0.5520833333333334 0.45 0.5541666666666667 0.45416666666666666 0.5541666666666667 0.4625 0.5541666666666667 0.46875 0.55 0.475 0.5458333333333333 0.4791666666666667 0.5375 0.48125 0.5270833333333333 0.48125 0.5208333333333334 0.4791666666666667 0.5145833333333333 0.46458333333333335 0.5
0 0.8833333333333333 0.25833333333333336 0.8708333333333333 0.2708333333333333 0.86875 0.28125 0.86875 0.2916666666666667 0.8729166666666667 0.29791666666666666 0.8791666666666667 0.30625 0.8875 0.30833333333333335 0.8916666666666667 0.30833333333333335 0.8979166666666667 0.30416666666666664 0.9020833333333333 0.30416666666666664 0.90625 0.3020833333333333 0.9145833333333333 0.29375 0.9145833333333333 0.27291666666666664 0.9083333333333333 0.26458333333333334 0.9020833333333333 0.25833333333333336
0 0.9916666666666667 0.7125 0.9833333333333333 0.7145833333333333 0.9770833333333333 0.7166666666666667 0.9666666666666667 0.7270833333333333 0.9583333333333334 0.7375 0.9583333333333334 0.74375 0.9604166666666667 0.7520833333333333 0.9666666666666667 0.7604166666666666 0.975 0.76875 0.9979166666666667 0.76875 0.9979166666666667 0.7125
0 0.7333333333333333 0.59375 0.7166666666666667 0.5958333333333333 0.70625 0.5979166666666667 0.69375 0.6041666666666666 0.6895833333333333 0.6083333333333333 0.675 0.61875 0.6729166666666667 0.6270833333333333 0.6729166666666667 0.63125 0.675 0.6395833333333333 0.6854166666666667 0.6479166666666667 0.6895833333333333 0.6520833333333333 0.6958333333333333 0.65625 0.7020833333333333 0.6583333333333333 0.70625 0.6625 0.7125 0.6666666666666666 0.7208333333333333 0.6708333333333333 0.7333333333333333 0.6708333333333333 0.7458333333333333 0.66875 0.75 0.6645833333333333 0.75625 0.65625 0.7625 0.6479166666666667 0.7666666666666667 0.6416666666666667 0.76875 0.6333333333333333 0.76875 0.625 0.7666666666666667 0.6166666666666667 0.7645833333333333 0.6125 0.7583333333333333 0.6041666666666666 0.7520833333333333 0.5979166666666667 0.74375 0.59375
0 0.46875 0.9041666666666667 0.45625 0.90625 0.4479166666666667 0.9083333333333333 0.42916666666666664 0.9270833333333334 0.42916666666666664 0.9604166666666667 0.43125 0.9645833333333333 0.4375 0.9729166666666667 0.44375 0.98125 0.4479166666666667 0.9854166666666667 0.45625 0.9875 0.4708333333333333 0.9895833333333334 0.47708333333333336 0.9895833333333334 0.4895833333333333 0.9833333333333333 0.49375 0.9791666666666666 0.5 0.9770833333333333 0.5083333333333333 0.96875 0.5125 0.9625 0.5125 0.93125 0.4895833333333333 0.9083333333333333 0.48541666666666666 0.90625 0.47708333333333336 0.9041666666666667
0 0 0.875 0 0.9416666666666667 0.004166666666666667 0.9416666666666667 0.010416666666666666 0.9395833333333333 0.022916666666666665 0.9333333333333333 0.027083333333333334 0.9291666666666667 0.03125 0.9208333333333333 0.03125 0.9041666666666667 0.029166666666666667 0.8979166666666667 0.0125 0.88125 0.004166666666666667 0.8770833333333333