0 0.81875 0.6625 0.8083333333333333 0.6666666666666666 0.80625 0.6708333333333333 0.80625 0.68125 0.8104166666666667 0.6916666666666667 0.8166666666666667 0.6958333333333333 0.8208333333333333 0.6979166666666666 0.825 0.6979166666666666 0.8291666666666667 0.6958333333333333 0.8375 0.6875 0.8354166666666667 0.66875 0.8291666666666667 0.6645833333333333 0.825 0.6625
0 0.21458333333333332 0.9395833333333333 0.21041666666666667 0.94375 0.20416666666666666 0.9520833333333333 0.20208333333333334 0.95625 0.20208333333333334 0.975 0.20416666666666666 0.9791666666666666 0.20833333333333334 0.9854166666666667 0.21458333333333332 0.99375 0.23958333333333334 0.9958333333333333 0.24375 0.99375 0.2520833333333333 0.9875 0.25625 0.9791666666666666 0.25833333333333336 0.9666666666666667 0.25833333333333336 0.9604166666666667 0.25416666666666665 0.95625 0.24583333333333332 0.95 0.2375 0.94375 0.23125 0.9395833333333333
0 0.4395833333333333 0.8541666666666666 0.42916666666666664 0.8583333333333333 0.425 0.8666666666666667 0.42291666666666666 0.8791666666666667 0.42291666666666666 0.8833333333333333 0.4270833333333333 0.8916666666666667 0.43125 0.8979166666666667 0.44375 0.9020833333333333 0.45 0.9020833333333333 0.45416666666666666 0.9 0.46041666666666664 0.8958333333333334 0.46458333333333335 0.8875 0.4666666666666667 0.8791666666666667 0.4666666666666667 0.875 0.45208333333333334 0.8541666666666666 0.44583333333333336 0.8541666666666666
0 0.40625 0.6854166666666667 0.3958333333333333 0.6875 0.39166666666666666 0.6916666666666667 0.3854166666666667 0.6979166666666666 0.38333333333333336 0.7041666666666667 0.38333333333333336 0.7083333333333334 0.3854166666666667 0.7166666666666667 0.3875 0.7229166666666667 0.38958333333333334 0.7270833333333333 0.40208333333333335 0.7395833333333334 0.425 0.7395833333333334 0.42916666666666664 0.7354166666666667 0.4354166666666667 0.7270833333333333 0.4375 0.7229166666666667 0.4375 0.71875 0.4354166666666667 0.70625 0.43125 0.6958333333333333 0.425 0.6916666666666667 0.41875 0.6875 0.41458333333333336 0.6854166666666667
0 0.020833333333333332 0.6166666666666667 0.008333333333333333 0.61875 0 0.6208333333333333 0 0.65625 0.00625 0.6625 0.016666666666666666 0.6708333333333333 0.029166666666666667 0.6729166666666667 0.041666666666666664 0.6729166666666667 0.04791666666666667 0.6708333333333333 0.052083333333333336 0.66875 0.05625 0.6666666666666666 0.058333333333333334 0.6541666666666667 0.058333333333333334 0.64375 0.05625 0.6395833333333333 0.05 0.63125 0.04583333333333333 0.6270833333333333 0.025 0.6166666666666667
0 0.1 0.375 0.09375 0.37916666666666665 0.0875 0.3854166666666667 0.08333333333333333 0.39375 0.08333333333333333 0.40625 0.08541666666666667 0.41041666666666665 0.08958333333333333 0.41458333333333336 0.09791666666666667 0.41875 0.10416666666666667 0.41875 0.1125 0.4166666666666667 0.12291666666666666 0.4083333333333333 0.13125 0.4 0.12916666666666668 0.38125 0.12291666666666666 0.3770833333333333 0.11875 0.375
0 0.47291666666666665 0.5333333333333333 0.46458333333333335 0.5375 0.46041666666666664 0.5458333333333333 0.4583333333333333 0.5583333333333333 0.4583333333333333 0.5625 0.4625 0.5708333333333333 0.4708333333333333 0.575 0.4791666666666667 0.5770833333333333 0.48333333333333334 0.5770833333333333 0.49583333333333335 0.5666666666666667 0.4979166666666667 0.5604166666666667 0.4979166666666667 0.5541666666666667 0.4979166666666667 0.5458333333333333 0.49375 0.5395833333333333 0.48541666666666666 0.5354166666666667 0.47708333333333336 0.5333333333333333
0 0.7291666666666666 0.4 0.7229166666666667 0.4041666666666667 0.7145833333333333 0.41041666666666665 0.7104166666666667 0.425 0.7104166666666667 0.4375 0.7145833333333333 0.44375 0.7208333333333333 0.45208333333333334 0.725 0.45625 0.7375 0.4583333333333333 0.7479166666666667 0.45625 0.75 0.45 0.7541666666666667 0.44583333333333336 0.7583333333333333 0.4395833333333333 0.7625 0.43125 0.7625 0.42291666666666666 0.7604166666666666 0.4125 0.7541666666666667 0.40625 0.7458333333333333 0.4
0 0.8833333333333333 0.3541666666666667 0.8729166666666667 0.35625 0.86875 0.36041666666666666 0.8666666666666667 0.3645833333333333 0.8666666666666667 0.375 0.86875 0.3875 0.8729166666666667 0.39166666666666666 0.8791666666666667 0.3958333333333333 0.8979166666666667 0.3958333333333333 0.9041666666666667 0.38958333333333334 0.9104166666666667 0.38125 0.9083333333333333 0.3625 0.8916666666666667 0.3541666666666667
0 0.4583333333333333 0.26666666666666666 0.4479166666666667 0.27708333333333335 0.44583333333333336 0.2833333333333333 0.44583333333333336 0.28958333333333336 0.45208333333333334 0.29791666666666666 0.4583333333333333 0.30416666666666664 0.4708333333333333 0.30625 0.48125 0.30625 0.49166666666666664 0.29583333333333334 0.49166666666666664 0.2791666666666667 0.4791666666666667 0.26666666666666666
0 0.48541666666666666 0.20416666666666666 0.475 0.20625 0.46875 0.20833333333333334 0.4666666666666667 0.2125 0.4666666666666667 0.21875 0.4708333333333333 0.22708333333333333 0.48125 0.22916666666666666 0.49166666666666664 0.22708333333333333 0.49375 0.21666666666666667 0.49375 0.20833333333333334 0.4895833333333333 0.20416666666666666
0 0.25833333333333336 0.016666666666666666 0.25416666666666665 0.01875 0.24791666666666667 0.022916666666666665 0.24375 0.03333333333333333 0.24375 0.03958333333333333 0.24583333333333332 0.04375 0.25 0.05 0.25416666666666665 0.05625 0.26666666666666666 0.06041666666666667 0.275 0.06041666666666667 0.2791666666666667 0.058333333333333334 0.28541666666666665 0.05416666666666667 0.28958333333333336 0.041666666666666664 0.28958333333333336 0.03333333333333333 0.275 0.01875 0.26666666666666666 0.016666666666666666
0 0.7104166666666667 0 0.7104166666666667 0.004166666666666667 0.725 0.01875 0.7395833333333334 0.01875 0.7541666666666667 0.004166666666666667 0.7541666666666667 0