0 0.81875 0.0375 0.8083333333333333 0.041666666666666664 0.80625 0.04583333333333333 0.80625 0.05625 0.8104166666666667 0.06666666666666667 0.8166666666666667 0.07083333333333333 0.8208333333333333 0.07291666666666667 0.825 0.07291666666666667 0.8291666666666667 0.07083333333333333 0.8375 0.0625 0.8354166666666667 0.04375 0.8291666666666667 0.03958333333333333 0.825 0.0375
0 0.5666666666666667 0.7541666666666667 0.5625 0.7583333333333333 0.5541666666666667 0.7645833333333333 0.5520833333333334 0.7645833333333333 0.54375 0.7708333333333334 0.5395833333333333 0.78125 0.5375 0.7958333333333333 0.5375 0.8020833333333334 0.5520833333333334 0.8229166666666666 0.5583333333333333 0.825 0.5645833333333333 0.8270833333333333 0.5708333333333333 0.8291666666666667 0.575 0.8291666666666667 0.5833333333333334 0.8270833333333333 0.5875 0.825 0.5958333333333333 0.8166666666666667 0.6041666666666666 0.8 0.6041666666666666 0.775 0.5979166666666667 0.7666666666666667 0.5895833333333333 0.7583333333333333 0.5833333333333334 0.75625 0.5708333333333333 0.7541666666666667
0 0.49583333333333335 0.6104166666666667 0.4895833333333333 0.6145833333333334 0.48125 0.6208333333333333 0.47708333333333336 0.6291666666666667 0.475 0.6375 0.47291666666666665 0.6458333333333334 0.47291666666666665 0.65 0.475 0.6541666666666667 0.4791666666666667 0.6604166666666667 0.48541666666666666 0.6666666666666666 0.49166666666666664 0.6729166666666667 0.4979166666666667 0.6729166666666667 0.5041666666666667 0.675 0.50625 0.6770833333333334 0.5125 0.6791666666666667 0.5208333333333334 0.68125 0.525 0.68125 0.5333333333333333 0.6770833333333334 0.5375 0.6729166666666667 0.54375 0.6645833333333333 0.5458333333333333 0.6604166666666667 0.5458333333333333 0.6333333333333333 0.5354166666666667 0.6208333333333333 0.525 0.6104166666666667
0 0.36041666666666666 0.7083333333333334 0.35208333333333336 0.7104166666666667 0.34375 0.71875 0.3375 0.7270833333333333 0.33541666666666664 0.7375 0.33541666666666664 0.7479166666666667 0.3375 0.75625 0.33958333333333335 0.7604166666666666 0.3541666666666667 0.775 0.37916666666666665 0.775 0.3958333333333333 0.7583333333333333 0.3958333333333333 0.7458333333333333 0.39375 0.7291666666666666 0.3875 0.7208333333333333 0.37916666666666665 0.7125 0.375 0.7104166666666667 0.36875 0.7083333333333334
0 0.35833333333333334 0.8166666666666667 0.35 0.8229166666666666 0.3416666666666667 0.8291666666666667 0.3375 0.8333333333333334 0.3333333333333333 0.8416666666666667 0.33125 0.8541666666666666 0.33125 0.8645833333333334 0.3333333333333333 0.86875 0.33958333333333335 0.8770833333333333 0.3458333333333333 0.8854166666666666 0.35625 0.8895833333333333 0.37083333333333335 0.8916666666666667 0.3770833333333333 0.8916666666666667 0.3854166666666667 0.8854166666666666 0.3958333333333333 0.875 0.40208333333333335 0.8625 0.40208333333333335 0.84375 0.36875 0.8145833333333333
0 0.27291666666666664 0.49166666666666664 0.25 0.5145833333333333 0.24791666666666667 0.5291666666666667 0.24791666666666667 0.54375 0.25 0.5479166666666667 0.25416666666666665 0.5541666666666667 0.25833333333333336 0.5604166666666667 0.26875 0.5645833333333333 0.28125 0.5666666666666667 0.28541666666666665 0.5666666666666667 0.2916666666666667 0.5625 0.30416666666666664 0.5520833333333334 0.3104166666666667 0.5458333333333333 0.3125 0.53125 0.3125 0.5145833333333333 0.30833333333333335 0.50625 0.3 0.4979166666666667 0.29375 0.49375 0.2833333333333333 0.49166666666666664
0 0.21458333333333332 0.3145833333333333 0.21041666666666667 0.31875 0.20416666666666666 0.32708333333333334 0.20208333333333334 0.33125 0.20208333333333334 0.35 0.20416666666666666 0.3541666666666667 0.20833333333333334 0.36041666666666666 0.21458333333333332 0.36875 0.23958333333333334 0.37083333333333335 0.24375 0.36875 0.2520833333333333 0.3625 0.25625 0.3541666666666667 0.25833333333333336 0.3416666666666667 0.25833333333333336 0.33541666666666664 0.25416666666666665 0.33125 0.24583333333333332 0.325 0.2375 0.31875 0.23125 0.3145833333333333
0 0.4395833333333333 0.22916666666666666 0.42916666666666664 0.23333333333333334 0.425 0.24166666666666667 0.42291666666666666 0.25416666666666665 0.42291666666666666 0.25833333333333336 0.4270833333333333 0.26666666666666666 0.43125 0.27291666666666664 0.44375 0.27708333333333335 0.45 0.27708333333333335 0.45416666666666666 0.275 0.46041666666666664 0.2708333333333333 0.46458333333333335 0.2625 0.4666666666666667 0.25416666666666665 0.4666666666666667 0.25 0.45208333333333334 0.22916666666666666 0.44583333333333336 0.22916666666666666
0 0.40625 0.06041666666666667 0.3958333333333333 0.0625 0.39166666666666666 0.06666666666666667 0.3854166666666667 0.07291666666666667 0.38333333333333336 0.07916666666666666 0.38333333333333336 0.08333333333333333 0.3854166666666667 0.09166666666666666 0.3875 0.09791666666666667 0.38958333333333334 0.10208333333333333 0.40208333333333335 0.11458333333333333 0.425 0.11458333333333333 0.42916666666666664 0.11041666666666666 0.4354166666666667 0.10208333333333333 0.4375 0.09791666666666667 0.4375 0.09375 0.4354166666666667 0.08125 0.43125 0.07083333333333333 0.425 0.06666666666666667 0.41875 0.0625 0.41458333333333336 0.06041666666666667
0 0 0 0 0.03125 0.00625 0.0375 0.016666666666666666 0.04583333333333333 0.029166666666666667 0.04791666666666667 0.041666666666666664 0.04791666666666667 0.04791666666666667 0.04583333333333333 0.052083333333333336 0.04375 0.05625 0.041666666666666664 0.058333333333333334 0.029166666666666667 0.058333333333333334 0.01875 0.05625 0.014583333333333334 0.05 0.00625 0.04583333333333333 0.0020833333333333333 0.041666666666666664 0
0 0.052083333333333336 0.5208333333333334 0.04583333333333333 0.5270833333333333 0.0375 0.5375 0.0375 0.5416666666666666 0.03958333333333333 0.5479166666666667 0.041666666666666664 0.5520833333333334 0.04583333333333333 0.5541666666666667 0.05 0.55625 0.05416666666666667 0.55625 0.0625 0.5541666666666667 0.07291666666666667 0.5416666666666666 0.07291666666666667 0.5333333333333333 0.07083333333333333 0.525 0.06666666666666667 0.5229166666666667 0.06041666666666667 0.5208333333333334
0 0 0.96875 0 0.9979166666666667 0.04375 0.9979166666666667 0.041666666666666664 0.99375 0.0375 0.9854166666666667 0.03125 0.9770833333333333 0.025 0.9708333333333333 0.020833333333333332 0.96875
0 0.010416666666666666 0.7354166666666667 0.00625 0.74375 0.008333333333333333 0.7604166666666666 0.014583333333333334 0.7625 0.020833333333333332 0.7625 0.025 0.7625 0.029166666666666667 0.7583333333333333 0.03125 0.7541666666666667 0.03125 0.7375 0.027083333333333334 0.7333333333333333