0 0.3541666666666667 0.8416666666666667 0.3416666666666667 0.8479166666666667 0.33541666666666664 0.8541666666666666 0.32916666666666666 0.8625 0.3229166666666667 0.875 0.3229166666666667 0.9 0.32708333333333334 0.90625 0.3333333333333333 0.9145833333333333 0.3375 0.91875 0.3458333333333333 0.9208333333333333 0.3625 0.9229166666666667 0.37083333333333335 0.9229166666666667 0.38333333333333336 0.9166666666666666 0.38958333333333334 0.9104166666666667 0.3958333333333333 0.9020833333333333 0.39791666666666664 0.89375 0.4 0.88125 0.4 0.875 0.3958333333333333 0.86875 0.38958333333333334 0.8604166666666667 0.38333333333333336 0.8520833333333333 0.3770833333333333 0.8458333333333333 0.36875 0.8416666666666667
0 0.7520833333333333 0.20208333333333334 0.7395833333333334 0.20416666666666666 0.73125 0.20625 0.7145833333333333 0.22291666666666668 0.7104166666666667 0.23125 0.7083333333333334 0.2375 0.7083333333333334 0.25833333333333336 0.7104166666666667 0.2625 0.7145833333333333 0.26875 0.7208333333333333 0.275 0.73125 0.2833333333333333 0.7354166666666667 0.2833333333333333 0.7416666666666667 0.2875 0.7604166666666666 0.2875 0.7791666666666667 0.27708333333333335 0.7854166666666667 0.275 0.7875 0.26875 0.79375 0.25833333333333336 0.7958333333333333 0.24583333333333332 0.7958333333333333 0.2375 0.79375 0.23333333333333334 0.7895833333333333 0.22708333333333333 0.7854166666666667 0.22083333333333333 0.78125 0.21666666666666667 0.7583333333333333 0.20208333333333334
0 0.9020833333333333 0.06666666666666667 0.8979166666666667 0.06875 0.8895833333333333 0.075 0.8854166666666666 0.08541666666666667 0.8833333333333333 0.09791666666666667 0.8833333333333333 0.10416666666666667 0.8854166666666666 0.10833333333333334 0.8916666666666667 0.11666666666666667 0.8958333333333334 0.12083333333333333 0.90625 0.12291666666666666 0.9166666666666666 0.12291666666666666 0.9291666666666667 0.11666666666666667 0.9354166666666667 0.11041666666666666 0.9375 0.10625 0.9375 0.08541666666666667 0.9229166666666667 0.07083333333333333 0.9166666666666666 0.06875 0.90625 0.06666666666666667
0 0.9520833333333333 0.19583333333333333 0.94375 0.19791666666666666 0.9375 0.2 0.9291666666666667 0.20625 0.925 0.21041666666666667 0.9229166666666667 0.21875 0.9208333333333333 0.23125 0.9208333333333333 0.2375 0.9229166666666667 0.24166666666666667 0.9291666666666667 0.25 0.9354166666666667 0.25833333333333336 0.9416666666666667 0.26666666666666666 0.95 0.2708333333333333 0.9583333333333334 0.27291666666666664 0.9625 0.27291666666666664 0.9979166666666667 0.2375 0.9958333333333333 0.21458333333333332 0.9895833333333334 0.21041666666666667 0.9833333333333333 0.20625 0.9770833333333333 0.20208333333333334 0.9729166666666667 0.2 0.9666666666666667 0.19791666666666666 0.9583333333333334 0.19583333333333333
0 0.8625 0.3333333333333333 0.85 0.33541666666666664 0.8395833333333333 0.33958333333333335 0.8333333333333334 0.34791666666666665 0.8270833333333333 0.35625 0.825 0.36041666666666666 0.825 0.38125 0.8416666666666667 0.39791666666666664 0.8541666666666666 0.39791666666666664 0.8666666666666667 0.3958333333333333 0.8833333333333333 0.37916666666666665 0.8854166666666666 0.36666666666666664 0.8854166666666666 0.3541666666666667 0.875 0.3416666666666667 0.8666666666666667 0.3333333333333333
0 0.7833333333333333 0.37916666666666665 0.7791666666666667 0.3875 0.7791666666666667 0.40625 0.7854166666666667 0.4125 0.80625 0.4125 0.8104166666666667 0.4083333333333333 0.8145833333333333 0.40208333333333335 0.8145833333333333 0.39375 0.8125 0.38333333333333336 0.80625 0.3770833333333333
0 0.6604166666666667 0.12291666666666666 0.6520833333333333 0.12916666666666668 0.6458333333333334 0.13541666666666666 0.64375 0.14166666666666666 0.6416666666666667 0.15416666666666667 0.6416666666666667 0.16041666666666668 0.6458333333333334 0.16666666666666666 0.65 0.17083333333333334 0.6583333333333333 0.17291666666666666 0.6645833333333333 0.17291666666666666 0.66875 0.17083333333333334 0.675 0.16666666666666666 0.68125 0.1625 0.6854166666666667 0.15208333333333332 0.6854166666666667 0.14166666666666666 0.6729166666666667 0.125 0.6645833333333333 0.12291666666666666
0 0.65625 0.041666666666666664 0.64375 0.04583333333333333 0.6354166666666666 0.06458333333333334 0.6354166666666666 0.07083333333333333 0.6354166666666666 0.07708333333333334 0.6375 0.08125 0.6416666666666667 0.08333333333333333 0.6458333333333334 0.08541666666666667 0.65 0.08541666666666667 0.65625 0.08958333333333333 0.6625 0.08958333333333333 0.6729166666666667 0.0875 0.68125 0.08333333333333333 0.6854166666666667 0.07708333333333334 0.6875 0.07291666666666667 0.6875 0.06458333333333334 0.6833333333333333 0.05416666666666667 0.6770833333333334 0.05 0.6708333333333333 0.04791666666666667 0.6666666666666666 0.04375 0.6625 0.041666666666666664
0 0.7354166666666667 0.3875 0.73125 0.39166666666666666 0.7208333333333333 0.4 0.71875 0.4083333333333333 0.71875 0.41458333333333336 0.7229166666666667 0.42083333333333334 0.725 0.4270833333333333 0.7291666666666666 0.42916666666666664 0.7375 0.43125 0.7416666666666667 0.43125 0.7458333333333333 0.43333333333333335 0.75625 0.425 0.7625 0.41875 0.7645833333333333 0.41458333333333336 0.7645833333333333 0.4083333333333333 0.7625 0.40208333333333335 0.7604166666666666 0.39791666666666664 0.7583333333333333 0.39375 0.7520833333333333 0.39166666666666666 0.74375 0.3875
0 0.7666666666666667 0.41875 0.7625 0.42083333333333334 0.7541666666666667 0.4270833333333333 0.7520833333333333 0.44375 0.7583333333333333 0.45 0.7666666666666667 0.45208333333333334 0.7708333333333334 0.45208333333333334 0.7770833333333333 0.4479166666666667 0.7833333333333333 0.44166666666666665 0.7833333333333333 0.4270833333333333 0.775 0.41875
0 0.9979166666666667 0.8625 0.9916666666666667 0.86875 0.9895833333333334 0.8729166666666667 0.9895833333333334 0.8916666666666667 0.9916666666666667 0.8979166666666667 0.99375 0.9020833333333333 0.9979166666666667 0.9041666666666667