0 0.0375 0.775 0.029166666666666667 0.7770833333333333 0.022916666666666665 0.7791666666666667 0.010416666666666666 0.7916666666666666 0.008333333333333333 0.8 0.008333333333333333 0.8083333333333333 0.010416666666666666 0.8166666666666667 0.0125 0.8208333333333333 0.016666666666666666 0.825 0.025 0.83125 0.03125 0.8354166666666667 0.05625 0.8333333333333334 0.0625 0.825 0.06875 0.8166666666666667 0.07083333333333333 0.8125 0.07083333333333333 0.7958333333333333 0.052083333333333336 0.7791666666666667 0.04791666666666667 0.7791666666666667 0.041666666666666664 0.775
0 0.025 0.9416666666666667 0.016666666666666666 0.94375 0.0125 0.9458333333333333 0.008333333333333333 0.95 0.004166666666666667 0.95625 0.0020833333333333333 0.9645833333333333 0 0.9708333333333333 0 0.9854166666666667 0.004166666666666667 0.99375 0.00625 0.9979166666666667 0.06666666666666667 0.9958333333333333 0.06875 0.9916666666666667 0.07083333333333333 0.9854166666666667 0.07083333333333333 0.9770833333333333 0.06875 0.96875 0.06666666666666667 0.9604166666666667 0.06458333333333334 0.95625 0.05625 0.9479166666666666 0.04791666666666667 0.94375 0.03958333333333333 0.9416666666666667
0 0 0.93125 0 0.9666666666666667 0 0.9625 0.0020833333333333333 0.95625 0.00625 0.9520833333333333 0.008333333333333333 0.9479166666666666 0.008333333333333333 0.94375 0.00625 0.9395833333333333 0.0020833333333333333 0.9354166666666667
0 0 0.27291666666666664 0 0.34375 0.004166666666666667 0.3416666666666667 0.008333333333333333 0.33958333333333335 0.0125 0.33958333333333335 0.020833333333333332 0.33541666666666664 0.025 0.33125 0.03125 0.3229166666666667 0.035416666666666666 0.31666666666666665 0.035416666666666666 0.3125 0.03333333333333333 0.3020833333333333 0.03125 0.2916666666666667 0.027083333333333334 0.2833333333333333 0.020833333333333332 0.2791666666666667 0.014583333333333334 0.275 0.010416666666666666 0.27291666666666664
0 0.11666666666666667 0.19791666666666666 0.10416666666666667 0.20416666666666666 0.1 0.20833333333333334 0.09375 0.21666666666666667 0.09166666666666666 0.22083333333333333 0.09166666666666666 0.24375 0.10208333333333333 0.25416666666666665 0.12916666666666668 0.25416666666666665 0.14166666666666666 0.24166666666666667 0.14166666666666666 0.21041666666666667 0.13333333333333333 0.20208333333333334 0.12916666666666668 0.2 0.12083333333333333 0.19791666666666666
0 0.014583333333333334 0 0.014583333333333334 0.010416666666666666 0.01875 0.016666666666666666 0.025 0.025 0.029166666666666667 0.029166666666666667 0.05625 0.029166666666666667 0.06041666666666667 0.027083333333333334 0.06666666666666667 0.022916666666666665 0.07083333333333333 0.01875 0.075 0.010416666666666666 0.075 0
0 0.2875 0.08333333333333333 0.2833333333333333 0.09166666666666666 0.2833333333333333 0.09791666666666667 0.28541666666666665 0.10416666666666667 0.28958333333333336 0.10625 0.29791666666666666 0.11041666666666666 0.3020833333333333 0.11041666666666666 0.30833333333333335 0.10833333333333334 0.3145833333333333 0.10208333333333333 0.3145833333333333 0.09583333333333334 0.3125 0.0875 0.30625 0.08125
0 0.93125 0.0020833333333333333 0.93125 0.010416666666666666 0.9333333333333333 0.014583333333333334 0.9458333333333333 0.01875 0.9520833333333333 0.01875 0.9583333333333334 0.0125 0.9645833333333333 0.004166666666666667 0.9645833333333333 0
0 0.42916666666666664 0.020833333333333332 0.41875 0.027083333333333334 0.4125 0.029166666666666667 0.41041666666666665 0.035416666666666666 0.4041666666666667 0.04583333333333333 0.4041666666666667 0.05 0.40625 0.05625 0.41458333333333336 0.06666666666666667 0.42083333333333334 0.07291666666666667 0.4270833333333333 0.07708333333333334 0.4375 0.07708333333333334 0.45208333333333334 0.07291666666666667 0.46041666666666664 0.05625 0.46041666666666664 0.0375 0.4479166666666667 0.020833333333333332
0 0.6416666666666667 0.5041666666666667 0.6270833333333333 0.5083333333333333 0.6208333333333333 0.5208333333333334 0.6208333333333333 0.525 0.6229166666666667 0.5333333333333333 0.625 0.5375 0.63125 0.5395833333333333 0.6416666666666667 0.5458333333333333 0.6458333333333334 0.5458333333333333 0.6541666666666667 0.54375 0.6666666666666666 0.5270833333333333 0.6666666666666666 0.5229166666666667 0.6645833333333333 0.5166666666666667 0.6541666666666667 0.5041666666666667
0 0.9708333333333333 0.53125 0.9645833333333333 0.5375 0.9645833333333333 0.5458333333333333 0.9666666666666667 0.55625 0.9708333333333333 0.5583333333333333 0.9791666666666666 0.5583333333333333 0.9854166666666667 0.5583333333333333 0.9958333333333333 0.5458333333333333 0.99375 0.53125 0.9833333333333333 0.5270833333333333
0 0 0.8854166666666666 0 0.925 0.025 0.925 0.035416666666666666 0.9145833333333333 0.035416666666666666 0.90625 0.03333333333333333 0.89375 0.025 0.8854166666666666