0 0.45625 0.39166666666666666 0.4479166666666667 0.39375 0.4395833333333333 0.39791666666666664 0.43333333333333335 0.40625 0.4270833333333333 0.41458333333333336 0.425 0.41875 0.425 0.4395833333333333 0.4270833333333333 0.4625 0.44375 0.4791666666666667 0.4479166666666667 0.4791666666666667 0.45625 0.47708333333333336 0.46458333333333335 0.475 0.4708333333333333 0.47291666666666665 0.475 0.4708333333333333 0.4791666666666667 0.4666666666666667 0.48541666666666666 0.45416666666666666 0.48541666666666666 0.43333333333333335 0.48333333333333334 0.4125 0.48125 0.4083333333333333 0.475 0.4 0.4708333333333333 0.3958333333333333 0.4625 0.39166666666666666
0 0.022916666666666665 0.14166666666666666 0.016666666666666666 0.14375 0.010416666666666666 0.14583333333333334 0.004166666666666667 0.14791666666666667 0 0.15 0 0.19375 0.004166666666666667 0.19375 0.0125 0.19583333333333333 0.014583333333333334 0.19791666666666666 0.020833333333333332 0.19791666666666666 0.027083333333333334 0.19791666666666666 0.05416666666666667 0.18125 0.05625 0.17291666666666666 0.05625 0.16666666666666666 0.058333333333333334 0.1625 0.03958333333333333 0.14375 0.03125 0.14166666666666666
0 0.07916666666666666 0.15625 0.07291666666666667 0.16041666666666668 0.06875 0.16041666666666668 0.06458333333333334 0.1625 0.06041666666666667 0.16458333333333333 0.06041666666666667 0.16875 0.058333333333333334 0.18125 0.05625 0.18333333333333332 0.05625 0.18958333333333333 0.06666666666666667 0.21041666666666667 0.07708333333333334 0.21458333333333332 0.08958333333333333 0.21666666666666667 0.09375 0.21666666666666667 0.10416666666666667 0.20833333333333334 0.11458333333333333 0.19791666666666666 0.11666666666666667 0.19166666666666668 0.11875 0.17916666666666667 0.11875 0.17291666666666666 0.11458333333333333 0.16666666666666666 0.10833333333333334 0.16041666666666668 0.1 0.15625
0 0.03333333333333333 0.3020833333333333 0.020833333333333332 0.30833333333333335 0.004166666666666667 0.325 0.0020833333333333333 0.33541666666666664 0.0020833333333333333 0.35208333333333336 0.004166666666666667 0.36041666666666666 0.025 0.38125 0.0375 0.38333333333333336 0.04791666666666667 0.38333333333333336 0.06041666666666667 0.3770833333333333 0.06875 0.36875 0.07291666666666667 0.3625 0.075 0.3541666666666667 0.07708333333333334 0.3416666666666667 0.07708333333333334 0.3333333333333333 0.06666666666666667 0.3125 0.0625 0.30833333333333335 0.05 0.3020833333333333
0 0.45208333333333334 0 0.45625 0 0.4625 0.0020833333333333333 0.4666666666666667 0
0 0.31666666666666665 0.48125 0.30416666666666664 0.48333333333333334 0.29375 0.4875 0.28958333333333336 0.49375 0.28541666666666665 0.5 0.2833333333333333 0.5041666666666667 0.2833333333333333 0.5083333333333333 0.28541666666666665 0.5208333333333334 0.2875 0.5270833333333333 0.29375 0.5333333333333333 0.3020833333333333 0.5395833333333333 0.3104166666666667 0.5395833333333333 0.32083333333333336 0.5375 0.33125 0.5291666666666667 0.33958333333333335 0.5208333333333334 0.33958333333333335 0.5125 0.3375 0.5 0.32916666666666666 0.4895833333333333 0.32083333333333336 0.48125
0 0.09375 0.68125 0.0875 0.68125 0.07916666666666666 0.6854166666666667 0.075 0.6916666666666667 0.07291666666666667 0.6958333333333333 0.07291666666666667 0.7104166666666667 0.07916666666666666 0.71875 0.0875 0.7270833333333333 0.10416666666666667 0.7270833333333333 0.11041666666666666 0.7208333333333333 0.11666666666666667 0.7125 0.11666666666666667 0.7020833333333333 0.1125 0.6875 0.10625 0.6833333333333333 0.1 0.68125
0 0.2916666666666667 0.675 0.2833333333333333 0.6833333333333333 0.27708333333333335 0.6916666666666667 0.27708333333333335 0.7125 0.2791666666666667 0.7166666666666667 0.2833333333333333 0.7229166666666667 0.2916666666666667 0.7270833333333333 0.3020833333333333 0.7291666666666666 0.30625 0.7291666666666666 0.3104166666666667 0.725 0.31666666666666665 0.7166666666666667 0.31875 0.7125 0.31875 0.6854166666666667 0.30833333333333335 0.675
0 0.37916666666666665 0.8395833333333333 0.3729166666666667 0.84375 0.36875 0.8479166666666667 0.36875 0.86875 0.37083333333333335 0.875 0.3729166666666667 0.88125 0.39375 0.8958333333333334 0.40625 0.8958333333333334 0.42083333333333334 0.8916666666666667 0.425 0.8833333333333333 0.425 0.8791666666666667 0.42291666666666666 0.8666666666666667 0.42083333333333334 0.85625 0.4166666666666667 0.8479166666666667 0.41041666666666665 0.84375 0.40208333333333335 0.8395833333333333
0 0.975 0.8145833333333333 0.9666666666666667 0.8208333333333333 0.9604166666666667 0.8270833333333333 0.9583333333333334 0.8375 0.9583333333333334 0.8458333333333333 0.9604166666666667 0.85 0.9666666666666667 0.8583333333333333 0.9708333333333333 0.8625 0.9770833333333333 0.8645833333333334 0.9875 0.8666666666666667 0.9916666666666667 0.8666666666666667 0.9979166666666667 0.8604166666666667 0.9979166666666667 0.825 0.9958333333333333 0.8208333333333333 0.9875 0.8166666666666667 0.9791666666666666 0.8145833333333333
0 0.014583333333333334 0.05625 0.00625 0.058333333333333334 0 0.06041666666666667 0 0.11666666666666667 0.004166666666666667 0.11666666666666667 0.016666666666666666 0.11875 0.01875 0.12083333333333333 0.022916666666666665 0.12083333333333333 0.029166666666666667 0.11666666666666667 0.041666666666666664 0.10625 0.04583333333333333 0.10208333333333333 0.04791666666666667 0.09166666666666666 0.04791666666666667 0.08125 0.03333333333333333 0.06041666666666667 0.027083333333333334 0.058333333333333334 0.01875 0.05625