0 0.6354166666666666 0.6458333333333334 0.6229166666666667 0.6479166666666667 0.6145833333333334 0.65 0.59375 0.6645833333333333 0.5916666666666667 0.6708333333333333 0.5895833333333333 0.6791666666666667 0.5895833333333333 0.6833333333333333 0.5916666666666667 0.6895833333333333 0.5958333333333333 0.6979166666666666 0.6020833333333333 0.70625 0.6083333333333333 0.7125 0.6208333333333333 0.71875 0.64375 0.71875 0.6479166666666667 0.7166666666666667 0.6520833333333333 0.7125 0.6583333333333333 0.7104166666666667 0.6645833333333333 0.70625 0.66875 0.6979166666666666 0.6708333333333333 0.6875 0.6729166666666667 0.6770833333333334 0.6729166666666667 0.6729166666666667 0.6708333333333333 0.66875 0.6645833333333333 0.6625 0.6604166666666667 0.65625 0.65 0.6479166666666667 0.64375 0.6458333333333334
0 0.2833333333333333 0.6458333333333334 0.26875 0.65625 0.2625 0.6625 0.2604166666666667 0.6666666666666666 0.25833333333333336 0.68125 0.25833333333333336 0.6979166666666666 0.26875 0.7125 0.27291666666666664 0.7166666666666667 0.28541666666666665 0.71875 0.29583333333333334 0.71875 0.30833333333333335 0.7125 0.31875 0.7020833333333333 0.325 0.69375 0.325 0.6625 0.31666666666666665 0.6541666666666667 0.30625 0.6458333333333334
0 0.7958333333333333 0.15208333333333332 0.78125 0.16666666666666666 0.78125 0.18333333333333332 0.7895833333333333 0.19375 0.7979166666666667 0.20208333333333334 0.8083333333333333 0.20208333333333334 0.81875 0.2 0.8333333333333334 0.18541666666666667 0.8354166666666667 0.17708333333333334 0.8354166666666667 0.16875 0.8291666666666667 0.16041666666666668 0.8229166666666666 0.15416666666666667 0.8083333333333333 0.15208333333333332
0 0.26666666666666666 0.06666666666666667 0.2625 0.07083333333333333 0.25416666666666665 0.07708333333333334 0.2520833333333333 0.07708333333333334 0.24791666666666667 0.09166666666666666 0.24791666666666667 0.10416666666666667 0.2520833333333333 0.11041666666666666 0.25625 0.11458333333333333 0.26666666666666666 0.11666666666666667 0.27291666666666664 0.11666666666666667 0.28125 0.11041666666666666 0.28958333333333336 0.10208333333333333 0.2916666666666667 0.09166666666666666 0.2916666666666667 0.08333333333333333 0.28958333333333336 0.07916666666666666 0.28541666666666665 0.075 0.2791666666666667 0.06875 0.2708333333333333 0.06666666666666667
0 0.85 0.76875 0.8375 0.775 0.825 0.7875 0.8229166666666666 0.79375 0.8208333333333333 0.8020833333333334 0.8208333333333333 0.8125 0.8229166666666666 0.81875 0.8375 0.8333333333333334 0.8416666666666667 0.8354166666666667 0.8479166666666667 0.8375 0.8541666666666666 0.8375 0.8645833333333334 0.8354166666666667 0.8708333333333333 0.8333333333333334 0.875 0.83125 0.88125 0.825 0.8895833333333333 0.8083333333333333 0.8895833333333333 0.8020833333333334 0.8875 0.79375 0.8854166666666666 0.7854166666666667 0.8791666666666667 0.7791666666666667 0.875 0.775 0.8666666666666667 0.7708333333333334 0.8583333333333333 0.76875
0 0.6916666666666667 0.8854166666666666 0.6875 0.8875 0.6791666666666667 0.89375 0.6729166666666667 0.8979166666666667 0.66875 0.9020833333333333 0.6645833333333333 0.9104166666666667 0.6645833333333333 0.9166666666666666 0.6666666666666666 0.9270833333333334 0.66875 0.9375 0.6708333333333333 0.94375 0.6875 0.9604166666666667 0.6958333333333333 0.9625 0.7083333333333334 0.9645833333333333 0.7145833333333333 0.9645833333333333 0.71875 0.9604166666666667 0.7291666666666666 0.9479166666666666 0.7333333333333333 0.9416666666666667 0.7333333333333333 0.9166666666666666 0.7270833333333333 0.9083333333333333 0.7166666666666667 0.8958333333333334 0.7104166666666667 0.8895833333333333 0.7041666666666667 0.8875 0.6958333333333333 0.8854166666666666
0 0.6020833333333333 0.9791666666666666 0.5958333333333333 0.9833333333333333 0.5916666666666667 0.9875 0.5916666666666667 0.9916666666666667 0.59375 0.9979166666666667 0.6104166666666667 0.9979166666666667 0.6270833333333333 0.9958333333333333 0.6270833333333333 0.9916666666666667 0.625 0.9854166666666667 0.6208333333333333 0.98125 0.6166666666666667 0.9791666666666666
0 0.575 0.79375 0.5604166666666667 0.7958333333333333 0.55 0.80625 0.5416666666666666 0.8166666666666667 0.5416666666666666 0.8375 0.55 0.8479166666666667 0.5604166666666667 0.8583333333333333 0.5729166666666666 0.8583333333333333 0.5854166666666667 0.85625 0.6041666666666666 0.8375 0.6041666666666666 0.825 0.6020833333333333 0.8083333333333333 0.59375 0.8 0.5854166666666667 0.79375
0 0.7229166666666667 0.5020833333333333 0.7145833333333333 0.50625 0.7104166666666667 0.5145833333333333 0.7083333333333334 0.5229166666666667 0.7083333333333334 0.5270833333333333 0.7104166666666667 0.53125 0.7166666666666667 0.5395833333333333 0.73125 0.54375 0.7416666666666667 0.54375 0.7458333333333333 0.5416666666666666 0.75 0.5291666666666667 0.75 0.51875 0.74375 0.5104166666666666 0.7395833333333334 0.50625 0.7354166666666667 0.5041666666666667 0.7270833333333333 0.5020833333333333
0 0.6791666666666667 0.9916666666666667 0.675 0.99375 0.66875 0.9979166666666667 0.7 0.9979166666666667 0.69375 0.9916666666666667
0 0.4708333333333333 0.9270833333333334 0.46041666666666664 0.9291666666666667 0.45416666666666666 0.93125 0.4479166666666667 0.9375 0.44166666666666665 0.9458333333333333 0.44166666666666665 0.9625 0.4583333333333333 0.9791666666666666 0.46458333333333335 0.9791666666666666 0.47291666666666665 0.9770833333333333 0.47708333333333336 0.975 0.48541666666666666 0.96875 0.49375 0.9625 0.49583333333333335 0.9520833333333333 0.49375 0.9416666666666667 0.4895833333333333 0.9375 0.48125 0.93125 0.475 0.9270833333333334
0 0.89375 0.89375 0.8854166666666666 0.9 0.88125 0.9041666666666667 0.8791666666666667 0.9125 0.8791666666666667 0.9208333333333333 0.8916666666666667 0.9333333333333333 0.9020833333333333 0.9354166666666667 0.9104166666666667 0.9354166666666667 0.91875 0.9291666666666667 0.925 0.9229166666666667 0.9270833333333334 0.9166666666666666 0.9270833333333334 0.9104166666666667 0.9208333333333333 0.9020833333333333 0.9125 0.89375
0 0.64375 0.6083333333333333 0.6395833333333333 0.6104166666666667 0.6333333333333333 0.6145833333333334 0.63125 0.6354166666666666 0.6395833333333333 0.64375 0.6458333333333334 0.64375 0.6541666666666667 0.64375 0.6625 0.6375 0.6666666666666666 0.6333333333333333 0.66875 0.625 0.66875 0.6166666666666667 0.6645833333333333 0.6125 0.6604166666666667 0.6104166666666667 0.6520833333333333 0.6083333333333333