0 0.008333333333333333 0.3541666666666667 0.004166666666666667 0.35833333333333334 0.004166666666666667 0.37083333333333335 0.010416666666666666 0.3854166666666667 0.020833333333333332 0.38958333333333334 0.035416666666666666 0.41041666666666665 0.04375 0.41041666666666665 0.05 0.40208333333333335 0.05 0.3770833333333333 0.04375 0.36041666666666666 0.029166666666666667 0.35208333333333336
0 0 0.03125 0 0.08541666666666667 0.008333333333333333 0.08541666666666667 0.025 0.07083333333333333 0.025 0.04791666666666667 0.020833333333333332 0.0375
0 0.45416666666666666 0.08125 0.44166666666666665 0.09166666666666666 0.4375 0.10416666666666667 0.4479166666666667 0.12083333333333333 0.46875 0.125 0.48125 0.11041666666666666 0.48125 0.09583333333333334 0.47291666666666665 0.08125
0 0.4666666666666667 0 0.4666666666666667 0.029166666666666667 0.4895833333333333 0.05 0.5020833333333333 0.05 0.5354166666666667 0.027083333333333334 0.5395833333333333 0
0 0.8375 0.01875 0.8145833333333333 0.01875 0.80625 0.029166666666666667 0.8083333333333333 0.04791666666666667 0.8208333333333333 0.0625 0.8354166666666667 0.058333333333333334 0.8479166666666667 0.04375 0.8479166666666667 0.03125
0 0.8104166666666667 0.48333333333333334 0.79375 0.4875 0.78125 0.5041666666666667 0.7833333333333333 0.5229166666666667 0.7895833333333333 0.53125 0.80625 0.5395833333333333 0.81875 0.5375 0.83125 0.525 0.83125 0.5041666666666667
0 0.8083333333333333 0.63125 0.7854166666666667 0.6375 0.775 0.65 0.7729166666666667 0.6708333333333333 0.7854166666666667 0.6854166666666667 0.8041666666666667 0.6875 0.8229166666666666 0.675 0.825 0.64375
0 0.75 0.5854166666666667 0.71875 0.5854166666666667 0.70625 0.5958333333333333 0.6979166666666666 0.6125 0.6979166666666666 0.625 0.7104166666666667 0.6416666666666667 0.7416666666666667 0.64375 0.7520833333333333 0.6354166666666666 0.7604166666666666 0.6145833333333334 0.7604166666666666 0.5979166666666667
0 0.8104166666666667 0.8895833333333333 0.7895833333333333 0.9041666666666667 0.7833333333333333 0.9208333333333333 0.7833333333333333 0.9375 0.8 0.9666666666666667 0.825 0.9708333333333333 0.85625 0.9541666666666667 0.8625 0.9375 0.8625 0.9104166666666667 0.8458333333333333 0.89375
0 0.6458333333333334 0.575 0.6229166666666667 0.575 0.6041666666666666 0.58125 0.5916666666666667 0.5979166666666667 0.5979166666666667 0.6229166666666667 0.6166666666666667 0.64375 0.6270833333333333 0.6479166666666667 0.6479166666666667 0.6395833333333333 0.6625 0.6145833333333334 0.6604166666666667 0.5916666666666667
0 0.5916666666666667 0.5208333333333334 0.58125 0.53125 0.58125 0.5479166666666667 0.6020833333333333 0.5645833333333333 0.6125 0.55625 0.61875 0.54375 0.61875 0.53125 0.6083333333333333 0.5208333333333334
0 0.3854166666666667 0.8229166666666666 0.37916666666666665 0.8333333333333334 0.38125 0.8645833333333334 0.40208333333333335 0.8666666666666667 0.4125 0.85625 0.4166666666666667 0.8333333333333334 0.40208333333333335 0.8229166666666666
0 0.14583333333333334 0.5958333333333333 0.13125 0.60625 0.12916666666666668 0.6208333333333333 0.13958333333333334 0.6416666666666667 0.15833333333333333 0.6458333333333334 0.17291666666666666 0.6333333333333333 0.175 0.6125 0.16458333333333333 0.5979166666666667
0 0.0375 0.53125 0.025 0.5458333333333333 0.025 0.5666666666666667 0.03125 0.5729166666666666 0.04791666666666667 0.575 0.06875 0.5604166666666667 0.06875 0.55 0.05625 0.5333333333333333
0 0.7333333333333333 0.9979166666666667 0.7583333333333333 0.9979166666666667 0.7479166666666667 0.9916666666666667 0.7354166666666667 0.99375
0 0.50625 0.7395833333333334 0.5 0.7416666666666667 0.49375 0.74375 0.4875 0.7458333333333333 0.48125 0.7479166666666667 0.475 0.75 0.46875 0.7520833333333333 0.46458333333333335 0.7541666666666667 0.45416666666666666 0.7645833333333333 0.44583333333333336 0.775 0.44583333333333336 0.7979166666666667 0.46041666666666664 0.8125 0.4666666666666667 0.8145833333333333 0.475 0.8166666666666667 0.50625 0.8166666666666667 0.5125 0.8125 0.5166666666666667 0.8125 0.525 0.8083333333333333 0.5333333333333333 0.8 0.5416666666666666 0.7895833333333333 0.5416666666666666 0.7645833333333333 0.5333333333333333 0.7479166666666667 0.5291666666666667 0.74375 0.5229166666666667 0.7395833333333334