0 0.041666666666666664 0.7583333333333333 0.01875 0.775 0.014583333333333334 0.8 0.022916666666666665 0.8125 0.04791666666666667 0.825 0.0625 0.825 0.07083333333333333 0.8166666666666667 0.07916666666666666 0.79375 0.07708333333333334 0.7708333333333334 0.05416666666666667 0.7583333333333333
0 0.12291666666666666 0.85 0.11666666666666667 0.8583333333333333 0.11875 0.8708333333333333 0.1375 0.8729166666666667 0.14166666666666666 0.86875 0.14166666666666666 0.8541666666666666 0.13541666666666666 0.8479166666666667
0 0.5229166666666667 0.8520833333333333 0.5083333333333333 0.85 0.48541666666666666 0.8666666666666667 0.4895833333333333 0.8895833333333333 0.5 0.9041666666666667 0.5145833333333333 0.9041666666666667 0.5333333333333333 0.8875 0.5354166666666667 0.875
0 0.6895833333333333 0.9395833333333333 0.6729166666666667 0.9625 0.6791666666666667 0.9854166666666667 0.7020833333333333 0.9958333333333333 0.7291666666666666 0.9916666666666667 0.7375 0.9791666666666666 0.7354166666666667 0.9583333333333334 0.7291666666666666 0.9479166666666666 0.7083333333333334 0.9375
0 0.9979166666666667 0.9354166666666667 0.9770833333333333 0.9520833333333333 0.98125 0.9791666666666666 0.9979166666666667 0.9916666666666667
0 0.9208333333333333 0.8645833333333334 0.90625 0.875 0.89375 0.89375 0.89375 0.9229166666666667 0.9083333333333333 0.9416666666666667 0.94375 0.95 0.95625 0.94375 0.96875 0.925 0.96875 0.89375 0.95625 0.875 0.9354166666666667 0.8645833333333334
0 0.9208333333333333 0.79375 0.9020833333333333 0.8041666666666667 0.89375 0.8208333333333333 0.89375 0.8375 0.9104166666666667 0.8583333333333333 0.9333333333333333 0.8625 0.9479166666666666 0.8520833333333333 0.95625 0.8375 0.95625 0.825 0.9395833333333333 0.7979166666666667
0 0.85625 0.8375 0.8458333333333333 0.85 0.8520833333333333 0.8770833333333333 0.8666666666666667 0.8875 0.8854166666666666 0.8854166666666666 0.8958333333333334 0.86875 0.89375 0.8541666666666666 0.8729166666666667 0.8354166666666667
0 0.7291666666666666 0.5958333333333333 0.7166666666666667 0.6145833333333334 0.7166666666666667 0.63125 0.73125 0.65 0.7520833333333333 0.6520833333333333 0.7625 0.64375 0.7708333333333334 0.6145833333333334 0.75 0.59375
0 0.9041666666666667 0.5854166666666667 0.8833333333333333 0.6104166666666667 0.8833333333333333 0.6395833333333333 0.9 0.6604166666666667 0.9229166666666667 0.6666666666666666 0.9479166666666666 0.6541666666666667 0.9541666666666667 0.6354166666666666 0.9541666666666667 0.6145833333333334 0.9479166666666666 0.6 0.9333333333333333 0.5895833333333333
0 0.975 0.6333333333333333 0.9666666666666667 0.64375 0.9645833333333333 0.6645833333333333 0.9770833333333333 0.675 0.9895833333333334 0.675 0.9979166666666667 0.6708333333333333 0.9958333333333333 0.6375
0 0.06875 0.5979166666666667 0.05625 0.6083333333333333 0.052083333333333336 0.6291666666666667 0.06458333333333334 0.6479166666666667 0.08333333333333333 0.65625 0.09166666666666666 0.6520833333333333 0.10625 0.6104166666666667 0.09166666666666666 0.5979166666666667
0 0.9541666666666667 0.4583333333333333 0.9395833333333333 0.46875 0.9270833333333334 0.4895833333333333 0.9270833333333334 0.4979166666666667 0.9458333333333333 0.51875 0.9666666666666667 0.5229166666666667 0.9875 0.5041666666666667 0.9895833333333334 0.4791666666666667 0.9770833333333333 0.4625
0 0.8979166666666667 0.12291666666666666 0.89375 0.125 0.8875 0.13125 0.88125 0.13541666666666666 0.8729166666666667 0.13333333333333333 0.85625 0.13541666666666666 0.8479166666666667 0.1375 0.8395833333333333 0.14583333333333334 0.8354166666666667 0.15416666666666667 0.8333333333333334 0.16041666666666668 0.8333333333333334 0.16458333333333333 0.8291666666666667 0.17083333333333334 0.8291666666666667 0.175 0.83125 0.18125 0.8333333333333334 0.1875 0.8354166666666667 0.19375 0.8375 0.19791666666666666 0.85 0.21041666666666667 0.8645833333333334 0.22291666666666668 0.86875 0.22291666666666668 0.88125 0.22083333333333333 0.89375 0.21875 0.9020833333333333 0.21458333333333332 0.9083333333333333 0.20625 0.9125 0.2 0.9125 0.19166666666666668 0.9020833333333333 0.16875 0.9020833333333333 0.1625 0.9145833333333333 0.1625 0.9229166666666667 0.15833333333333333 0.925 0.13541666666666666 0.9145833333333333 0.125 0.90625 0.12291666666666666
0 0.98125 0.3854166666666667 0.9708333333333333 0.39166666666666666 0.9666666666666667 0.4083333333333333 0.975 0.42291666666666666 0.9916666666666667 0.42916666666666664 0.9979166666666667 0.4270833333333333 0.9979166666666667 0.3854166666666667
0 0.9145833333333333 0.31666666666666665 0.9020833333333333 0.33541666666666664 0.9020833333333333 0.3541666666666667 0.9125 0.375 0.9270833333333334 0.3854166666666667 0.9520833333333333 0.3854166666666667 0.9666666666666667 0.3770833333333333 0.975 0.36666666666666664 0.9770833333333333 0.35 0.9625 0.325 0.9416666666666667 0.3125
0 0.9270833333333334 0.38958333333333334 0.9104166666666667 0.3875 0.89375 0.39375 0.8791666666666667 0.41458333333333336 0.8791666666666667 0.4375 0.8979166666666667 0.46041666666666664 0.9208333333333333 0.46041666666666664 0.9291666666666667 0.45625 0.95 0.43333333333333335 0.95 0.41458333333333336
0 0.7479166666666667 0.425 0.7354166666666667 0.4354166666666667 0.7333333333333333 0.45625 0.7479166666666667 0.4708333333333333 0.7604166666666666 0.47291666666666665 0.775 0.46458333333333335 0.78125 0.44166666666666665 0.7645833333333333 0.425
0 0.6854166666666667 0.46041666666666664 0.6729166666666667 0.47291666666666665 0.6708333333333333 0.49583333333333335 0.6791666666666667 0.50625 0.6979166666666666 0.5083333333333333 0.7083333333333334 0.4979166666666667 0.7125 0.4791666666666667 0.6958333333333333 0.46041666666666664