0 0.60625 0.2375 0.59375 0.24583333333333332 0.5916666666666667 0.2604166666666667 0.6020833333333333 0.27291666666666664 0.61875 0.275 0.625 0.26875 0.6270833333333333 0.25 0.61875 0.23958333333333334
0 0.022916666666666665 0.23541666666666666 0.0125 0.2375 0 0.24791666666666667 0 0.29375 0.0125 0.3 0.0375 0.2916666666666667 0.04791666666666667 0.27708333333333335 0.04375 0.24791666666666667
0 0.16875 0.16041666666666668 0.17291666666666666 0.16666666666666666 0.19166666666666668 0.16666666666666666 0.19375 0.15416666666666667 0.1875 0.14791666666666667 0.175 0.14791666666666667
0 0.075 0.34375 0.05625 0.36041666666666666 0.05416666666666667 0.3770833333333333 0.06666666666666667 0.4 0.0875 0.4041666666666667 0.1125 0.38958333333333334 0.11458333333333333 0.36875 0.10208333333333333 0.34791666666666665
0 0.25833333333333336 0.40208333333333335 0.24375 0.4166666666666667 0.24166666666666667 0.43125 0.25416666666666665 0.4479166666666667 0.2625 0.45208333333333334 0.275 0.45 0.28958333333333336 0.4354166666666667 0.28958333333333336 0.4166666666666667 0.2791666666666667 0.4041666666666667
0 0.08333333333333333 0.65 0.075 0.6583333333333333 0.075 0.6708333333333333 0.08333333333333333 0.6791666666666667 0.09583333333333334 0.68125 0.10416666666666667 0.6729166666666667 0.10416666666666667 0.6604166666666667 0.1 0.6541666666666667
0 0.16875 0.6916666666666667 0.15625 0.7041666666666667 0.15625 0.7208333333333333 0.16666666666666666 0.73125 0.18125 0.73125 0.1875 0.725 0.1875 0.70625 0.17916666666666667 0.6958333333333333
0 0.2875 0.56875 0.26458333333333334 0.5854166666666667 0.2625 0.5979166666666667 0.275 0.6229166666666667 0.28958333333333336 0.6333333333333333 0.30625 0.6354166666666666 0.32916666666666666 0.6166666666666667 0.33125 0.5916666666666667 0.31875 0.5708333333333333
0 0.5895833333333333 0.44583333333333336 0.5791666666666667 0.4583333333333333 0.5791666666666667 0.47708333333333336 0.5979166666666667 0.49583333333333335 0.6145833333333334 0.49583333333333335 0.6270833333333333 0.48125 0.625 0.46458333333333335 0.6083333333333333 0.44583333333333336
0 0.6625 0.40625 0.65 0.4125 0.6458333333333334 0.43125 0.6520833333333333 0.44375 0.6708333333333333 0.45 0.6791666666666667 0.44375 0.6854166666666667 0.42291666666666666 0.6770833333333334 0.4083333333333333
0 0.85625 0.5083333333333333 0.8333333333333334 0.5208333333333334 0.8270833333333333 0.5354166666666667 0.8270833333333333 0.5520833333333334 0.8333333333333334 0.56875 0.8395833333333333 0.5729166666666666 0.8666666666666667 0.5770833333333333 0.88125 0.5708333333333333 0.8895833333333333 0.5604166666666667 0.8895833333333333 0.5229166666666667 0.875 0.5104166666666666
0 0.9625 0.8104166666666667 0.95625 0.81875 0.9604166666666667 0.8333333333333334 0.98125 0.8375 0.9916666666666667 0.825 0.9895833333333334 0.8125 0.9833333333333333 0.8083333333333333
0 0.69375 0.12083333333333333 0.6833333333333333 0.11875 0.6625 0.12708333333333333 0.6583333333333333 0.15208333333333332 0.6666666666666666 0.1625 0.6895833333333333 0.16666666666666666 0.7041666666666667 0.15416666666666667 0.7041666666666667 0.13541666666666666
0 0.41041666666666665 0.825 0.39791666666666664 0.8229166666666666 0.38125 0.83125 0.36875 0.8458333333333333 0.36875 0.8583333333333333 0.3935416666666667 0.8752083333333334 0.41041666666666665 0.8666666666666667 0.42083333333333334 0.8541666666666666 0.4166666666666667 0.8333333333333334
0 0.25 0.84375 0.23541666666666666 0.8520833333333333 0.23333333333333334 0.875 0.24166666666666667 0.8854166666666666 0.2604166666666667 0.8895833333333333 0.27291666666666664 0.88125 0.275 0.86875 0.26875 0.8520833333333333 0.25833333333333336 0.84375
0 0.22083333333333333 0.8854166666666666 0.20208333333333334 0.9020833333333333 0.20208333333333334 0.9270833333333334 0.22708333333333333 0.9520833333333333 0.25 0.95 0.26458333333333334 0.9291666666666667 0.2625 0.9104166666666667 0.24166666666666667 0.8833333333333333
0 0.17083333333333334 0.9916666666666667 0.17083333333333334 0.9979166666666667 0.21458333333333332 0.9979166666666667 0.19791666666666666 0.9729166666666667 0.17916666666666667 0.9770833333333333
0 0 0.9395833333333333 0 0.9979166666666667 0.04583333333333333 0.9979166666666667 0.05416666666666667 0.9833333333333333 0.052083333333333336 0.9604166666666667 0.035416666666666666 0.9479166666666666 0.008333333333333333 0.9479166666666666