0 0.9708333333333333 0.7958333333333333 0.9645833333333333 0.8041666666666667 0.9625 0.8083333333333333 0.9625 0.81875 0.9645833333333333 0.8291666666666667 0.96875 0.8333333333333334 0.975 0.8375 0.9916666666666667 0.8354166666666667 0.9979166666666667 0.8333333333333334 0.9979166666666667 0.79375
0 0.9770833333333333 0.8375 0.9645833333333333 0.84375 0.9541666666666667 0.8541666666666666 0.9479166666666666 0.8625 0.9458333333333333 0.8770833333333333 0.9458333333333333 0.8916666666666667 0.9708333333333333 0.9208333333333333 0.9979166666666667 0.9208333333333333 0.9979166666666667 0.8375
0 0.22916666666666666 0.3458333333333333 0.21458333333333332 0.34791666666666665 0.20208333333333334 0.36041666666666666 0.2 0.3729166666666667 0.2 0.38333333333333336 0.20625 0.3958333333333333 0.21458333333333332 0.4 0.225 0.40208333333333335 0.22916666666666666 0.40208333333333335 0.23541666666666666 0.39791666666666664 0.24583333333333332 0.38958333333333334 0.25 0.3854166666666667 0.2520833333333333 0.3729166666666667 0.2520833333333333 0.3625 0.25 0.35833333333333334 0.24375 0.35 0.23958333333333334 0.3458333333333333
0 0.81875 0.29375 0.8145833333333333 0.29791666666666666 0.8083333333333333 0.30625 0.80625 0.3104166666666667 0.80625 0.32083333333333336 0.8083333333333333 0.33125 0.8229166666666666 0.3458333333333333 0.8395833333333333 0.3458333333333333 0.8458333333333333 0.3416666666666667 0.8541666666666666 0.33541666666666664 0.8583333333333333 0.33125 0.8625 0.3229166666666667 0.8625 0.3125 0.8583333333333333 0.3020833333333333 0.8520833333333333 0.29791666666666666 0.84375 0.29375
0 0.86875 0.13125 0.8645833333333334 0.13333333333333333 0.8604166666666667 0.1375 0.8520833333333333 0.14791666666666667 0.8520833333333333 0.15208333333333332 0.8625 0.17291666666666666 0.8708333333333333 0.17708333333333334 0.8770833333333333 0.17708333333333334 0.88125 0.17916666666666667 0.8875 0.175 0.89375 0.16875 0.8958333333333334 0.15833333333333333 0.8958333333333334 0.15 0.8916666666666667 0.14375 0.8854166666666666 0.13541666666666666 0.88125 0.13125
0 0.7770833333333333 0 0.7770833333333333 0.004166666666666667 0.78125 0.016666666666666666 0.7875 0.020833333333333332 0.79375 0.025 0.7979166666666667 0.027083333333333334 0.8104166666666667 0.027083333333333334 0.825 0.022916666666666665 0.8291666666666667 0.016666666666666666 0.8333333333333334 0.008333333333333333 0.8333333333333334 0.004166666666666667 0.83125 0
0 0 0.14166666666666666 0.0020833333333333333 0.18958333333333333 0.008333333333333333 0.18958333333333333 0.0125 0.1875 0.016666666666666666 0.18333333333333332 0.025 0.17291666666666666 0.027083333333333334 0.16666666666666666 0.027083333333333334 0.1625 0.01875 0.14583333333333334 0.00625 0.14166666666666666
0 0.8585416666666668 0.9987499999999999 0.8772916666666667 0.9987499999999999 0.86875 0.9958333333333333
0 0.9895833333333334 0.6270833333333333 0.9770833333333333 0.6395833333333333 0.975 0.64375 0.9729166666666667 0.6520833333333333 0.9729166666666667 0.6583333333333333 0.9729166666666667 0.6666666666666666 0.9770833333333333 0.6708333333333333 0.9833333333333333 0.6770833333333334 0.9895833333333334 0.6791666666666667 0.99375 0.6791666666666667 0.9979166666666667 0.68125 0.9979166666666667 0.6270833333333333
0 0.9541666666666667 0.6625 0.9416666666666667 0.6645833333333333 0.9291666666666667 0.6770833333333334 0.9270833333333334 0.6833333333333333 0.925 0.69375 0.925 0.6979166666666666 0.9270833333333334 0.7020833333333333 0.93125 0.7083333333333334 0.9354166666666667 0.7145833333333333 0.9458333333333333 0.71875 0.9583333333333334 0.7208333333333333 0.9625 0.7208333333333333 0.98125 0.7020833333333333 0.98125 0.6770833333333334 0.96875 0.6666666666666666 0.9625 0.6625
0 0.875 0.43125 0.8625 0.44166666666666665 0.8604166666666667 0.4479166666666667 0.8604166666666667 0.45416666666666666 0.8583333333333333 0.4583333333333333 0.8625 0.46458333333333335 0.86875 0.4708333333333333 0.8770833333333333 0.47291666666666665 0.88125 0.47291666666666665 0.8979166666666667 0.46458333333333335 0.9 0.45 0.8958333333333334 0.44166666666666665 0.8916666666666667 0.4354166666666667 0.88125 0.43125
0 0.9625 0.9666666666666667 0.9479166666666666 0.96875 0.9395833333333333 0.975 0.9333333333333333 0.98125 0.9291666666666667 0.9895833333333334 0.9291666666666667 0.9979166666666667 0.9895833333333334 0.9979166666666667 0.9895833333333334 0.9875 0.9875 0.9791666666666666 0.98125 0.9729166666666667 0.9729166666666667 0.9666666666666667
0 0.76875 0.9375 0.7645833333333333 0.9395833333333333 0.75625 0.9458333333333333 0.75 0.95 0.7416666666666667 0.95625 0.7375 0.96875 0.7375 0.9791666666666666 0.7395833333333334 0.9833333333333333 0.74375 0.9895833333333334 0.75 0.9979166666666667 0.7833333333333333 0.9979166666666667 0.7916666666666666 0.9916666666666667 0.8020833333333334 0.9833333333333333 0.80625 0.9791666666666666 0.80625 0.9541666666666667 0.8041666666666667 0.95 0.7979166666666667 0.9416666666666667 0.78125 0.9375