0 0.9895833333333334 0.0020833333333333333 0.9770833333333333 0.014583333333333334 0.975 0.01875 0.9729166666666667 0.027083333333333334 0.9729166666666667 0.03333333333333333 0.9729166666666667 0.041666666666666664 0.9770833333333333 0.04583333333333333 0.9833333333333333 0.052083333333333336 0.9895833333333334 0.05416666666666667 0.99375 0.05416666666666667 0.9979166666666667 0.05625 0.9979166666666667 0.0020833333333333333
0 0.25 0.9625 0.23958333333333334 0.9645833333333333 0.23333333333333334 0.9708333333333333 0.22291666666666668 0.9833333333333333 0.22083333333333333 0.99375 0.22083333333333333 0.9958333333333333 0.28541666666666665 0.9979166666666667 0.2875 0.9895833333333334 0.2875 0.9833333333333333 0.27708333333333335 0.975 0.27291666666666664 0.9708333333333333 0.26666666666666666 0.9666666666666667 0.25833333333333336 0.9625
0 0.6541666666666667 0.7541666666666667 0.6458333333333334 0.7604166666666666 0.6395833333333333 0.7666666666666667 0.6291666666666667 0.78125 0.6291666666666667 0.8 0.63125 0.80625 0.6354166666666666 0.8145833333333333 0.6458333333333334 0.825 0.6541666666666667 0.8270833333333333 0.66875 0.8291666666666667 0.675 0.8291666666666667 0.68125 0.825 0.6895833333333333 0.81875 0.6958333333333333 0.8125 0.7 0.8041666666666667 0.7 0.7833333333333333 0.6979166666666666 0.7791666666666667 0.6916666666666667 0.7708333333333334 0.6854166666666667 0.7625 0.68125 0.7583333333333333 0.6770833333333334 0.75625 0.66875 0.7541666666666667 0.6625 0.7541666666666667
0 0.6 0.6791666666666667 0.5916666666666667 0.6854166666666667 0.5854166666666667 0.6916666666666667 0.5854166666666667 0.7083333333333334 0.5895833333333333 0.7125 0.5979166666666667 0.71875 0.6125 0.71875 0.6166666666666667 0.7166666666666667 0.625 0.7104166666666667 0.6291666666666667 0.6979166666666666 0.6291666666666667 0.6895833333333333 0.61875 0.6791666666666667
0 0.8020833333333334 0.5895833333333333 0.79375 0.5958333333333333 0.7875 0.6020833333333333 0.7833333333333333 0.6104166666666667 0.78125 0.625 0.78125 0.6375 0.7833333333333333 0.6458333333333334 0.7854166666666667 0.65 0.8020833333333334 0.6666666666666666 0.80625 0.66875 0.8145833333333333 0.6708333333333333 0.8229166666666666 0.6708333333333333 0.83125 0.66875 0.8416666666666667 0.6604166666666667 0.8520833333333333 0.65 0.8520833333333333 0.6083333333333333 0.8479166666666667 0.6041666666666666 0.8375 0.5958333333333333 0.83125 0.5916666666666667 0.8166666666666667 0.5895833333333333
0 0.76875 0.3125 0.7645833333333333 0.3145833333333333 0.75625 0.32083333333333336 0.75 0.325 0.7416666666666667 0.33125 0.7375 0.34375 0.7375 0.3541666666666667 0.7395833333333334 0.35833333333333334 0.74375 0.3645833333333333 0.75 0.3729166666666667 0.7583333333333333 0.3770833333333333 0.7708333333333334 0.37916666666666665 0.775 0.37916666666666665 0.78125 0.375 0.7916666666666666 0.36666666666666664 0.8020833333333334 0.35833333333333334 0.80625 0.3541666666666667 0.80625 0.32916666666666666 0.8041666666666667 0.325 0.7979166666666667 0.31666666666666665 0.78125 0.3125
0 0.8645833333333334 0.3729166666666667 0.85625 0.3770833333333333 0.8520833333333333 0.3770833333333333 0.8375 0.3875 0.83125 0.39375 0.8291666666666667 0.39791666666666664 0.8291666666666667 0.40208333333333335 0.83125 0.41458333333333336 0.8354166666666667 0.42291666666666666 0.84375 0.42916666666666664 0.8479166666666667 0.43125 0.8729166666666667 0.43125 0.8791666666666667 0.425 0.8833333333333333 0.41875 0.8854166666666666 0.4041666666666667 0.8854166666666666 0.3875 0.8770833333333333 0.3770833333333333 0.8729166666666667 0.3729166666666667
0 0.9625 0.3416666666666667 0.9479166666666666 0.34375 0.9395833333333333 0.35 0.9333333333333333 0.35625 0.9291666666666667 0.3645833333333333 0.9291666666666667 0.3875 0.9333333333333333 0.39375 0.9375 0.39791666666666664 0.9458333333333333 0.4 0.9583333333333334 0.40208333333333335 0.9625 0.40208333333333335 0.9666666666666667 0.4 0.975 0.39375 0.98125 0.3875 0.9875 0.38125 0.9895833333333334 0.3729166666666667 0.9895833333333334 0.3625 0.9875 0.3541666666666667 0.98125 0.34791666666666665 0.9729166666666667 0.3416666666666667
0 0.9541666666666667 0.0375 0.9416666666666667 0.03958333333333333 0.9291666666666667 0.052083333333333336 0.9270833333333334 0.058333333333333334 0.925 0.06875 0.925 0.07291666666666667 0.9270833333333334 0.07708333333333334 0.93125 0.08333333333333333 0.9354166666666667 0.08958333333333333 0.9458333333333333 0.09375 0.9583333333333334 0.09583333333333334 0.9625 0.09583333333333334 0.98125 0.07708333333333334 0.98125 0.052083333333333336 0.96875 0.041666666666666664 0.9625 0.0375
0 0.9708333333333333 0.17083333333333334 0.9645833333333333 0.17916666666666667 0.9625 0.18333333333333332 0.9625 0.19375 0.9645833333333333 0.20416666666666666 0.96875 0.20833333333333334 0.975 0.2125 0.9916666666666667 0.21041666666666667 0.9979166666666667 0.20833333333333334 0.9979166666666667 0.16875
0 0.9770833333333333 0.2125 0.9645833333333333 0.21875 0.9541666666666667 0.22916666666666666 0.9479166666666666 0.2375 0.9458333333333333 0.2520833333333333 0.9458333333333333 0.26666666666666666 0.9708333333333333 0.29583333333333334 0.9979166666666667 0.29583333333333334 0.9979166666666667 0.2125