0 0.9395833333333333 0.9583333333333334 0.9270833333333334 0.9708333333333333 0.925 0.975 0.925 0.98125 0.9270833333333334 0.9895833333333334 0.93125 0.9979166666666667 0.9625 0.9979166666666667 0.9645833333333333 0.99375 0.9666666666666667 0.9895833333333334 0.9666666666666667 0.975 0.9604166666666667 0.9666666666666667 0.9520833333333333 0.9583333333333334
0 0.8229166666666666 0.9083333333333333 0.8145833333333333 0.9145833333333333 0.8104166666666667 0.93125 0.8104166666666667 0.94375 0.8166666666666667 0.95 0.8270833333333333 0.9583333333333334 0.8458333333333333 0.95625 0.8520833333333333 0.9479166666666666 0.8541666666666666 0.94375 0.8541666666666666 0.9166666666666666 0.8458333333333333 0.9083333333333333 0.8395833333333333 0.90625 0.8333333333333334 0.90625
0 0.8895833333333333 0.84375 0.88125 0.8458333333333333 0.8729166666666667 0.8541666666666666 0.8645833333333334 0.8645833333333334 0.8625 0.875 0.8625 0.8854166666666666 0.8645833333333334 0.8895833333333333 0.86875 0.8958333333333334 0.8729166666666667 0.9 0.8875 0.9104166666666667 0.90625 0.9104166666666667 0.9145833333333333 0.9041666666666667 0.9208333333333333 0.8979166666666667 0.9291666666666667 0.88125 0.9291666666666667 0.875 0.9270833333333334 0.86875 0.925 0.8645833333333334 0.9208333333333333 0.8583333333333333 0.9166666666666666 0.8541666666666666 0.9104166666666667 0.8479166666666667 0.9041666666666667 0.8458333333333333 0.8979166666666667 0.84375
0 0.12291666666666666 0.9083333333333333 0.11666666666666667 0.9125 0.11041666666666666 0.9166666666666666 0.10416666666666667 0.9208333333333333 0.1 0.9291666666666667 0.09791666666666667 0.9375 0.09583333333333334 0.9458333333333333 0.09583333333333334 0.95 0.1 0.9541666666666667 0.10625 0.9625 0.10625 0.9645833333333333 0.1125 0.9729166666666667 0.11666666666666667 0.9770833333333333 0.12083333333333333 0.9770833333333333 0.12916666666666668 0.9791666666666666 0.13125 0.98125 0.13541666666666666 0.98125 0.15208333333333332 0.9729166666666667 0.15625 0.96875 0.16666666666666666 0.9645833333333333 0.16875 0.9416666666666667 0.16458333333333333 0.9333333333333333 0.16041666666666668 0.9270833333333334 0.15625 0.9229166666666667 0.14791666666666667 0.9125 0.14166666666666666 0.9104166666666667 0.13541666666666666 0.9083333333333333 0.13125 0.9083333333333333
0 0.45 0.9 0.4395833333333333 0.9020833333333333 0.43333333333333335 0.90625 0.425 0.9125 0.4166666666666667 0.91875 0.4125 0.9229166666666667 0.41041666666666665 0.9270833333333334 0.4083333333333333 0.9354166666666667 0.40625 0.94375 0.40625 0.95 0.4083333333333333 0.9583333333333334 0.41041666666666665 0.9625 0.42083333333333334 0.9729166666666667 0.42916666666666664 0.9770833333333333 0.43333333333333335 0.9770833333333333 0.44166666666666665 0.975 0.4479166666666667 0.9729166666666667 0.45625 0.9708333333333333 0.46041666666666664 0.96875 0.475 0.9541666666666667 0.47708333333333336 0.95 0.4791666666666667 0.9416666666666667 0.4791666666666667 0.9291666666666667 0.47708333333333336 0.9166666666666666 0.46875 0.9083333333333333 0.4583333333333333 0.9
0 0.0625 0.5729166666666666 0.052083333333333336 0.575 0.04791666666666667 0.5791666666666667 0.04791666666666667 0.5875 0.04791666666666667 0.5916666666666667 0.05 0.5979166666666667 0.052083333333333336 0.6020833333333333 0.07083333333333333 0.6 0.075 0.59375 0.07708333333333334 0.5895833333333333 0.07708333333333334 0.5854166666666667 0.07291666666666667 0.575 0.06875 0.5729166666666666
0 0.3416666666666667 0.6395833333333333 0.3333333333333333 0.6416666666666667 0.32708333333333334 0.64375 0.32708333333333334 0.6479166666666667 0.325 0.6604166666666667 0.3229166666666667 0.6625 0.3229166666666667 0.6666666666666666 0.32708333333333334 0.6708333333333333 0.33541666666666664 0.6770833333333334 0.33958333333333335 0.6770833333333334 0.34791666666666665 0.675 0.35625 0.6708333333333333 0.35833333333333334 0.6666666666666666 0.35833333333333334 0.65625 0.35625 0.6479166666666667 0.35208333333333336 0.64375 0.3458333333333333 0.6395833333333333
0 0.4875 0.5729166666666666 0.48125 0.5770833333333333 0.47708333333333336 0.58125 0.475 0.5895833333333333 0.47291666666666665 0.6020833333333333 0.47291666666666665 0.6083333333333333 0.475 0.6125 0.48125 0.6208333333333333 0.48541666666666666 0.625 0.49166666666666664 0.6270833333333333 0.5020833333333333 0.6291666666666667 0.5104166666666666 0.63125 0.5166666666666667 0.63125 0.5333333333333333 0.6229166666666667 0.5375 0.6145833333333334 0.5395833333333333 0.6020833333333333 0.5395833333333333 0.5979166666666667 0.5104166666666666 0.5729166666666666
0 0.17916666666666667 0.26875 0.175 0.27291666666666664 0.16875 0.28125 0.16666666666666666 0.28541666666666665 0.16666666666666666 0.30625 0.17083333333333334 0.3145833333333333 0.18125 0.325 0.19166666666666668 0.3333333333333333 0.19583333333333333 0.3333333333333333 0.20625 0.33125 0.2125 0.32916666666666666 0.21666666666666667 0.325 0.22708333333333333 0.3125 0.23125 0.30625 0.23125 0.3020833333333333 0.22916666666666666 0.29375 0.22708333333333333 0.28541666666666665 0.225 0.28125 0.22083333333333333 0.27708333333333335 0.2125 0.2708333333333333 0.20833333333333334 0.26875
0 0.5083333333333333 0 0.5125 0.004166666666666667 0.51875 0.010416666666666666 0.525 0.0125 0.53125 0.014583333333333334 0.5395833333333333 0.014583333333333334 0.55625 0.0125 0.5666666666666667 0.008333333333333333 0.56875 0.004166666666666667 0.5708333333333333 0
0 0.9583333333333334 0.3729166666666667 0.9541666666666667 0.3770833333333333 0.95 0.38333333333333336 0.95 0.38958333333333334 0.9541666666666667 0.4 0.9604166666666667 0.4041666666666667 0.9729166666666667 0.4041666666666667 0.9791666666666666 0.39791666666666664 0.9791666666666666 0.37916666666666665 0.975 0.375 0.9708333333333333 0.3729166666666667
0 0.9979166666666667 0.25416666666666665 0.9916666666666667 0.2604166666666667 0.9895833333333334 0.26458333333333334 0.9875 0.27708333333333335 0.9875 0.30625 0.9916666666666667 0.30833333333333335 0.9979166666666667 0.30833333333333335
0 0.04791666666666667 0.07708333333333334 0.03958333333333333 0.07916666666666666 0.03333333333333333 0.08125 0.029166666666666667 0.08541666666666667 0.022916666666666665 0.09375 0.01875 0.1 0.01875 0.11875 0.022916666666666665 0.12708333333333333 0.027083333333333334 0.13125 0.035416666666666666 0.13541666666666666 0.05625 0.13541666666666666 0.0625 0.13333333333333333 0.07083333333333333 0.12916666666666668 0.075 0.125 0.07916666666666666 0.11875 0.07916666666666666 0.11458333333333333 0.07708333333333334 0.10208333333333333 0.07291666666666667 0.09166666666666666 0.06875 0.09166666666666666 0.058333333333333334 0.08333333333333333 0.052083333333333336 0.07708333333333334
0 0.075 0.035416666666666666 0.06875 0.03958333333333333 0.06041666666666667 0.04583333333333333 0.05625 0.05 0.05416666666666667 0.05625 0.052083333333333336 0.06875 0.052083333333333336 0.075 0.058333333333333334 0.08125 0.06875 0.08958333333333333 0.0875 0.08958333333333333 0.09166666666666666 0.0875 0.1 0.08125 0.10416666666666667 0.07708333333333334 0.10625 0.07083333333333333 0.10833333333333334 0.058333333333333334 0.10833333333333334 0.052083333333333336 0.10625 0.04791666666666667 0.10208333333333333 0.041666666666666664 0.09375 0.0375 0.08125 0.035416666666666666