0 0.8229166666666666 0.40625 0.8166666666666667 0.4083333333333333 0.8125 0.41041666666666665 0.8104166666666667 0.41458333333333336 0.8083333333333333 0.41875 0.80625 0.425 0.80625 0.42916666666666664 0.8083333333333333 0.4375 0.8166666666666667 0.44583333333333336 0.825 0.44583333333333336 0.8354166666666667 0.44375 0.8416666666666667 0.4395833333333333 0.8479166666666667 0.43333333333333335 0.85 0.42916666666666664 0.85 0.425 0.8375 0.4083333333333333 0.8291666666666667 0.40625
0 0.65 0.17708333333333334 0.6375 0.18958333333333333 0.6375 0.2125 0.6416666666666667 0.22083333333333333 0.65625 0.225 0.6645833333333333 0.225 0.68125 0.21666666666666667 0.6854166666666667 0.20416666666666666 0.6854166666666667 0.19375 0.6791666666666667 0.18541666666666667 0.6708333333333333 0.17708333333333334
0 0.8291666666666667 0.6083333333333333 0.8208333333333333 0.6145833333333334 0.8145833333333333 0.61875 0.8104166666666667 0.6229166666666667 0.8083333333333333 0.6270833333333333 0.8083333333333333 0.6541666666666667 0.8125 0.6604166666666667 0.81875 0.66875 0.825 0.6770833333333334 0.8291666666666667 0.68125 0.8395833333333333 0.6833333333333333 0.8458333333333333 0.6833333333333333 0.85 0.68125 0.85625 0.6770833333333334 0.8625 0.6729166666666667 0.8666666666666667 0.66875 0.8729166666666667 0.6625 0.875 0.65625 0.8770833333333333 0.6479166666666667 0.8770833333333333 0.6416666666666667 0.875 0.6333333333333333 0.8729166666666667 0.6270833333333333 0.8666666666666667 0.61875 0.8625 0.6145833333333334 0.8583333333333333 0.6125 0.8520833333333333 0.6125 0.8458333333333333 0.6104166666666667 0.84375 0.6083333333333333 0.8375 0.6083333333333333
0 0.9979166666666667 0.79375 0.99375 0.7979166666666667 0.9916666666666667 0.8041666666666667 0.9895833333333334 0.8145833333333333 0.9895833333333334 0.8208333333333333 0.9958333333333333 0.83125 0.9979166666666667 0.8354166666666667
0 0.2916666666666667 0.9833333333333333 0.28541666666666665 0.9854166666666667 0.27708333333333335 0.9895833333333334 0.2708333333333333 0.99375 0.26666666666666666 0.9979166666666667 0.32083333333333336 0.9979166666666667 0.31875 0.99375 0.3125 0.9875 0.30833333333333335 0.9854166666666667 0.3 0.9833333333333333
0 0 0.9104166666666667 0 0.9604166666666667 0.008333333333333333 0.9604166666666667 0.016666666666666666 0.95625 0.022916666666666665 0.9520833333333333 0.027083333333333334 0.9395833333333333 0.027083333333333334 0.93125 0.025 0.9270833333333334 0.01875 0.91875 0.014583333333333334 0.9145833333333333 0.010416666666666666 0.9125
0 0.13333333333333333 0.8625 0.12291666666666666 0.8729166666666667 0.11458333333333333 0.8833333333333333 0.11458333333333333 0.8875 0.11666666666666667 0.8958333333333334 0.11875 0.9041666666666667 0.12083333333333333 0.9104166666666667 0.125 0.9166666666666666 0.12916666666666668 0.9208333333333333 0.1375 0.925 0.14791666666666667 0.925 0.15625 0.9229166666666667 0.16666666666666666 0.9145833333333333 0.17708333333333334 0.9041666666666667 0.17708333333333334 0.89375 0.175 0.8791666666666667 0.15833333333333333 0.8625
0 0.18125 0.9041666666666667 0.17083333333333334 0.9125 0.1625 0.9208333333333333 0.15833333333333333 0.9291666666666667 0.15833333333333333 0.9604166666666667 0.1625 0.9666666666666667 0.16875 0.975 0.17291666666666666 0.9791666666666666 0.18125 0.98125 0.19583333333333333 0.9833333333333333 0.20208333333333334 0.9833333333333333 0.20833333333333334 0.9791666666666666 0.21875 0.9708333333333333 0.22291666666666668 0.9666666666666667 0.225 0.9479166666666666 0.225 0.9291666666666667 0.21458333333333332 0.9083333333333333 0.19583333333333333 0.9041666666666667
0 0.09375 0.37916666666666665 0.06458333333333334 0.4083333333333333 0.06458333333333334 0.4125 0.06666666666666667 0.425 0.06875 0.43125 0.075 0.4375 0.08333333333333333 0.44375 0.0875 0.44375 0.09583333333333334 0.44166666666666665 0.10416666666666667 0.4395833333333333 0.10833333333333334 0.4375 0.1125 0.43333333333333335 0.12083333333333333 0.42291666666666666 0.125 0.4166666666666667 0.12708333333333333 0.40625 0.12708333333333333 0.3958333333333333 0.11041666666666666 0.37916666666666665
0 0.10208333333333333 0.28541666666666665 0.09375 0.29375 0.0875 0.3020833333333333 0.0875 0.3104166666666667 0.08958333333333333 0.31875 0.09375 0.3229166666666667 0.1 0.32708333333333334 0.11875 0.32708333333333334 0.12916666666666668 0.31666666666666665 0.12916666666666668 0.29791666666666666 0.12291666666666666 0.28958333333333336 0.11875 0.28541666666666665
0 0.3458333333333333 0.7708333333333334 0.3375 0.7770833333333333 0.3333333333333333 0.78125 0.33125 0.7895833333333333 0.33125 0.7979166666666667 0.33541666666666664 0.80625 0.34375 0.8104166666666667 0.35 0.8104166666666667 0.3541666666666667 0.8125 0.3625 0.80625 0.36875 0.8 0.37083333333333335 0.7916666666666666 0.37083333333333335 0.7854166666666667 0.36875 0.78125 0.3645833333333333 0.775 0.3541666666666667 0.7708333333333334
0 0.5375 0.6770833333333334 0.5270833333333333 0.6791666666666667 0.51875 0.6875 0.5125 0.6958333333333333 0.5125 0.7145833333333333 0.51875 0.7229166666666667 0.5270833333333333 0.73125 0.5333333333333333 0.7333333333333333 0.5395833333333333 0.7333333333333333 0.5458333333333333 0.73125 0.5625 0.7125 0.5625 0.7083333333333334 0.5604166666666667 0.7 0.5583333333333333 0.6916666666666667 0.55625 0.6875 0.55 0.68125 0.54375 0.6770833333333334
0 0.7541666666666667 0.5520833333333334 0.74375 0.5604166666666667 0.7375 0.5666666666666667 0.7375 0.5854166666666667 0.7395833333333334 0.5895833333333333 0.74375 0.59375 0.7479166666666667 0.5958333333333333 0.75625 0.5979166666666667 0.7645833333333333 0.6 0.7708333333333334 0.6 0.7791666666666667 0.6 0.7875 0.59375 0.7916666666666666 0.5895833333333333 0.7916666666666666 0.56875 0.7854166666666667 0.5625 0.7770833333333333 0.55625 0.7708333333333334 0.5541666666666667 0.7583333333333333 0.5520833333333334