0 0.07083333333333333 0.05416666666666667 0.06666666666666667 0.05416666666666667 0.058333333333333334 0.0625 0.05625 0.06875 0.05 0.075 0.04583333333333333 0.08333333333333333 0.04583333333333333 0.0875 0.03958333333333333 0.09791666666666667 0.03958333333333333 0.11458333333333333 0.041666666666666664 0.11875 0.04583333333333333 0.12291666666666666 0.05 0.125 0.05625 0.12708333333333333 0.08333333333333333 0.12708333333333333 0.08958333333333333 0.12291666666666666 0.09583333333333334 0.12291666666666666 0.10416666666666667 0.11875 0.11041666666666666 0.1125 0.11458333333333333 0.10625 0.11875 0.09791666666666667 0.11875 0.08125 0.11458333333333333 0.07291666666666667 0.10208333333333333 0.06041666666666667 0.08958333333333333 0.05416666666666667 0.07708333333333334 0.05416666666666667
0 0.03958333333333333 0 0.0375 0.027083333333333334 0.0375 0.03125 0.05416666666666667 0.04375 0.058333333333333334 0.04375 0.06875 0.05 0.07708333333333334 0.052083333333333336 0.08958333333333333 0.052083333333333336 0.09375 0.05 0.09791666666666667 0.04583333333333333 0.10208333333333333 0.03958333333333333 0.10625 0.03333333333333333 0.1125 0.020833333333333332 0.1125 0.014583333333333334 0.11041666666666666 0.008333333333333333 0.10208333333333333 0
0 0 0 0 0.05 0.022916666666666665 0.05 0.027083333333333334 0.04375 0.035416666666666666 0.03333333333333333 0.0375 0.025 0.0375 0.010416666666666666 0.035416666666666666 0
0 0.03333333333333333 0.04375 0.025 0.04791666666666667 0.020833333333333332 0.05416666666666667 0.016666666666666666 0.06041666666666667 0.014583333333333334 0.07916666666666666 0.014583333333333334 0.08333333333333333 0.016666666666666666 0.09166666666666666 0.022916666666666665 0.09791666666666667 0.027083333333333334 0.1 0.03125 0.1 0.03958333333333333 0.09583333333333334 0.04375 0.0875 0.04375 0.08333333333333333 0.04791666666666667 0.075 0.05416666666666667 0.06875 0.05416666666666667 0.06041666666666667 0.05 0.05 0.04375 0.04375
0 0 0.05416666666666667 0 0.10416666666666667 0.004166666666666667 0.1 0.0125 0.09375 0.014583333333333334 0.08958333333333333 0.014583333333333334 0.08541666666666667 0.0125 0.07916666666666666 0.014583333333333334 0.0625 0.00625 0.05416666666666667
0 0.04583333333333333 0.13958333333333334 0.03958333333333333 0.14375 0.035416666666666666 0.14375 0.029166666666666667 0.14583333333333334 0.025 0.14791666666666667 0.020833333333333332 0.15 0.016666666666666666 0.15625 0.014583333333333334 0.1625 0.0125 0.16875 0.0125 0.18125 0.014583333333333334 0.18958333333333333 0.01875 0.19791666666666666 0.03333333333333333 0.2125 0.03958333333333333 0.21458333333333332 0.058333333333333334 0.21458333333333332 0.0625 0.2125 0.06875 0.20833333333333334 0.08541666666666667 0.19166666666666668 0.0875 0.1875 0.0875 0.17083333333333334 0.08125 0.15833333333333333 0.07708333333333334 0.15208333333333332 0.06875 0.14375 0.06458333333333334 0.14166666666666666 0.05625 0.13958333333333334
0 0.00625 0.10208333333333333 0 0.10833333333333334 0 0.16041666666666668 0.004166666666666667 0.1625 0.008333333333333333 0.16458333333333333 0.0125 0.16666666666666666 0.0125 0.1625 0.014583333333333334 0.15625 0.01875 0.15208333333333332 0.03125 0.14375 0.035416666666666666 0.14166666666666666 0.035416666666666666 0.12083333333333333 0.03333333333333333 0.11666666666666667 0.020833333333333332 0.10416666666666667 0.016666666666666666 0.10208333333333333 0.0125 0.10208333333333333
0 0 0.5708333333333333 0 0.64375 0.004166666666666667 0.6416666666666667 0.008333333333333333 0.6395833333333333 0.0125 0.6395833333333333 0.016666666666666666 0.6375 0.020833333333333332 0.6354166666666666 0.022916666666666665 0.63125 0.022916666666666665 0.6270833333333333 0.025 0.6208333333333333 0.027083333333333334 0.6125 0.029166666666666667 0.6104166666666667 0.03125 0.6041666666666666 0.03125 0.5979166666666667 0.029166666666666667 0.5895833333333333 0.027083333333333334 0.5833333333333334 0.022916666666666665 0.5791666666666667 0.014583333333333334 0.5729166666666666 0.010416666666666666 0.5708333333333333
0 0.06458333333333334 0.5416666666666666 0.06041666666666667 0.5416666666666666 0.05416666666666667 0.5458333333333333 0.05 0.5458333333333333 0.04375 0.5520833333333334 0.03958333333333333 0.55625 0.035416666666666666 0.5625 0.03333333333333333 0.5666666666666667 0.03333333333333333 0.5875 0.041666666666666664 0.5958333333333333 0.05 0.6 0.05416666666666667 0.6 0.06041666666666667 0.6041666666666666 0.06875 0.6041666666666666 0.075 0.6020833333333333 0.0875 0.5895833333333333 0.09583333333333334 0.5729166666666666 0.09583333333333334 0.5666666666666667 0.09375 0.5583333333333333 0.08541666666666667 0.55 0.08125 0.55 0.07708333333333334 0.5458333333333333 0.06875 0.5395833333333333
0 0.09583333333333334 0.49583333333333335 0.0875 0.4979166666666667 0.08125 0.5 0.07083333333333333 0.5104166666666666 0.07083333333333333 0.5395833333333333 0.075 0.54375 0.08125 0.5479166666666667 0.09166666666666666 0.5479166666666667 0.09791666666666667 0.54375 0.10208333333333333 0.54375 0.11666666666666667 0.5333333333333333 0.12083333333333333 0.5291666666666667 0.12291666666666666 0.525 0.12291666666666666 0.5125 0.12083333333333333 0.5083333333333333 0.11666666666666667 0.5041666666666667 0.1 0.49583333333333335
0 0.38125 0.41875 0.375 0.4270833333333333 0.3729166666666667 0.43125 0.3729166666666667 0.44583333333333336 0.38125 0.45416666666666666 0.39375 0.45416666666666666 0.4041666666666667 0.44375 0.4041666666666667 0.4270833333333333 0.4 0.42083333333333334 0.3958333333333333 0.4166666666666667
0 0.3458333333333333 0.30833333333333335 0.3375 0.3145833333333333 0.33125 0.32083333333333336 0.33125 0.32708333333333334 0.3333333333333333 0.3333333333333333 0.3375 0.33541666666666664 0.34375 0.3375 0.35 0.3375 0.3625 0.33541666666666664 0.36875 0.3333333333333333 0.37083333333333335 0.32916666666666666 0.37083333333333335 0.325 0.37083333333333335 0.31666666666666665 0.36666666666666664 0.3104166666666667
0 0.12083333333333333 0.5958333333333333 0.10416666666666667 0.6104166666666667 0.08958333333333333 0.625 0.0875 0.63125 0.08333333333333333 0.6354166666666666 0.07916666666666666 0.64375 0.07916666666666666 0.6583333333333333 0.08333333333333333 0.6645833333333333 0.08958333333333333 0.6729166666666667 0.09375 0.6770833333333334 0.10625 0.6833333333333333 0.13125 0.6833333333333333 0.1375 0.68125 0.14375 0.6791666666666667 0.14791666666666667 0.6770833333333334 0.16041666666666668 0.6645833333333333 0.1625 0.6583333333333333 0.16666666666666666 0.6541666666666667 0.16875 0.6479166666666667 0.17291666666666666 0.64375 0.17708333333333334 0.6354166666666666 0.17708333333333334 0.6166666666666667 0.175 0.6125 0.16875 0.6041666666666666 0.16458333333333333 0.5979166666666667
0 0.10833333333333334 0.12083333333333333 0.10208333333333333 0.12291666666666666 0.09375 0.13125 0.08958333333333333 0.13958333333333334 0.0875 0.14791666666666667 0.08541666666666667 0.15625 0.08541666666666667 0.16041666666666668 0.0875 0.16666666666666666 0.08958333333333333 0.16875 0.08958333333333333 0.18333333333333332 0.09375 0.19166666666666668 0.10416666666666667 0.20208333333333334 0.10833333333333334 0.20416666666666666 0.12083333333333333 0.20416666666666666 0.12916666666666668 0.20208333333333334 0.1375 0.19791666666666666 0.14375 0.19375 0.15 0.18958333333333333 0.15416666666666667 0.18541666666666667 0.15625 0.18125 0.15833333333333333 0.175 0.16041666666666668 0.16666666666666666 0.16041666666666668 0.16041666666666668 0.15833333333333333 0.15416666666666667 0.15416666666666667 0.14791666666666667 0.15416666666666667 0.14375 0.15208333333333332 0.13958333333333334 0.14375 0.13125 0.13541666666666666 0.12708333333333333 0.12916666666666668 0.125 0.125 0.125 0.11875 0.12083333333333333
0 0 0.19375 0 0.24791666666666667 0.0020833333333333333 0.24375 0.00625 0.23958333333333334 0.0125 0.22708333333333333 0.014583333333333334 0.22083333333333333 0.014583333333333334 0.20833333333333334 0.010416666666666666 0.2 0.00625 0.19583333333333333
0 0 0.26875 0 0.31666666666666665 0.0020833333333333333 0.3125 0.00625 0.30833333333333335 0.010416666666666666 0.3020833333333333 0.0125 0.29583333333333334 0.0125 0.2916666666666667 0.0125 0.28541666666666665 0.004166666666666667 0.27291666666666664
0 0 0.39375 0 0.4479166666666667 0.00625 0.44166666666666665 0.010416666666666666 0.4354166666666667 0.014583333333333334 0.42916666666666664 0.016666666666666666 0.425 0.01875 0.41875 0.01875 0.4125 0.016666666666666666 0.40625 0.014583333333333334 0.40208333333333335 0.010416666666666666 0.39791666666666664 0.004166666666666667 0.3958333333333333