0 0.23333333333333334 0.7958333333333333 0.22083333333333333 0.7979166666666667 0.20833333333333334 0.8083333333333333 0.2 0.8166666666666667 0.2 0.8229166666666666 0.20208333333333334 0.8375 0.20416666666666666 0.8458333333333333 0.20833333333333334 0.85 0.21875 0.8583333333333333 0.225 0.8625 0.22916666666666666 0.8625 0.23958333333333334 0.8604166666666667 0.24583333333333332 0.8583333333333333 0.25 0.8541666666666666 0.25625 0.8458333333333333 0.2604166666666667 0.8395833333333333 0.2604166666666667 0.83125 0.25833333333333336 0.8145833333333333 0.25625 0.80625 0.25 0.8 0.24375 0.7958333333333333
0 0.26458333333333334 0.7291666666666666 0.2604166666666667 0.7333333333333333 0.25416666666666665 0.7354166666666667 0.25 0.74375 0.24791666666666667 0.75625 0.24791666666666667 0.7625 0.25416666666666665 0.7708333333333334 0.2604166666666667 0.7770833333333333 0.27291666666666664 0.7791666666666667 0.28125 0.7791666666666667 0.28958333333333336 0.7729166666666667 0.29791666666666666 0.7645833333333333 0.3 0.75625 0.3 0.75 0.29791666666666666 0.7458333333333333 0.2916666666666667 0.7375 0.2875 0.7333333333333333 0.2833333333333333 0.73125 0.27708333333333335 0.7291666666666666 0.27291666666666664 0.7291666666666666
0 0.32083333333333336 0.5833333333333334 0.30833333333333335 0.5854166666666667 0.3 0.5895833333333333 0.29583333333333334 0.5958333333333333 0.2916666666666667 0.6041666666666666 0.2916666666666667 0.6083333333333333 0.29375 0.6166666666666667 0.29791666666666666 0.625 0.3145833333333333 0.6333333333333333 0.31875 0.6333333333333333 0.32916666666666666 0.63125 0.33541666666666664 0.6291666666666667 0.33958333333333335 0.625 0.3416666666666667 0.6208333333333333 0.3416666666666667 0.6145833333333334 0.33958333333333335 0.6020833333333333 0.3375 0.59375 0.33125 0.5875 0.325 0.5833333333333334
0 0.7208333333333333 0.41041666666666665 0.7145833333333333 0.4125 0.7104166666666667 0.41458333333333336 0.7 0.42291666666666666 0.6916666666666667 0.43125 0.6895833333333333 0.4354166666666667 0.6875 0.44375 0.6875 0.4479166666666667 0.6916666666666667 0.45625 0.6958333333333333 0.4625 0.7 0.4666666666666667 0.7083333333333334 0.4708333333333333 0.725 0.4708333333333333 0.73125 0.4666666666666667 0.7395833333333334 0.46041666666666664 0.7479166666666667 0.45416666666666666 0.7520833333333333 0.45 0.7541666666666667 0.44375 0.75625 0.43125 0.75625 0.4270833333333333 0.75 0.41875 0.74375 0.4125 0.7333333333333333 0.41041666666666665
0 0.74375 0.9104166666666667 0.7208333333333333 0.9333333333333333 0.7229166666666667 0.9583333333333334 0.7291666666666666 0.9625 0.7375 0.9625 0.7458333333333333 0.9604166666666667 0.7604166666666666 0.9458333333333333 0.7604166666666666 0.9270833333333334
0 0.9833333333333333 0.7333333333333333 0.9708333333333333 0.7354166666666667 0.9583333333333334 0.7479166666666667 0.9479166666666666 0.7604166666666666 0.9479166666666666 0.7916666666666666 0.9520833333333333 0.7958333333333333 0.9604166666666667 0.8020833333333334 0.9666666666666667 0.80625 0.9979166666666667 0.80625 0.9979166666666667 0.7354166666666667 0.99375 0.7333333333333333
0 0 0.5291666666666667 0 0.58125 0.004166666666666667 0.58125 0.008333333333333333 0.5791666666666667 0.0125 0.575 0.016666666666666666 0.56875 0.01875 0.5645833333333333 0.020833333333333332 0.5583333333333333 0.022916666666666665 0.55 0.022916666666666665 0.5458333333333333 0.020833333333333332 0.5416666666666666 0.016666666666666666 0.5375 0.010416666666666666 0.5333333333333333 0.004166666666666667 0.53125
0 0.16041666666666668 0.61875 0.15625 0.6208333333333333 0.15 0.625 0.14583333333333334 0.6333333333333333 0.14375 0.6458333333333334 0.14375 0.6520833333333333 0.14583333333333334 0.65625 0.15208333333333332 0.6645833333333333 0.17916666666666667 0.6666666666666666 0.19583333333333333 0.65 0.19583333333333333 0.6416666666666667 0.19375 0.6333333333333333 0.1875 0.625 0.18333333333333332 0.6208333333333333 0.17083333333333334 0.61875
0 0.07916666666666666 0.5875 0.06875 0.59375 0.06458333333333334 0.59375 0.06041666666666667 0.5958333333333333 0.05625 0.5979166666666667 0.05416666666666667 0.6020833333333333 0.05416666666666667 0.60625 0.052083333333333336 0.6125 0.05 0.6145833333333334 0.05 0.61875 0.058333333333333334 0.6333333333333333 0.058333333333333334 0.6375 0.06458333333333334 0.65 0.06666666666666667 0.6541666666666667 0.07083333333333333 0.6541666666666667 0.07916666666666666 0.65625 0.08125 0.6583333333333333 0.08958333333333333 0.6604166666666667 0.09375 0.6604166666666667 0.1 0.6583333333333333 0.10416666666666667 0.65625 0.11666666666666667 0.64375 0.11875 0.6354166666666666 0.12083333333333333 0.6229166666666667 0.12083333333333333 0.6145833333333334 0.1125 0.5979166666666667 0.10833333333333334 0.59375 0.1 0.5895833333333333 0.08958333333333333 0.5875
0 0.175 0.42291666666666666 0.17083333333333334 0.425 0.16458333333333333 0.42916666666666664 0.16041666666666668 0.4375 0.15833333333333333 0.45 0.15833333333333333 0.45625 0.16041666666666668 0.46041666666666664 0.1625 0.46458333333333335 0.16666666666666666 0.4666666666666667 0.17291666666666666 0.46875 0.17708333333333334 0.46875 0.18333333333333332 0.46875 0.19375 0.46458333333333335 0.19791666666666666 0.45625 0.2 0.4479166666666667 0.2 0.44166666666666665 0.1875 0.425 0.17916666666666667 0.42291666666666666
0 0.90625 0 0.9104166666666667 0.0020833333333333333 0.9229166666666667 0.008333333333333333 0.9354166666666667 0.008333333333333333 0.94375 0.004166666666666667 0.9479166666666666 0
0 0.14583333333333334 0.47708333333333336 0.13958333333333334 0.4791666666666667 0.13333333333333333 0.48333333333333334 0.12916666666666668 0.48333333333333334 0.12291666666666666 0.48541666666666666 0.11666666666666667 0.49166666666666664 0.11041666666666666 0.4979166666666667 0.10833333333333334 0.5020833333333333 0.10833333333333334 0.5125 0.1125 0.5270833333333333 0.1375 0.5395833333333333 0.14791666666666667 0.5395833333333333 0.15833333333333333 0.5375 0.16875 0.5291666666666667 0.17916666666666667 0.51875 0.17916666666666667 0.4979166666666667 0.16041666666666668 0.48125 0.15625 0.48125 0.15 0.47708333333333336