0 0.7333333333333333 0.7416666666666667 0.7208333333333333 0.74375 0.7083333333333334 0.7458333333333333 0.6979166666666666 0.75 0.6958333333333333 0.75625 0.6916666666666667 0.7604166666666666 0.6875 0.7666666666666667 0.6833333333333333 0.775 0.6833333333333333 0.7875 0.6875 0.7958333333333333 0.6916666666666667 0.8 0.69375 0.80625 0.6979166666666666 0.8104166666666667 0.7208333333333333 0.8208333333333333 0.7270833333333333 0.8208333333333333 0.73125 0.8208333333333333 0.7375 0.81875 0.74375 0.8166666666666667 0.75 0.8145833333333333 0.7666666666666667 0.7895833333333333 0.7666666666666667 0.78125 0.7645833333333333 0.76875 0.7625 0.7604166666666666 0.75625 0.7520833333333333 0.75 0.7458333333333333 0.7458333333333333 0.74375 0.7395833333333334 0.7416666666666667
0 0.90625 0.6958333333333333 0.8916666666666667 0.70625 0.8875 0.7104166666666667 0.88125 0.71875 0.8770833333333333 0.725 0.875 0.7291666666666666 0.875 0.7333333333333333 0.8770833333333333 0.74375 0.8791666666666667 0.75 0.8916666666666667 0.7625 0.9 0.7666666666666667 0.9041666666666667 0.7666666666666667 0.9145833333333333 0.7729166666666667 0.91875 0.7729166666666667 0.925 0.7708333333333334 0.93125 0.76875 0.9375 0.7645833333333333 0.9416666666666667 0.7645833333333333 0.9458333333333333 0.7625 0.9479166666666666 0.75625 0.95625 0.7416666666666667 0.95625 0.725 0.95 0.7125 0.9458333333333333 0.7083333333333334 0.9395833333333333 0.7041666666666667 0.9333333333333333 0.7020833333333333 0.9291666666666667 0.6979166666666666 0.925 0.6958333333333333
0 0.9416666666666667 0.7666666666666667 0.9375 0.7666666666666667 0.93125 0.7708333333333334 0.9270833333333334 0.7708333333333334 0.9208333333333333 0.7729166666666667 0.9145833333333333 0.775 0.9104166666666667 0.7770833333333333 0.90625 0.78125 0.9041666666666667 0.7854166666666667 0.9020833333333333 0.7916666666666666 0.9 0.8020833333333334 0.9 0.8083333333333333 0.9020833333333333 0.8145833333333333 0.90625 0.8229166666666666 0.9104166666666667 0.8291666666666667 0.9166666666666666 0.8375 0.9208333333333333 0.8416666666666667 0.925 0.84375 0.93125 0.8458333333333333 0.9395833333333333 0.8479166666666667 0.94375 0.8479166666666667 0.95 0.8479166666666667 0.9604166666666667 0.84375 0.9645833333333333 0.8395833333333333 0.9791666666666666 0.8291666666666667 0.98125 0.8208333333333333 0.9833333333333333 0.8125 0.9833333333333333 0.80625 0.9833333333333333 0.8 0.98125 0.79375 0.9770833333333333 0.7875 0.9729166666666667 0.7833333333333333 0.9708333333333333 0.7770833333333333 0.9666666666666667 0.7708333333333334 0.9583333333333334 0.7666666666666667 0.9479166666666666 0.7666666666666667
0 0.96875 0 0.9708333333333333 0.004166666666666667 0.9770833333333333 0.016666666666666666 0.9875 0.027083333333333334 0.99375 0.029166666666666667 0.9979166666666667 0.029166666666666667 0.9979166666666667 0
0 0.14583333333333334 0.39375 0.125 0.4083333333333333 0.12291666666666666 0.4166666666666667 0.12291666666666666 0.42083333333333334 0.12708333333333333 0.42916666666666664 0.13125 0.43333333333333335 0.13333333333333333 0.4395833333333333 0.14166666666666666 0.44375 0.15 0.44583333333333336 0.15416666666666667 0.44583333333333336 0.15833333333333333 0.44375 0.16458333333333333 0.4395833333333333 0.17083333333333334 0.4354166666666667 0.175 0.42083333333333334 0.175 0.41041666666666665 0.1625 0.39791666666666664 0.15833333333333333 0.3958333333333333 0.15 0.39375
0 0.675 0.9458333333333333 0.66875 0.95 0.6604166666666667 0.95625 0.6541666666666667 0.9625 0.65 0.9708333333333333 0.6479166666666667 0.9833333333333333 0.6479166666666667 0.99375 0.6520833333333333 0.9979166666666667 0.71875 0.9979166666666667 0.7208333333333333 0.99375 0.7208333333333333 0.975 0.71875 0.9708333333333333 0.7125 0.9625 0.70625 0.95625 0.6916666666666667 0.9458333333333333
0 0.44375 0.7229166666666667 0.4354166666666667 0.725 0.43333333333333335 0.7291666666666666 0.42916666666666664 0.7375 0.42916666666666664 0.74375 0.43333333333333335 0.7520833333333333 0.4395833333333333 0.75625 0.4479166666666667 0.75625 0.46041666666666664 0.7520833333333333 0.46458333333333335 0.74375 0.46458333333333335 0.7395833333333334 0.4625 0.7354166666666667 0.45625 0.7291666666666666 0.4479166666666667 0.7229166666666667
0 0.9875 0.7416666666666667 0.98125 0.7458333333333333 0.975 0.7520833333333333 0.96875 0.7583333333333333 0.96875 0.7645833333333333 0.96875 0.7729166666666667 0.9729166666666667 0.7791666666666667 0.98125 0.7895833333333333 0.9875 0.7958333333333333 0.99375 0.7979166666666667 0.9979166666666667 0.7979166666666667 0.9979166666666667 0.7416666666666667
0 0.61875 0.7791666666666667 0.6145833333333334 0.78125 0.6083333333333333 0.7875 0.6020833333333333 0.7916666666666666 0.5895833333333333 0.8104166666666667 0.5895833333333333 0.8375 0.5979166666666667 0.8479166666666667 0.60625 0.85625 0.61875 0.8625 0.6354166666666666 0.8625 0.64375 0.85625 0.6520833333333333 0.8479166666666667 0.65625 0.8395833333333333 0.65625 0.81875 0.6541666666666667 0.7979166666666667 0.6479166666666667 0.7895833333333333 0.6416666666666667 0.7833333333333333 0.6354166666666666 0.78125 0.6229166666666667 0.7791666666666667
0 0.7895833333333333 0.8166666666666667 0.7854166666666667 0.8208333333333333 0.7770833333333333 0.83125 0.775 0.8375 0.775 0.8416666666666667 0.7770833333333333 0.8479166666666667 0.7791666666666667 0.8520833333333333 0.7833333333333333 0.85625 0.7895833333333333 0.8604166666666667 0.7979166666666667 0.8625 0.8041666666666667 0.8625 0.8083333333333333 0.8604166666666667 0.8125 0.85625 0.81875 0.8541666666666666 0.825 0.85 0.8270833333333333 0.8333333333333334 0.8145833333333333 0.8208333333333333 0.80625 0.8166666666666667
0 0.9020833333333333 0.8520833333333333 0.8979166666666667 0.8541666666666666 0.8895833333333333 0.8604166666666667 0.88125 0.8666666666666667 0.8770833333333333 0.875 0.875 0.8854166666666666 0.8729166666666667 0.8958333333333334 0.8729166666666667 0.9 0.8770833333333333 0.9083333333333333 0.88125 0.9145833333333333 0.8854166666666666 0.91875 0.89375 0.9291666666666667 0.9 0.9291666666666667 0.90625 0.93125 0.9145833333333333 0.93125 0.9208333333333333 0.9270833333333334 0.9270833333333334 0.9229166666666667 0.93125 0.91875 0.9395833333333333 0.9083333333333333 0.9416666666666667 0.9020833333333333 0.9416666666666667 0.8770833333333333 0.9395833333333333 0.86875 0.9375 0.8645833333333334 0.9291666666666667 0.85625 0.9208333333333333 0.8541666666666666 0.9083333333333333 0.8520833333333333
0 0.9083333333333333 0.9479166666666666 0.9020833333333333 0.9520833333333333 0.89375 0.9583333333333334 0.8895833333333333 0.9708333333333333 0.8875 0.9875 0.8895833333333333 0.9979166666666667 0.93125 0.9979166666666667 0.9354166666666667 0.9916666666666667 0.9354166666666667 0.9708333333333333 0.93125 0.9625 0.9270833333333334 0.9583333333333334 0.925 0.9520833333333333 0.9145833333333333 0.9479166666666666
0 0.73125 0.6708333333333333 0.7270833333333333 0.6729166666666667 0.71875 0.6791666666666667 0.7104166666666667 0.6854166666666667 0.70625 0.69375 0.7041666666666667 0.7020833333333333 0.7020833333333333 0.7104166666666667 0.7020833333333333 0.7145833333333333 0.70625 0.7229166666666667 0.7104166666666667 0.7270833333333333 0.7125 0.7333333333333333 0.7208333333333333 0.7375 0.73125 0.7395833333333334 0.7395833333333334 0.7395833333333334 0.74375 0.7416666666666667 0.75625 0.73125 0.7666666666666667 0.7208333333333333 0.76875 0.70625 0.76875 0.69375 0.7666666666666667 0.6895833333333333 0.7625 0.6833333333333333 0.7583333333333333 0.6770833333333334 0.75 0.6729166666666667 0.7375 0.6708333333333333
0 0.8395833333333333 0.7166666666666667 0.8354166666666667 0.71875 0.8270833333333333 0.725 0.825 0.74375 0.8291666666666667 0.75 0.8333333333333334 0.7541666666666667 0.8416666666666667 0.75625 0.8585416666666668 0.753125 0.8672916666666667 0.7439583333333334 0.8635416666666667 0.7277083333333334 0.8520833333333333 0.71875 0.84375 0.7166666666666667
0 0.999625 0.16445833333333332 0.9937708333333333 0.15808333333333333 0.9905833333333334 0.15062499999999998 0.9905833333333334 0.14210416666666664 0.9927083333333333 0.134125 0.9991041666666667 0.1288125 1 0.12922916666666667 1 0.16422916666666668