0 0.37916666666666665 0.29791666666666666 0.3625 0.3145833333333333 0.34791666666666665 0.33125 0.34791666666666665 0.35 0.35 0.3541666666666667 0.35625 0.3625 0.3625 0.37083333333333335 0.36666666666666664 0.375 0.38333333333333336 0.38333333333333336 0.3958333333333333 0.38333333333333336 0.4125 0.375 0.4166666666666667 0.37083333333333335 0.43125 0.3645833333333333 0.4375 0.35833333333333334 0.4395833333333333 0.3541666666666667 0.4395833333333333 0.34375 0.4354166666666667 0.3375 0.42916666666666664 0.32916666666666666 0.42291666666666666 0.32083333333333336 0.4166666666666667 0.3125 0.41041666666666665 0.30625 0.39375 0.29791666666666666
0 0 0.96875 0 0.9979166666666667 0.008333333333333333 0.9958333333333333 0.010416666666666666 0.9895833333333334 0.008333333333333333 0.9729166666666667 0.004166666666666667 0.9708333333333333
0 0.575 0 0.5770833333333333 0.004166666666666667 0.5770833333333333 0.008333333333333333 0.5791666666666667 0.0125 0.58125 0.016666666666666666 0.5854166666666667 0.01875 0.5916666666666667 0.020833333333333332 0.5979166666666667 0.020833333333333332 0.6041666666666666 0.01875 0.6145833333333334 0.008333333333333333 0.6145833333333334 0
0 0.8395833333333333 0.875 0.8333333333333334 0.8770833333333333 0.8291666666666667 0.8791666666666667 0.8125 0.8958333333333334 0.8104166666666667 0.9041666666666667 0.8083333333333333 0.9166666666666666 0.80625 0.9291666666666667 0.80625 0.9375 0.8104166666666667 0.9458333333333333 0.8270833333333333 0.9625 0.8416666666666667 0.9645833333333333 0.85625 0.9645833333333333 0.86875 0.9583333333333334 0.8895833333333333 0.9375 0.8916666666666667 0.9270833333333334 0.8916666666666667 0.9166666666666666 0.8895833333333333 0.9104166666666667 0.8854166666666666 0.9041666666666667 0.8854166666666666 0.9 0.8833333333333333 0.8958333333333334 0.86875 0.88125 0.8625 0.8791666666666667 0.8541666666666666 0.8770833333333333 0.8458333333333333 0.875
0 0.6020833333333333 0.06041666666666667 0.59375 0.06458333333333334 0.5895833333333333 0.075 0.5895833333333333 0.08333333333333333 0.59375 0.0875 0.6041666666666666 0.08958333333333333 0.6125 0.08958333333333333 0.6208333333333333 0.08541666666666667 0.6229166666666667 0.06666666666666667 0.6166666666666667 0.06041666666666667
0 0.9 0.13125 0.8958333333333334 0.13333333333333333 0.8854166666666666 0.14166666666666666 0.8791666666666667 0.14791666666666667 0.875 0.15416666666666667 0.86875 0.1625 0.8666666666666667 0.16666666666666666 0.8645833333333334 0.175 0.8645833333333334 0.18125 0.8666666666666667 0.18541666666666667 0.8729166666666667 0.19375 0.8770833333333333 0.19791666666666666 0.8854166666666666 0.19791666666666666 0.89375 0.19583333333333333 0.8979166666666667 0.19375 0.90625 0.1875 0.9145833333333333 0.18125 0.91875 0.17708333333333334 0.91875 0.14791666666666667 0.9104166666666667 0.13958333333333334
0 0.81875 0.21666666666666667 0.8104166666666667 0.21875 0.80625 0.22083333333333333 0.7979166666666667 0.22708333333333333 0.7916666666666666 0.23333333333333334 0.7770833333333333 0.25625 0.7770833333333333 0.26666666666666666 0.7791666666666667 0.27708333333333335 0.7895833333333333 0.2875 0.8020833333333334 0.29791666666666666 0.8145833333333333 0.3 0.825 0.3 0.8333333333333334 0.29791666666666666 0.8395833333333333 0.29583333333333334 0.8479166666666667 0.29375 0.8645833333333334 0.26875 0.8645833333333334 0.26458333333333334 0.8625 0.2520833333333333 0.8604166666666667 0.24375 0.85 0.23125 0.8416666666666667 0.22291666666666668 0.8375 0.22083333333333333 0.83125 0.21875 0.825 0.21666666666666667
0 0.7541666666666667 0.2875 0.7375 0.30416666666666664 0.7354166666666667 0.3145833333333333 0.7354166666666667 0.3229166666666667 0.74375 0.33125 0.7541666666666667 0.33958333333333335 0.775 0.33958333333333335 0.7833333333333333 0.33125 0.7895833333333333 0.3229166666666667 0.7895833333333333 0.3125 0.7875 0.3 0.78125 0.29375 0.775 0.28958333333333336 0.7645833333333333 0.2875
0 0.25 0.03125 0.23958333333333334 0.03333333333333333 0.23333333333333334 0.03958333333333333 0.22916666666666666 0.04583333333333333 0.22916666666666666 0.05625 0.23125 0.06875 0.23541666666666666 0.07291666666666667 0.24166666666666667 0.07708333333333334 0.25833333333333336 0.07708333333333334 0.26666666666666666 0.07083333333333333 0.275 0.0625 0.27708333333333335 0.05625 0.27708333333333335 0.05 0.25833333333333336 0.03125
0 0.08333333333333333 0.35625 0.07708333333333334 0.36041666666666666 0.07291666666666667 0.3645833333333333 0.06875 0.3729166666666667 0.06875 0.3770833333333333 0.06666666666666667 0.38125 0.075 0.39166666666666666 0.08333333333333333 0.4 0.09791666666666667 0.4 0.10625 0.39166666666666666 0.1125 0.38333333333333336 0.1125 0.36875 0.10625 0.3625 0.1 0.35833333333333334 0.09166666666666666 0.35625
0 0 0.6875 0 0.7604166666666666 0.0125 0.7625 0.022916666666666665 0.7625 0.035416666666666666 0.75625 0.05 0.7416666666666667 0.052083333333333336 0.7354166666666667 0.05416666666666667 0.7229166666666667 0.05416666666666667 0.7166666666666667 0.052083333333333336 0.7125 0.04583333333333333 0.70625 0.041666666666666664 0.7 0.022916666666666665 0.6875