0 0.5666666666666667 0.6770833333333334 0.5625 0.6791666666666667 0.55625 0.6854166666666667 0.55 0.6895833333333333 0.5395833333333333 0.7041666666666667 0.5395833333333333 0.7208333333333333 0.5458333333333333 0.7333333333333333 0.55 0.7375 0.5708333333333333 0.7541666666666667 0.5854166666666667 0.7541666666666667 0.6041666666666666 0.7354166666666667 0.60625 0.725 0.6083333333333333 0.7041666666666667 0.6083333333333333 0.6958333333333333 0.60625 0.6916666666666667 0.6020833333333333 0.6854166666666667 0.5979166666666667 0.68125 0.5895833333333333 0.6770833333333334
0 0.46458333333333335 0.6791666666666667 0.4583333333333333 0.6833333333333333 0.4479166666666667 0.6916666666666667 0.44166666666666665 0.6979166666666666 0.4375 0.70625 0.4375 0.7145833333333333 0.4395833333333333 0.7208333333333333 0.4479166666666667 0.73125 0.45625 0.7395833333333334 0.49166666666666664 0.7395833333333334 0.4979166666666667 0.7333333333333333 0.5041666666666667 0.725 0.5041666666666667 0.69375 0.4895833333333333 0.6791666666666667
0 0.3958333333333333 0.5958333333333333 0.3875 0.6020833333333333 0.38125 0.6083333333333333 0.3770833333333333 0.6166666666666667 0.37916666666666665 0.6375 0.3854166666666667 0.6416666666666667 0.39166666666666666 0.6458333333333334 0.39791666666666664 0.65 0.40208333333333335 0.6520833333333333 0.41875 0.6520833333333333 0.42291666666666666 0.6479166666666667 0.43125 0.6375 0.4354166666666667 0.63125 0.4354166666666667 0.6125 0.43125 0.6083333333333333 0.42083333333333334 0.6 0.41458333333333336 0.5958333333333333
0 0.5166666666666667 0.42291666666666666 0.5041666666666667 0.42916666666666664 0.5 0.4395833333333333 0.4979166666666667 0.45416666666666666 0.4979166666666667 0.46041666666666664 0.5020833333333333 0.4666666666666667 0.50625 0.4708333333333333 0.5104166666666666 0.47291666666666665 0.51875 0.475 0.5270833333333333 0.47708333333333336 0.53125 0.47708333333333336 0.5395833333333333 0.475 0.54375 0.47291666666666665 0.55 0.46875 0.55625 0.4625 0.5583333333333333 0.45208333333333334 0.5583333333333333 0.44166666666666665 0.5520833333333334 0.43333333333333335 0.5458333333333333 0.4270833333333333 0.5375 0.425 0.5229166666666667 0.42291666666666666
0 0.53125 0.30833333333333335 0.5125 0.32083333333333336 0.50625 0.32708333333333334 0.5020833333333333 0.3333333333333333 0.5 0.3375 0.5041666666666667 0.34375 0.54375 0.3729166666666667 0.5625 0.3729166666666667 0.575 0.36666666666666664 0.5791666666666667 0.3625 0.5833333333333334 0.3541666666666667 0.5854166666666667 0.3416666666666667 0.5854166666666667 0.33125 0.5833333333333334 0.32708333333333334 0.5791666666666667 0.3229166666666667 0.5770833333333333 0.31666666666666665 0.5729166666666666 0.3104166666666667
0 0.45625 0.3104166666666667 0.4395833333333333 0.31875 0.4270833333333333 0.32916666666666666 0.4166666666666667 0.33958333333333335 0.41458333333333336 0.3458333333333333 0.4125 0.35625 0.4125 0.3625 0.41875 0.375 0.4270833333333333 0.3854166666666667 0.4354166666666667 0.39375 0.44166666666666665 0.3958333333333333 0.45416666666666666 0.39791666666666664 0.46458333333333335 0.4 0.46875 0.4 0.475 0.3958333333333333 0.4875 0.3854166666666667 0.49166666666666664 0.38125 0.49583333333333335 0.3729166666666667 0.49583333333333335 0.36875 0.4979166666666667 0.3625 0.5020833333333333 0.35625 0.5020833333333333 0.35208333333333336 0.5020833333333333 0.3458333333333333 0.4979166666666667 0.3375 0.5 0.3333333333333333 0.49166666666666664 0.325 0.48125 0.31666666666666665 0.47708333333333336 0.3145833333333333 0.46875 0.3125 0.46041666666666664 0.3104166666666667
0 0.30416666666666664 0.14375 0.2916666666666667 0.15416666666666667 0.28125 0.16458333333333333 0.28125 0.1875 0.28958333333333336 0.19791666666666666 0.29791666666666666 0.20625 0.3020833333333333 0.20833333333333334 0.30833333333333335 0.21041666666666667 0.31666666666666665 0.2125 0.32083333333333336 0.2125 0.325 0.21458333333333332 0.33541666666666664 0.20416666666666666 0.34375 0.19375 0.3458333333333333 0.17708333333333334 0.3458333333333333 0.1625 0.33958333333333335 0.15416666666666667 0.33125 0.14583333333333334 0.31666666666666665 0.14375
0 0.09583333333333334 0.9166666666666666 0.0875 0.9208333333333333 0.08333333333333333 0.925 0.07083333333333333 0.9375 0.06875 0.94375 0.06875 0.9479166666666666 0.075 0.9604166666666667 0.08125 0.9666666666666667 0.08958333333333333 0.9729166666666667 0.1 0.975 0.10625 0.975 0.11041666666666666 0.9729166666666667 0.11666666666666667 0.96875 0.12083333333333333 0.9645833333333333 0.13125 0.95 0.13125 0.9291666666666667 0.12083333333333333 0.91875 0.10833333333333334 0.9166666666666666
0 0 0.8 0 0.8604166666666667 0.008333333333333333 0.8604166666666667 0.016666666666666666 0.8541666666666666 0.025 0.8458333333333333 0.027083333333333334 0.8395833333333333 0.029166666666666667 0.8270833333333333 0.029166666666666667 0.8229166666666666 0.025 0.8145833333333333 0.020833333333333332 0.8104166666666667 0.01875 0.8041666666666667 0.004166666666666667 0.8
0 0.7041666666666667 0.6354166666666666 0.6854166666666667 0.6541666666666667 0.6854166666666667 0.6833333333333333 0.6979166666666666 0.6958333333333333 0.7020833333333333 0.6979166666666666 0.7104166666666667 0.7 0.7208333333333333 0.7 0.7291666666666666 0.6979166666666666 0.7333333333333333 0.6958333333333333 0.7395833333333334 0.6895833333333333 0.7479166666666667 0.6791666666666667 0.7479166666666667 0.675 0.7458333333333333 0.6666666666666666 0.74375 0.6625 0.7333333333333333 0.65 0.7229166666666667 0.6395833333333333 0.7166666666666667 0.6375 0.7083333333333334 0.6354166666666666
0 0.6979166666666666 0 0.7033333333333334 0.004375 0.7116666666666667 0.005416666666666667 0.719375 0.0060416666666666665 0.7247916666666666 0.004791666666666666 0.7291666666666666 0
0 0.70625 0.5520833333333334 0.6958333333333333 0.5604166666666667 0.6875 0.56875 0.6854166666666667 0.5770833333333333 0.6833333333333333 0.59375 0.6833333333333333 0.6 0.69375 0.6208333333333333 0.7020833333333333 0.625 0.7125 0.6270833333333333 0.7166666666666667 0.6270833333333333 0.725 0.6229166666666667 0.73125 0.61875 0.7354166666666667 0.6145833333333334 0.7395833333333334 0.60625 0.7416666666666667 0.5895833333333333 0.7416666666666667 0.575 0.7333333333333333 0.5583333333333333 0.7291666666666666 0.5541666666666667 0.725 0.5520833333333334