0 0.8583333333333333 0 0.8645833333333334 0.00625 0.8854166666666666 0.004166666666666667 0.8875 0
0 0.9875 0.74375 0.9729166666666667 0.7458333333333333 0.95625 0.7541666666666667 0.9375 0.7729166666666667 0.9354166666666667 0.7875 0.9354166666666667 0.8020833333333334 0.9416666666666667 0.8145833333333333 0.9458333333333333 0.81875 0.9520833333333333 0.8229166666666666 0.9604166666666667 0.8291666666666667 0.9645833333333333 0.83125 0.9979166666666667 0.83125 0.9979166666666667 0.74375
0 0.14583333333333334 0.6208333333333333 0.13125 0.63125 0.125 0.6375 0.12083333333333333 0.64375 0.11875 0.6479166666666667 0.11875 0.6791666666666667 0.12083333333333333 0.7125 0.12708333333333333 0.7208333333333333 0.13333333333333333 0.7270833333333333 0.1375 0.7291666666666666 0.14166666666666666 0.7291666666666666 0.14791666666666667 0.7333333333333333 0.15208333333333332 0.7333333333333333 0.16041666666666668 0.73125 0.16666666666666666 0.7291666666666666 0.17291666666666666 0.7270833333333333 0.18125 0.725 0.18541666666666667 0.7229166666666667 0.2 0.7083333333333334 0.21041666666666667 0.6875 0.21041666666666667 0.6666666666666666 0.20416666666666666 0.6541666666666667 0.19166666666666668 0.6395833333333333 0.17916666666666667 0.6270833333333333 0.16666666666666666 0.6208333333333333
0 0.2375 0.5875 0.22708333333333333 0.5916666666666667 0.22291666666666668 0.6020833333333333 0.22291666666666668 0.6104166666666667 0.225 0.6145833333333334 0.22916666666666666 0.6208333333333333 0.23958333333333334 0.625 0.24791666666666667 0.625 0.25625 0.6208333333333333 0.2604166666666667 0.6125 0.2625 0.6041666666666666 0.2625 0.6 0.25833333333333336 0.59375 0.25416666666666665 0.5895833333333333 0.25 0.5875 0.24375 0.5875
0 0.3020833333333333 0.5520833333333334 0.29375 0.5541666666666667 0.28541666666666665 0.5583333333333333 0.2791666666666667 0.5666666666666667 0.275 0.5729166666666666 0.26875 0.58125 0.26666666666666666 0.5854166666666667 0.26666666666666666 0.5916666666666667 0.26875 0.5979166666666667 0.275 0.6041666666666666 0.28958333333333336 0.6104166666666667 0.29583333333333334 0.6104166666666667 0.3020833333333333 0.6083333333333333 0.30833333333333335 0.6020833333333333 0.3145833333333333 0.5958333333333333 0.31875 0.5895833333333333 0.32083333333333336 0.5854166666666667 0.32083333333333336 0.5645833333333333 0.3145833333333333 0.5583333333333333 0.30625 0.5520833333333334
0 0.41041666666666665 0.33958333333333335 0.40625 0.3416666666666667 0.4 0.3458333333333333 0.3958333333333333 0.35833333333333334 0.39375 0.375 0.39375 0.38333333333333336 0.3958333333333333 0.3875 0.4 0.39166666666666666 0.40208333333333335 0.39791666666666664 0.40625 0.4041666666666667 0.41458333333333336 0.4083333333333333 0.42291666666666666 0.41041666666666665 0.43125 0.4125 0.4375 0.4125 0.44375 0.41041666666666665 0.45208333333333334 0.4083333333333333 0.4583333333333333 0.40625 0.4666666666666667 0.39791666666666664 0.4666666666666667 0.37916666666666665 0.4625 0.3729166666666667 0.45625 0.3645833333333333 0.45 0.35625 0.44375 0.35 0.42291666666666666 0.33958333333333335
0 0.84375 0.5125 0.8375 0.5166666666666667 0.8270833333333333 0.525 0.8166666666666667 0.5333333333333333 0.8125 0.5375 0.80625 0.55 0.8041666666666667 0.5708333333333333 0.8041666666666667 0.5895833333333333 0.80625 0.5958333333333333 0.8083333333333333 0.6020833333333333 0.8104166666666667 0.60625 0.8166666666666667 0.6145833333333334 0.825 0.6229166666666667 0.8291666666666667 0.625 0.8333333333333334 0.625 0.8395833333333333 0.6291666666666667 0.8458333333333333 0.63125 0.8666666666666667 0.63125 0.8791666666666667 0.625 0.8833333333333333 0.6208333333333333 0.8895833333333333 0.61875 0.8979166666666667 0.6104166666666667 0.9020833333333333 0.6041666666666666 0.9041666666666667 0.6 0.90625 0.59375 0.9083333333333333 0.5875 0.9083333333333333 0.5583333333333333 0.8979166666666667 0.5375 0.89375 0.5333333333333333 0.8833333333333333 0.525 0.8729166666666667 0.5166666666666667 0.8666666666666667 0.5125
0 0.8145833333333333 0.7020833333333333 0.8083333333333333 0.7083333333333334 0.8020833333333334 0.7166666666666667 0.8020833333333334 0.7354166666666667 0.8041666666666667 0.7395833333333334 0.8104166666666667 0.7479166666666667 0.8145833333333333 0.7520833333333333 0.8270833333333333 0.7541666666666667 0.8354166666666667 0.7541666666666667 0.8479166666666667 0.7416666666666667 0.85 0.7375 0.8520833333333333 0.73125 0.8520833333333333 0.725 0.85 0.7166666666666667 0.8354166666666667 0.7020833333333333
0 0.875 0.7270833333333333 0.8625 0.7395833333333334 0.8520833333333333 0.7520833333333333 0.8520833333333333 0.75625 0.8541666666666666 0.76875 0.85625 0.78125 0.8583333333333333 0.7875 0.86875 0.8 0.8791666666666667 0.8104166666666667 0.9083333333333333 0.8104166666666667 0.9291666666666667 0.7895833333333333 0.9291666666666667 0.7604166666666666 0.9208333333333333 0.74375 0.9166666666666666 0.7395833333333334 0.9104166666666667 0.7354166666666667 0.9041666666666667 0.7333333333333333 0.9 0.7291666666666666 0.8958333333333334 0.7270833333333333
0 0.7708333333333334 0.7729166666666667 0.7625 0.775 0.7541666666666667 0.7770833333333333 0.75 0.7791666666666667 0.7458333333333333 0.7833333333333333 0.74375 0.7875 0.7416666666666667 0.7958333333333333 0.7416666666666667 0.80625 0.7666666666666667 0.8416666666666667 0.7895833333333333 0.8416666666666667 0.7979166666666667 0.8375 0.8020833333333334 0.8333333333333334 0.8083333333333333 0.83125 0.8125 0.8270833333333333 0.8145833333333333 0.8229166666666666 0.8145833333333333 0.8020833333333334 0.8104166666666667 0.7958333333333333 0.8020833333333334 0.7854166666666667 0.7979166666666667 0.78125 0.79375 0.7791666666666667 0.7895833333333333 0.7791666666666667 0.7833333333333333 0.7770833333333333 0.78125 0.775 0.775 0.7729166666666667
0 0.7125 0.7395833333333334 0.7083333333333334 0.74375 0.7 0.7541666666666667 0.6916666666666667 0.7645833333333333 0.6875 0.7708333333333334 0.6875 0.78125 0.6895833333333333 0.7916666666666666 0.6958333333333333 0.7979166666666667 0.70625 0.80625 0.7166666666666667 0.80625 0.7395833333333334 0.8020833333333334 0.7395833333333334 0.7958333333333333 0.7416666666666667 0.7875 0.74375 0.7833333333333333 0.75 0.7770833333333333 0.7541666666666667 0.775 0.7625 0.7729166666666667 0.7604166666666666 0.76875 0.7541666666666667 0.75625 0.74375 0.7458333333333333 0.7354166666666667 0.7395833333333334
0 0.32083333333333336 0.38125 0.31666666666666665 0.38333333333333336 0.3104166666666667 0.3875 0.30416666666666664 0.39166666666666666 0.3020833333333333 0.39791666666666664 0.30416666666666664 0.4083333333333333 0.30625 0.41458333333333336 0.3104166666666667 0.4166666666666667 0.3145833333333333 0.41875 0.31875 0.41875 0.32708333333333334 0.4166666666666667 0.33541666666666664 0.4083333333333333 0.33541666666666664 0.39791666666666664 0.33125 0.3875 0.325 0.38333333333333336
0 0.9979166666666667 0.6729166666666667 0.99375 0.6770833333333334 0.9895833333333334 0.6833333333333333 0.9875 0.6895833333333333 0.9875 0.7104166666666667 0.9916666666666667 0.7166666666666667 0.9958333333333333 0.7208333333333333 0.9979166666666667 0.725
0 0.022916666666666665 0.04583333333333333 0.01875 0.05 0.014583333333333334 0.05625 0.014583333333333334 0.07083333333333333 0.02 0.07916666666666666 0.030416666666666665 0.08625 0.03875 0.08583333333333334 0.042708333333333334 0.08395833333333333 0.04625 0.080625 0.04958333333333333 0.07583333333333334 0.052083333333333336 0.06708333333333334 0.052083333333333336 0.06041666666666667 0.052083333333333336 0.05625 0.04583333333333333 0.05 0.03520833333333333 0.044375000000000005
0 0.23958333333333334 0.7958333333333333 0.22916666666666666 0.80625 0.21875 0.81875 0.21666666666666667 0.8291666666666667 0.21666666666666667 0.8395833333333333 0.22083333333333333 0.8458333333333333 0.22708333333333333 0.8541666666666666 0.23125 0.8583333333333333 0.23708333333333334 0.8610416666666667 0.24125 0.8635416666666667 0.24854166666666666 0.865 0.25416666666666665 0.8645833333333334 0.25833333333333336 0.8645833333333334 0.26875 0.85625 0.27708333333333335 0.8479166666666667 0.27708333333333335 0.8208333333333333 0.275 0.8166666666666667 0.26875 0.8083333333333333 0.26458333333333334 0.8020833333333334 0.2604166666666667 0.7979166666666667 0.25625 0.7958333333333333
0 0.07229166666666667 0.05354166666666667 0.06041666666666667 0.054375 0.05395833333333333 0.057708333333333334 0.05354166666666667 0.06958333333333333 0.05 0.078125 0.04520833333333333 0.08333333333333333 0.04375 0.0875 0.04583333333333333 0.09166666666666666 0.05 0.09583333333333334 0.0625 0.10833333333333334 0.07291666666666667 0.10833333333333334 0.08333333333333333 0.10625 0.0875 0.10208333333333333 0.09583333333333334 0.09166666666666666 0.1 0.08541666666666667 0.1 0.07708333333333334 0.09791666666666667 0.06875 0.08958333333333333 0.06041666666666667 0.08145833333333334 0.05583333333333333