0 0.09375 0.625 0.0875 0.6270833333333333 0.08333333333333333 0.6291666666666667 0.07916666666666666 0.6333333333333333 0.07291666666666667 0.6416666666666667 0.07083333333333333 0.6458333333333334 0.07083333333333333 0.6625 0.075 0.6708333333333333 0.07916666666666666 0.675 0.08541666666666667 0.6791666666666667 0.09166666666666666 0.6833333333333333 0.09583333333333334 0.6854166666666667 0.10208333333333333 0.6854166666666667 0.11458333333333333 0.6833333333333333 0.12083333333333333 0.68125 0.125 0.6770833333333334 0.13125 0.66875 0.13333333333333333 0.6645833333333333 0.13333333333333333 0.6416666666666667 0.12916666666666668 0.6375 0.12083333333333333 0.63125 0.11458333333333333 0.6270833333333333 0.10416666666666667 0.625
0 0.022916666666666665 0.46875 0.016666666666666666 0.46875 0.008333333333333333 0.4708333333333333 0.00625 0.47291666666666665 0 0.47291666666666665 0 0.5333333333333333 0.004166666666666667 0.5354166666666667 0.008333333333333333 0.5354166666666667 0.014583333333333334 0.5395833333333333 0.020833333333333332 0.5395833333333333 0.029166666666666667 0.5375 0.035416666666666666 0.5354166666666667 0.04583333333333333 0.525 0.04791666666666667 0.5208333333333334 0.05 0.5145833333333333 0.05 0.5020833333333333 0.04791666666666667 0.4875 0.027083333333333334 0.4666666666666667
0 0.14375 0.95625 0.1375 0.95625 0.13125 0.9583333333333334 0.12291666666666666 0.9604166666666667 0.11666666666666667 0.9625 0.10833333333333334 0.9645833333333333 0.10416666666666667 0.9666666666666667 0.09166666666666666 0.9791666666666666 0.08541666666666667 0.9916666666666667 0.0875 0.9979166666666667 0.18958333333333333 0.9979166666666667 0.18958333333333333 0.9916666666666667 0.1875 0.98125 0.18333333333333332 0.9729166666666667 0.16875 0.9666666666666667 0.16458333333333333 0.9625 0.15 0.95625
0 0.7833333333333333 0.6083333333333333 0.7791666666666667 0.6104166666666667 0.7729166666666667 0.6166666666666667 0.7666666666666667 0.6208333333333333 0.7604166666666666 0.6270833333333333 0.7583333333333333 0.6354166666666666 0.75625 0.6416666666666667 0.7541666666666667 0.65 0.7541666666666667 0.6541666666666667 0.7604166666666666 0.6666666666666666 0.775 0.68125 0.7791666666666667 0.6833333333333333 0.7875 0.6854166666666667 0.7979166666666667 0.6854166666666667 0.8083333333333333 0.6833333333333333 0.8125 0.68125 0.8208333333333333 0.675 0.8291666666666667 0.66875 0.8333333333333334 0.6583333333333333 0.8354166666666667 0.6458333333333334 0.8354166666666667 0.6375 0.8333333333333334 0.63125 0.83125 0.6270833333333333 0.8145833333333333 0.6104166666666667 0.7979166666666667 0.6083333333333333
0 0.5541666666666667 0.7375 0.55 0.7395833333333334 0.5416666666666666 0.7458333333333333 0.5395833333333333 0.7708333333333334 0.54375 0.775 0.5520833333333334 0.78125 0.5729166666666666 0.78125 0.5770833333333333 0.7791666666666667 0.5833333333333334 0.775 0.5895833333333333 0.7708333333333334 0.59375 0.7604166666666666 0.59375 0.75625 0.5875 0.75 0.5791666666666667 0.7416666666666667 0.5729166666666666 0.7375
0 0.6145833333333334 0.70625 0.5958333333333333 0.725 0.59375 0.7291666666666666 0.5916666666666667 0.7375 0.5916666666666667 0.7458333333333333 0.59375 0.7541666666666667 0.5958333333333333 0.7583333333333333 0.6020833333333333 0.7666666666666667 0.6083333333333333 0.775 0.6125 0.7791666666666667 0.6333333333333333 0.7770833333333333 0.6479166666666667 0.7791666666666667 0.65 0.775 0.6541666666666667 0.7708333333333334 0.6583333333333333 0.7645833333333333 0.6625 0.7583333333333333 0.6645833333333333 0.7541666666666667 0.6645833333333333 0.7270833333333333 0.64375 0.70625
0 0.6333333333333333 0.7791666666666667 0.6166666666666667 0.7833333333333333 0.6020833333333333 0.8125 0.6020833333333333 0.8166666666666667 0.6041666666666666 0.825 0.6083333333333333 0.8333333333333334 0.6166666666666667 0.8395833333333333 0.625 0.8458333333333333 0.63125 0.85 0.6395833333333333 0.8520833333333333 0.6479166666666667 0.8520833333333333 0.6541666666666667 0.8479166666666667 0.6583333333333333 0.8479166666666667 0.6645833333333333 0.8458333333333333 0.6729166666666667 0.8416666666666667 0.6791666666666667 0.8354166666666667 0.6791666666666667 0.8291666666666667 0.6770833333333334 0.8145833333333333 0.675 0.80625 0.6604166666666667 0.7916666666666666 0.6458333333333334 0.7791666666666667
0 0.32708333333333334 0.7770833333333333 0.29791666666666666 0.8083333333333333 0.29791666666666666 0.8208333333333333 0.3020833333333333 0.8375 0.3104166666666667 0.84375 0.31875 0.85 0.3229166666666667 0.8520833333333333 0.33125 0.8541666666666666 0.33958333333333335 0.8541666666666666 0.3458333333333333 0.8520833333333333 0.3541666666666667 0.8479166666666667 0.3625 0.8416666666666667 0.3729166666666667 0.83125 0.3770833333333333 0.8229166666666666 0.3770833333333333 0.8166666666666667 0.375 0.8041666666666667 0.3729166666666667 0.7979166666666667 0.36875 0.7916666666666666 0.3625 0.7854166666666667 0.3458333333333333 0.7770833333333333
0 0.26666666666666666 0.8958333333333334 0.2625 0.8979166666666667 0.25416666666666665 0.9041666666666667 0.24791666666666667 0.9083333333333333 0.24375 0.9208333333333333 0.24375 0.9291666666666667 0.25833333333333336 0.94375 0.29375 0.9458333333333333 0.3 0.9458333333333333 0.30625 0.9395833333333333 0.3104166666666667 0.9333333333333333 0.3104166666666667 0.925 0.30833333333333335 0.9125 0.3 0.9041666666666667 0.28958333333333336 0.8958333333333334
0 0.26458333333333334 0.9458333333333333 0.25416666666666665 0.9541666666666667 0.24791666666666667 0.9604166666666667 0.24166666666666667 0.96875 0.23958333333333334 0.9729166666666667 0.23958333333333334 0.98125 0.24166666666666667 0.9979166666666667 0.3104166666666667 0.9958333333333333 0.3104166666666667 0.9729166666666667 0.3 0.9520833333333333 0.29583333333333334 0.9479166666666666 0.2916666666666667 0.9458333333333333
0 0.5020833333333333 0.8458333333333333 0.49583333333333335 0.8541666666666666 0.4895833333333333 0.8625 0.48541666666666666 0.86875 0.4791666666666667 0.8770833333333333 0.47708333333333336 0.88125 0.47708333333333336 0.8895833333333333 0.4791666666666667 0.90625 0.48125 0.9166666666666666 0.48541666666666666 0.9229166666666667 0.49166666666666664 0.9229166666666667 0.5083333333333333 0.93125 0.5208333333333334 0.94375 0.5270833333333333 0.94375 0.5354166666666667 0.9416666666666667 0.5395833333333333 0.9375 0.55 0.925 0.5541666666666667 0.91875 0.55625 0.9020833333333333 0.55625 0.8833333333333333 0.55 0.8708333333333333 0.5270833333333333 0.8479166666666667 0.5208333333333334 0.8458333333333333 0.5083333333333333 0.84375
0 0.47291666666666665 0.925 0.45208333333333334 0.9354166666666667 0.4395833333333333 0.9479166666666666 0.4375 0.95625 0.4354166666666667 0.9708333333333333 0.4354166666666667 0.9770833333333333 0.4375 0.98125 0.44166666666666665 0.9854166666666667 0.44375 0.9916666666666667 0.4479166666666667 0.9979166666666667 0.5166666666666667 0.9979166666666667 0.5208333333333334 0.99375 0.5229166666666667 0.9895833333333334 0.525 0.9833333333333333 0.5270833333333333 0.975 0.5270833333333333 0.9645833333333333 0.525 0.9520833333333333 0.51875 0.94375 0.5083333333333333 0.9333333333333333 0.49166666666666664 0.925
0 0.14791666666666667 0.8395833333333333 0.14166666666666666 0.84375 0.1375 0.84375 0.13333333333333333 0.8458333333333333 0.12916666666666668 0.85 0.12291666666666666 0.8583333333333333 0.12083333333333333 0.8625 0.12083333333333333 0.8854166666666666 0.14166666666666666 0.90625 0.15375 0.9089583333333333 0.16416666666666666 0.9072916666666667 0.17541666666666667 0.9047916666666667 0.18187499999999998 0.9027083333333333 0.184375 0.8979166666666667 0.18541666666666667 0.8916666666666667 0.1875 0.875 0.18958333333333333 0.8729166666666667 0.18958333333333333 0.8625 0.18333333333333332 0.8520833333333333 0.18125 0.8458333333333333 0.175 0.84375 0.16875 0.8395833333333333
0 0.45 0.7625 0.4375 0.7729166666666667 0.425 0.7833333333333333 0.41875 0.7895833333333333 0.4125 0.8020833333333334 0.41041666666666665 0.8104166666666667 0.41041666666666665 0.8208333333333333 0.41875 0.8375 0.4354166666666667 0.8541666666666666 0.45208333333333334 0.8625 0.4704166666666667 0.865 0.48125 0.8635416666666667 0.48895833333333333 0.8583333333333333 0.49375 0.85 0.5 0.8458333333333333 0.5041666666666667 0.8354166666666667 0.50625 0.8229166666666666 0.5083333333333333 0.8104166666666667 0.5083333333333333 0.8020833333333334 0.50625 0.7958333333333333 0.5020833333333333 0.7895833333333333 0.5020833333333333 0.7854166666666667 0.5 0.78125 0.48541666666666666 0.7666666666666667 0.47708333333333336 0.7625 0.4708333333333333 0.7604166666666666 0.4666666666666667 0.7604166666666666 0.4625 0.7583333333333333
0 0.99375 0.46458333333333335 0.9979166666666667 0.4625 0.9979166666666667 0.48541666666666666 0.99375 0.48333333333333334 0.9895833333333334 0.4791666666666667 0.98875 0.4704166666666667
0 0.7708333333333334 0.475 0.7583333333333333 0.4875 0.7583333333333333 0.49583333333333335 0.7625 0.5020833333333333 0.7708333333333334 0.5125 0.775 0.5166666666666667 0.7791666666666667 0.51875 0.7858333333333333 0.5204166666666666 0.7979166666666667 0.5141666666666667 0.8041666666666667 0.5041666666666667 0.8 0.5 0.7979166666666667 0.49375 0.7979166666666667 0.48541666666666666 0.7895833333333333 0.47708333333333336 0.7791666666666667 0.475
0 0.26875 0.76875 0.26458333333333334 0.7729166666666667 0.26458333333333334 0.7791666666666667 0.26666666666666666 0.7875 0.26875 0.7895833333333333 0.2708333333333333 0.7958333333333333 0.2725 0.8033333333333333 0.275 0.80875 0.2833333333333333 0.8104166666666667 0.28958333333333336 0.8104166666666667 0.29791666666666666 0.80625 0.30416666666666664 0.7970833333333334 0.30333333333333334 0.7875 0.30124999999999996 0.7816666666666666 0.29583333333333334 0.7783333333333334 0.2891666666666667 0.7733333333333333 0.2825 0.77125 0.275 0.76875
0 0.22041666666666665 0.7233333333333333 0.21291666666666667 0.7225 0.20708333333333334 0.7270833333333333 0.2033333333333333 0.7375 0.18541666666666667 0.7729166666666667 0.18333333333333332 0.7791666666666667 0.18125 0.7854166666666667 0.18125 0.7979166666666667 0.18333333333333332 0.8104166666666667 0.18541666666666667 0.8166666666666667 0.18958333333333333 0.825 0.19583333333333333 0.83125 0.20625 0.8395833333333333 0.22291666666666668 0.8416666666666667 0.23541666666666666 0.8416666666666667 0.23958333333333334 0.8395833333333333 0.24583333333333332 0.8354166666666667 0.2520833333333333 0.83125 0.25625 0.8270833333333333 0.2625 0.8208333333333333 0.26458333333333334 0.8145833333333333 0.26666666666666666 0.80625 0.26875 0.8 0.26875 0.7958333333333333 0.26666666666666666 0.7895833333333333 0.26458333333333334 0.78125 0.2604166666666667 0.7729166666666667 0.25625 0.7666666666666667 0.2520833333333333 0.7604166666666666 0.24791666666666667 0.7541666666666667 0.24166666666666667 0.7458333333333333 0.23333333333333334 0.7354166666666667 0.2275 0.72875
0 0.275 0.7166666666666667 0.26666666666666666 0.7229166666666667 0.2625 0.7270833333333333 0.2604166666666667 0.7354166666666667 0.2604166666666667 0.74375 0.2685416666666667 0.76 0.28791666666666665 0.7716666666666666 0.30416666666666664 0.7604166666666666 0.30833333333333335 0.7520833333333333 0.30833333333333335 0.7479166666666667 0.30833333333333335 0.7416666666666667 0.30625 0.7354166666666667 0.3020833333333333 0.73125 0.29791666666666666 0.7208333333333333 0.28541666666666665 0.7166666666666667
0 0.3958333333333333 0.6541666666666667 0.39166666666666666 0.65625 0.3875 0.6604166666666667 0.38125 0.6625 0.375 0.6666666666666666 0.37083333333333335 0.675 0.36875 0.6875 0.36875 0.6958333333333333 0.3729166666666667 0.7020833333333333 0.3729166666666667 0.70625 0.375 0.7104166666666667 0.3770833333333333 0.7145833333333333 0.38125 0.7166666666666667 0.38625000000000004 0.7204166666666667 0.39291666666666664 0.7225 0.39791666666666664 0.7208333333333333 0.40208333333333335 0.7208333333333333 0.4083333333333333 0.7166666666666667 0.4125 0.7166666666666667 0.42083333333333334 0.7125 0.42916666666666664 0.7041666666666667 0.43125 0.6958333333333333 0.43125 0.6895833333333333 0.4375 0.6833333333333333 0.4375 0.675 0.43125 0.66875 0.425 0.6645833333333333 0.41875 0.6604166666666667 0.4125 0.65625 0.4083333333333333 0.6541666666666667
0 0.44375 0.5958333333333333 0.4395833333333333 0.5979166666666667 0.43333333333333335 0.6020833333333333 0.42916666666666664 0.60625 0.42291666666666666 0.6145833333333334 0.4166666666666667 0.6229166666666667 0.41041666666666665 0.63125 0.4083333333333333 0.6354166666666666 0.41041666666666665 0.6541666666666667 0.4166666666666667 0.6583333333333333 0.42291666666666666 0.6625 0.42916666666666664 0.6666666666666666 0.4354166666666667 0.6708333333333333 0.4395833333333333 0.6729166666666667 0.44375 0.6729166666666667 0.4545833333333333 0.6741666666666667 0.46416666666666667 0.6720833333333334 0.4708333333333333 0.6645833333333333 0.47708333333333336 0.6520833333333333 0.4791666666666667 0.6375 0.4791666666666667 0.6208333333333333 0.475 0.6145833333333334 0.4716666666666667 0.60375 0.4579166666666667 0.59875
0 0.46458333333333335 0.5354166666666667 0.4583333333333333 0.5395833333333333 0.45 0.5458333333333333 0.44166666666666665 0.5520833333333334 0.4375 0.55625 0.4354166666666667 0.5645833333333333 0.4354166666666667 0.5708333333333333 0.4375 0.575 0.44166666666666665 0.58125 0.44583333333333336 0.5875 0.4516666666666667 0.5945833333333332 0.4654166666666667 0.5991666666666667 0.47541666666666665 0.6004166666666666 0.48125 0.5958333333333333 0.49541666666666667 0.5891666666666667 0.4945833333333333 0.5741666666666667 0.49583333333333335 0.54875 0.49166666666666664 0.5416666666666666 0.4875 0.5375 0.475 0.5354166666666667
0 0.8229166666666666 0.17916666666666667 0.8166666666666667 0.18125 0.8083333333333333 0.18333333333333332 0.7895833333333333 0.2125 0.7895833333333333 0.21666666666666667 0.7916666666666666 0.22708333333333333 0.79375 0.23541666666666666 0.7958333333333333 0.24583333333333332 0.8022916666666667 0.25354166666666667 0.8139583333333333 0.258125 0.8210416666666667 0.264375 0.8272916666666668 0.27749999999999997 0.8333333333333334 0.2791666666666667 0.8375 0.28125 0.8479166666666667 0.28125 0.8708333333333333 0.2791666666666667 0.8833333333333333 0.27708333333333335 0.8875 0.27291666666666664 0.89375 0.26458333333333334 0.9 0.25625 0.90625 0.24791666666666667 0.9083333333333333 0.24375 0.9083333333333333 0.23333333333333334 0.9041666666666667 0.21875 0.8979166666666667 0.21458333333333332 0.8916666666666667 0.21041666666666667 0.8854166666666666 0.20625 0.8791666666666667 0.20208333333333334 0.8729166666666667 0.19791666666666666 0.8666666666666667 0.19375 0.8604166666666667 0.18958333333333333 0.8520833333333333 0.18541666666666667 0.84375 0.18333333333333332 0.8354166666666667 0.18125 0.8270833333333333 0.17916666666666667
0 0.7979583333333333 0.254125 0.8023125 0.2552916666666667 0.8069791666666667 0.25704166666666667 0.8116458333333333 0.259375 0.8154375 0.2617083333333333 0.8189375 0.26491666666666663 0.8218541666666667 0.2686875 0.8236041666666666 0.27277083333333335 0.8247708333333333 0.2771458333333333 0.8244791666666667 0.28152083333333333 0.8238958333333334 0.2858958333333333 0.8221458333333334 0.29027083333333337 0.8189375 0.2934791666666667 0.8151458333333333 0.29608333333333337 0.8098958333333334 0.29783333333333334 0.8052291666666667 0.2987083333333333 0.8005625 0.29900000000000004 0.7956249999999999 0.298125 0.7921250000000001 0.29491666666666666 0.7889166666666667 0.29172916666666665 0.7859999999999999 0.2879375 0.7833749999999999 0.2838541666666667 0.7813333333333333 0.27889583333333334 0.7801666666666667 0.27422916666666663 0.779875 0.2698541666666667 0.7804583333333334 0.2655 0.7827916666666667 0.26083333333333336 0.7865833333333333 0.257625 0.7909583333333334 0.25587499999999996
0 0.9287500000000001 0.28539583333333335 0.933375 0.28079166666666666 0.9384166666666667 0.27616666666666667 0.9447083333333333 0.2736458333333333 0.9510000000000001 0.27281249999999996 0.9572916666666667 0.2736458333333333 0.9631666666666666 0.277 0.9682083333333333 0.28120833333333334 0.9715625 0.2866666666666667 0.9745 0.29254166666666664 0.9766041666666666 0.29883333333333334 0.9761875 0.30512500000000004 0.9736666666666667 0.311 0.968625 0.3151875 0.9635833333333333 0.3193958333333333 0.9577083333333333 0.3223333333333333 0.9518333333333333 0.32485416666666667 0.9455416666666667 0.3261041666666667 0.9396666666666668 0.32358333333333333 0.9337916666666667 0.32064583333333335 0.9300208333333334 0.3151875 0.9279166666666666 0.30889583333333337 0.9275 0.3026041666666667 0.9270833333333334 0.2963125
0 0.5653125 0.6274375 0.5628124999999999 0.6215625 0.5615416666666667 0.6152708333333333 0.5615416666666667 0.6085416666666668 0.5619583333333333 0.60225 0.5653125 0.5967916666666666 0.5703541666666666 0.5926041666666666 0.5753958333333333 0.5883958333333333 0.5812708333333333 0.5854583333333333 0.5875625 0.5842083333333333 0.5938541666666667 0.5858958333333334 0.5997291666666666 0.5883958333333333 0.6056041666666666 0.5909166666666666 0.6102291666666667 0.5955416666666667 0.6148333333333333 0.6001458333333333 0.6190416666666666 0.6051875 0.6211458333333333 0.6114791666666667 0.6228125 0.6177708333333333 0.6244999999999999 0.6240833333333333 0.6261666666666666 0.630375 0.62575 0.6366666666666667 0.6249166666666667 0.6429583333333333 0.6236666666666667 0.64925 0.6198750000000001 0.6547083333333333 0.6156874999999999 0.6597500000000001 0.6102291666666667 0.6635208333333333 0.6043541666666666 0.6660416666666666 0.5976458333333333 0.6677291666666666 0.5913333333333333 0.6689791666666667 0.5850416666666667 0.6685625000000001 0.57875 0.6681458333333333 0.5732916666666666 0.6647916666666667 0.5686875 0.6601666666666667 0.5665833333333333 0.653875 0.5674166666666667 0.6471666666666667 0.56825 0.6408541666666667 0.5678333333333333 0.6345624999999999
0 0.4830625 0.6190416666666666 0.48683333333333334 0.6135833333333333 0.49145833333333333 0.6089583333333334 0.49733333333333335 0.6047708333333334 0.5027916666666666 0.6014166666666667 0.5086666666666667 0.5988958333333334 0.5149583333333333 0.5976458333333333 0.5216666666666667 0.5967916666666666 0.5279791666666667 0.5972083333333333 0.5342708333333334 0.5980624999999999 0.5405625000000001 0.5997291666666666 0.5464375 0.60225 0.5523125 0.6047708333333334 0.5569375 0.6098125 0.559875 0.6156874999999999 0.562375 0.6215625 0.5640625 0.6278541666666667 0.5644791666666666 0.6341458333333333 0.5648958333333333 0.6404375000000001 0.5648958333333333 0.6471666666666667 0.5648958333333333 0.6542916666666667 0.5644791666666666 0.6605833333333333 0.562375 0.666875 0.559875 0.6727500000000001 0.5565 0.6782083333333334 0.5535625 0.6840833333333334 0.549375 0.689125 0.5439166666666666 0.6933125 0.5380416666666666 0.6962499999999999 0.5313333333333333 0.6991875000000001 0.5254583333333334 0.7017083333333333 0.5191666666666667 0.702125 0.5124375 0.7017083333333333 0.5061458333333333 0.7012916666666666 0.49985416666666665 0.6991875000000001 0.4943958333333333 0.6958333333333333 0.48935416666666665 0.6916458333333334 0.4834791666666666 0.687875 0.480125 0.6824166666666667 0.4780208333333333 0.6761250000000001 0.47718750000000004 0.6698125 0.47718750000000004 0.6631041666666667 0.4784583333333333 0.6568124999999999 0.48054166666666664 0.6505208333333333 0.4814583333333333 0.6433333333333333 0.4822916666666667 0.6383333333333333 0.481875 0.6291666666666667
0 0.4948125 0.5413958333333333 0.4969166666666667 0.5351041666666667 0.5019583333333333 0.5309166666666667 0.50825 0.5321666666666667 0.514125 0.5351041666666667 0.5195833333333334 0.5384583333333333 0.5250416666666667 0.5422499999999999 0.5292291666666666 0.5472708333333334 0.5338541666666666 0.5518958333333334 0.5367916666666667 0.5577708333333333 0.537625 0.5640625 0.5359375 0.5703541666666666 0.533 0.5762291666666666 0.5300625 0.5821041666666668 0.5267083333333333 0.5875625 0.5221041666666667 0.5921875 0.5170625 0.596375 0.5107708333333333 0.5984791666666667 0.5044791666666667 0.5988958333333334 0.49902083333333336 0.595125 0.49733333333333335 0.5888333333333333 0.4969166666666667 0.5825208333333334 0.4965 0.5762291666666666 0.4969166666666667 0.5699375 0.49774999999999997 0.5636458333333334 0.49774999999999997 0.5569375 0.4981666666666667 0.550625
0 0.6583333333333333 0.21458333333333332 0.65 0.21666666666666667 0.6479166666666667 0.21875 0.63125 0.21875 0.6270833333333333 0.22291666666666668 0.6208333333333333 0.23125 0.6145833333333334 0.23958333333333334 0.6104166666666667 0.24583333333333332 0.6104166666666667 0.2520833333333333 0.6125 0.26458333333333334 0.6145833333333334 0.27291666666666664 0.6229166666666667 0.2833333333333333 0.6354166666666666 0.29583333333333334 0.6635416666666667 0.30583333333333335 0.68125 0.3 0.6875 0.2916666666666667 0.6916666666666667 0.28541666666666665 0.6979166666666666 0.27708333333333335 0.7 0.27291666666666664 0.7 0.26458333333333334 0.6979166666666666 0.24791666666666667 0.6958333333333333 0.23958333333333334 0.6895833333333333 0.23125 0.6791666666666667 0.22083333333333333 0.6666666666666666 0.21458333333333332
0 0.16041666666666668 0.6958333333333333 0.15 0.7020833333333333 0.14583333333333334 0.7020833333333333 0.13125 0.7104166666666667 0.12708333333333333 0.7104166666666667 0.11458333333333333 0.7166666666666667 0.09583333333333334 0.7354166666666667 0.09166666666666666 0.74375 0.09166666666666666 0.7625 0.09375 0.76875 0.09583333333333334 0.7729166666666667 0.11041666666666666 0.7875 0.13125 0.7979166666666667 0.14375 0.8 0.15416666666666667 0.8 0.17083333333333334 0.7916666666666666 0.18125 0.78125 0.18333333333333332 0.7770833333333333 0.18333333333333332 0.7729166666666667 0.2 0.7416666666666667 0.2029166666666667 0.7254166666666666 0.17708333333333334 0.6979166666666666 0.16875 0.6958333333333333
0 0.10208333333333333 0.2708333333333333 0.08125 0.28125 0.07083333333333333 0.2916666666666667 0.06666666666666667 0.3 0.06458333333333334 0.30625 0.06458333333333334 0.3125 0.06666666666666667 0.32083333333333336 0.06875 0.325 0.075 0.3333333333333333 0.08125 0.33958333333333335 0.08541666666666667 0.3416666666666667 0.09375 0.34375 0.1 0.3458333333333333 0.13125 0.3458333333333333 0.1375 0.3416666666666667 0.14583333333333334 0.3333333333333333 0.15 0.325 0.15 0.3020833333333333 0.14791666666666667 0.29375 0.14583333333333334 0.28958333333333336 0.13333333333333333 0.27708333333333335 0.12083333333333333 0.2708333333333333
0 0.23958333333333334 0.4270833333333333 0.225 0.42916666666666664 0.19791666666666666 0.45625 0.19791666666666666 0.47291666666666665 0.21666666666666667 0.4979166666666667 0.22083333333333333 0.5020833333333333 0.22916666666666666 0.50625 0.24166666666666667 0.50625 0.25625 0.5041666666666667 0.27291666666666664 0.49583333333333335 0.2791666666666667 0.4895833333333333 0.28541666666666665 0.48125 0.2875 0.47708333333333336 0.2875 0.46875 0.28541666666666665 0.45625 0.28125 0.4479166666666667 0.27708333333333335 0.44166666666666665 0.27291666666666664 0.4375 0.2520833333333333 0.4270833333333333
0 0.44583333333333336 0.052083333333333336 0.44166666666666665 0.05625 0.44166666666666665 0.07083333333333333 0.44583333333333336 0.07291666666666667 0.45 0.075 0.45416666666666666 0.075 0.4583333333333333 0.07708333333333334 0.4625 0.07916666666666666 0.4666666666666667 0.075 0.46875 0.07083333333333333 0.46875 0.06666666666666667 0.4666666666666667 0.058333333333333334 0.46041666666666664 0.052083333333333336
0 0.6145833333333334 0.12708333333333333 0.6 0.1375 0.59375 0.14375 0.5895833333333333 0.15 0.5833333333333334 0.15833333333333333 0.58125 0.1625 0.58125 0.18541666666666667 0.5895833333333333 0.20208333333333334 0.6 0.2125 0.6041666666666666 0.21458333333333332 0.6125 0.21666666666666667 0.6479166666666667 0.21666666666666667 0.6541666666666667 0.21458333333333332 0.6604166666666667 0.2125 0.6666666666666666 0.20625 0.6729166666666667 0.2 0.6791666666666667 0.19166666666666668 0.68125 0.1875 0.68125 0.16666666666666666 0.6729166666666667 0.15 0.6583333333333333 0.13541666666666666 0.6416666666666667 0.12708333333333333
0 0.8645833333333334 0.28125 0.84375 0.2833333333333333 0.8291666666666667 0.29791666666666666 0.8229166666666666 0.3104166666666667 0.8229166666666666 0.31666666666666665 0.825 0.32916666666666666 0.8270833333333333 0.33541666666666664 0.83125 0.3416666666666667 0.8375 0.34791666666666665 0.8541666666666666 0.35625 0.8729166666666667 0.35625 0.8854166666666666 0.35 0.8916666666666667 0.3458333333333333 0.8979166666666667 0.33958333333333335 0.90625 0.3229166666666667 0.90625 0.31875 0.9041666666666667 0.3125 0.9020833333333333 0.30416666666666664 0.9 0.3 0.8916666666666667 0.28958333333333336 0.8833333333333333 0.28125
0 0.45208333333333334 0.6770833333333334 0.44166666666666665 0.6833333333333333 0.4354166666666667 0.6854166666666667 0.43333333333333335 0.6895833333333333 0.43125 0.6979166666666666 0.43125 0.7041666666666667 0.42916666666666664 0.7083333333333334 0.4354166666666667 0.7166666666666667 0.44166666666666665 0.7229166666666667 0.46041666666666664 0.7229166666666667 0.46875 0.7145833333333333 0.4708333333333333 0.7104166666666667 0.47291666666666665 0.7020833333333333 0.47291666666666665 0.6958333333333333 0.47291666666666665 0.6875 0.46875 0.68125 0.4583333333333333 0.6770833333333334
0 0.20833333333333334 0.5291666666666667 0.20208333333333334 0.5333333333333333 0.19791666666666666 0.5333333333333333 0.19375 0.5354166666666667 0.17708333333333334 0.5520833333333334 0.17083333333333334 0.5645833333333333 0.17083333333333334 0.5895833333333333 0.175 0.5958333333333333 0.18541666666666667 0.6083333333333333 0.19375 0.6166666666666667 0.20625 0.6229166666666667 0.21041666666666667 0.6229166666666667 0.22916666666666666 0.6208333333333333 0.23541666666666666 0.61875 0.24375 0.6083333333333333 0.24791666666666667 0.6041666666666666 0.25 0.5979166666666667 0.25416666666666665 0.59375 0.25833333333333336 0.5854166666666667 0.25833333333333336 0.5625 0.25625 0.5583333333333333 0.2520833333333333 0.5541666666666667 0.25 0.5479166666666667 0.24583333333333332 0.5416666666666666 0.24166666666666667 0.5375 0.22916666666666666 0.53125 0.21875 0.5291666666666667
0 0.33125 0.6854166666666667 0.32708333333333334 0.6875 0.31875 0.69375 0.3125 0.6979166666666666 0.30833333333333335 0.7020833333333333 0.30625 0.70625 0.30625 0.7333333333333333 0.3125 0.7458333333333333 0.31666666666666665 0.75 0.3229166666666667 0.7520833333333333 0.32708333333333334 0.75625 0.33125 0.7583333333333333 0.3416666666666667 0.7583333333333333 0.35 0.7541666666666667 0.35625 0.75 0.36041666666666666 0.7458333333333333 0.36666666666666664 0.74375 0.37083333333333335 0.7395833333333334 0.375 0.73125 0.375 0.7208333333333333 0.375 0.7145833333333333 0.37083333333333335 0.70625 0.37083333333333335 0.7020833333333333 0.36666666666666664 0.69375 0.3625 0.6895833333333333 0.3541666666666667 0.6875 0.3375 0.6854166666666667
0 0.9104166666666667 0.51875 0.90625 0.5208333333333334 0.9 0.525 0.89375 0.5291666666666667 0.8895833333333333 0.5333333333333333 0.8854166666666666 0.5416666666666666 0.8854166666666666 0.5541666666666667 0.8875 0.5666666666666667 0.8979166666666667 0.5770833333333333 0.9125 0.5895833333333333 0.9416666666666667 0.5895833333333333 0.9520833333333333 0.5791666666666667 0.9625 0.5666666666666667 0.9625 0.5416666666666666 0.9541666666666667 0.53125 0.9458333333333333 0.5229166666666667 0.9354166666666667 0.5208333333333334 0.91875 0.51875
0 0.8583333333333333 0.5208333333333334 0.8458333333333333 0.5229166666666667 0.8416666666666667 0.525 0.8354166666666667 0.5291666666666667 0.8291666666666667 0.5333333333333333 0.8229166666666666 0.5375 0.8166666666666667 0.5416666666666666 0.8125 0.5458333333333333 0.8083333333333333 0.5541666666666667 0.8083333333333333 0.5791666666666667 0.8125 0.5875 0.8166666666666667 0.5916666666666667 0.8333333333333334 0.6 0.8520833333333333 0.6 0.85625 0.5979166666666667 0.8604166666666667 0.59375 0.8666666666666667 0.5916666666666667 0.8729166666666667 0.5875 0.8770833333333333 0.5833333333333334 0.88125 0.575 0.88125 0.5354166666666667 0.8770833333333333 0.5270833333333333 0.8729166666666667 0.5229166666666667 0.86875 0.5208333333333334
0 0.8145833333333333 0.4583333333333333 0.80625 0.4666666666666667 0.7979166666666667 0.47708333333333336 0.7979166666666667 0.48125 0.8 0.49375 0.8020833333333334 0.5 0.80625 0.50625 0.8104166666666667 0.5104166666666666 0.81875 0.5125 0.8333333333333334 0.5145833333333333 0.8395833333333333 0.5145833333333333 0.8479166666666667 0.50625 0.85625 0.49583333333333335 0.85625 0.4875 0.8541666666666666 0.475 0.8395833333333333 0.46041666666666664 0.8270833333333333 0.4583333333333333
0 0.925 0.43333333333333335 0.91875 0.4375 0.9145833333333333 0.4375 0.9083333333333333 0.4395833333333333 0.9 0.44375 0.8854166666666666 0.4583333333333333 0.8833333333333333 0.4625 0.88125 0.46875 0.88125 0.475 0.8791666666666667 0.4791666666666667 0.8833333333333333 0.48541666666666666 0.8895833333333333 0.49375 0.8958333333333334 0.5020833333333333 0.9020833333333333 0.5104166666666666 0.90625 0.5145833333333333 0.9145833333333333 0.5166666666666667 0.9270833333333334 0.51875 0.9375 0.51875 0.9458333333333333 0.5166666666666667 0.9625 0.5020833333333333 0.9770833333333333 0.4875 0.9791666666666666 0.48333333333333334 0.98125 0.475 0.98125 0.4708333333333333 0.9520833333333333 0.44166666666666665 0.9479166666666666 0.4395833333333333 0.9416666666666667 0.4375 0.9354166666666667 0.4354166666666667 0.9291666666666667 0.43333333333333335
0 0.9708333333333333 0.3625 0.9645833333333333 0.36666666666666664 0.9604166666666667 0.36666666666666664 0.95625 0.36875 0.9479166666666666 0.375 0.9395833333333333 0.38333333333333336 0.9333333333333333 0.3958333333333333 0.93125 0.41041666666666665 0.93125 0.42291666666666666 0.9333333333333333 0.4270833333333333 0.9395833333333333 0.4354166666666667 0.94375 0.4375 0.9541666666666667 0.4395833333333333 0.9583333333333334 0.44166666666666665 0.9666666666666667 0.45 0.975 0.46041666666666664 0.9854166666666667 0.4625 0.99375 0.4625 0.9979166666666667 0.46041666666666664 0.9979166666666667 0.3625
0 0.8791666666666667 0.7833333333333333 0.8729166666666667 0.7875 0.8604166666666667 0.7979166666666667 0.85625 0.8020833333333334 0.8541666666666666 0.8083333333333333 0.8520833333333333 0.81875 0.8520833333333333 0.8229166666666666 0.85625 0.8291666666666667 0.8625 0.8354166666666667 0.8770833333333333 0.8375 0.8875 0.8375 0.8958333333333334 0.8291666666666667 0.9020833333333333 0.8208333333333333 0.9041666666666667 0.8166666666666667 0.90625 0.8104166666666667 0.9083333333333333 0.8020833333333334 0.9083333333333333 0.7958333333333333 0.90625 0.7916666666666666 0.9020833333333333 0.7875 0.8958333333333334 0.7833333333333333
0 0.2125 0.6229166666666667 0.19125 0.645 0.19458333333333336 0.6666666666666666 0.18958333333333333 0.6833333333333333 0.19333333333333333 0.6958333333333333 0.20625 0.7025 0.22291666666666668 0.7020833333333333 0.23125 0.7020833333333333 0.2375 0.7 0.24166666666666667 0.6979166666666666 0.25 0.6916666666666667 0.25833333333333336 0.6833333333333333 0.2604166666666667 0.6770833333333334 0.2625 0.66875 0.26458333333333334 0.6604166666666667 0.26458333333333334 0.6541666666666667 0.2625 0.6479166666666667 0.25833333333333336 0.6395833333333333 0.2520833333333333 0.63125 0.24375 0.6229166666666667
0 0.03333333333333333 0.3854166666666667 0.01875 0.38958333333333334 0.016666666666666666 0.3958333333333333 0.0125 0.4 0.00625 0.4125 0.00625 0.425 0.010416666666666666 0.4395833333333333 0.018541666666666668 0.448125 0.026875 0.450625 0.03333333333333333 0.44104166666666667 0.041666666666666664 0.43125 0.0525 0.421875 0.058333333333333334 0.4083333333333333 0.052083333333333336 0.4 0.052083333333333336 0.39791666666666664 0.04583333333333333 0.38958333333333334 0.041666666666666664 0.3854166666666667
0 0.05416666666666667 0.42291666666666666 0.03958333333333333 0.4354166666666667 0.029166666666666667 0.450625 0.029166666666666667 0.4625 0.035416666666666666 0.4708333333333333 0.04583333333333333 0.48333333333333334 0.052083333333333336 0.4895833333333333 0.06041666666666667 0.4895833333333333 0.07708333333333334 0.4875 0.08541666666666667 0.48541666666666666 0.09583333333333334 0.475 0.09791666666666667 0.4708333333333333 0.1 0.46458333333333335 0.1 0.45625 0.09791666666666667 0.44375 0.09583333333333334 0.4354166666666667 0.09166666666666666 0.43125 0.08895833333333333 0.4275 0.08166666666666668 0.423125 0.06958333333333333 0.415625 0.05979166666666667 0.41354166666666664
0 0.07916666666666666 0.3458333333333333 0.06875 0.34791666666666665 0.06041666666666667 0.35625 0.05416666666666667 0.3645833333333333 0.05416666666666667 0.3729166666666667 0.05625 0.39375 0.06020833333333333 0.41020833333333334 0.06875 0.4125 0.07708333333333334 0.41875 0.08333333333333333 0.42291666666666666 0.09375 0.425 0.10208333333333333 0.425 0.11041666666666666 0.42083333333333334 0.11875 0.4125 0.13125 0.39791666666666664 0.1375 0.38958333333333334 0.13958333333333334 0.38333333333333336 0.13958333333333334 0.375 0.13541666666666666 0.36666666666666664 0.12708333333333333 0.35833333333333334 0.11875 0.35208333333333336 0.1125 0.35 0.10208333333333333 0.34791666666666665 0.09166666666666666 0.3458333333333333
0 0.11875 0.9 0.1125 0.9041666666666667 0.10625 0.9104166666666667 0.09583333333333334 0.925 0.09583333333333334 0.9458333333333333 0.09791666666666667 0.9520833333333333 0.1 0.95625 0.10479166666666666 0.9629166666666666 0.12083333333333333 0.9604166666666667 0.12854166666666667 0.9572916666666667 0.13479166666666667 0.9533333333333334 0.13895833333333335 0.9475 0.14020833333333332 0.941875 0.14166666666666666 0.93125 0.14583333333333334 0.925 0.14583333333333334 0.9125 0.13958333333333334 0.90625 0.12708333333333333 0.9
0 0.18791666666666668 0.9014583333333334 0.17916666666666667 0.90625 0.16458333333333333 0.9083333333333333 0.15416666666666667 0.9125 0.15208333333333332 0.91875 0.14791666666666667 0.9229166666666667 0.14583333333333334 0.9270833333333334 0.14375 0.93125 0.144375 0.9410416666666667 0.144375 0.95 0.146875 0.9539583333333332 0.15145833333333333 0.9558333333333333 0.15833333333333333 0.9583333333333334 0.1625 0.9604166666666667 0.16875 0.9645833333333333 0.18333333333333332 0.9708333333333333 0.1875 0.975 0.19166666666666668 0.9770833333333333 0.19583333333333333 0.9770833333333333 0.20416666666666666 0.975 0.21041666666666667 0.9729166666666667 0.21458333333333332 0.9708333333333333 0.22083333333333333 0.9645833333333333 0.22916666666666666 0.9541666666666667 0.22916666666666666 0.95 0.23333333333333334 0.94375 0.23333333333333334 0.9270833333333334 0.22708333333333333 0.91875 0.22083333333333333 0.9125 0.21666666666666667 0.9104166666666667 0.2125 0.9104166666666667 0.20625 0.90625 0.2 0.9041666666666667
0 0.17708333333333334 0.24375 0.17291666666666666 0.24583333333333332 0.16458333333333333 0.2520833333333333 0.16458333333333333 0.275 0.17083333333333334 0.2791666666666667 0.175 0.28125 0.2 0.28125 0.20416666666666666 0.27708333333333335 0.20625 0.27291666666666664 0.20625 0.25416666666666665 0.19583333333333333 0.24375