0 0 0.9583333333333334 0 0.9958333333333333 0.025 0.9958333333333333 0.022916666666666665 0.9770833333333333 0.022916666666666665 0.9708333333333333 0.0125 0.9625 0.00625 0.9583333333333334
0 0.2708333333333333 0.9583333333333334 0.26458333333333334 0.9583333333333334 0.25625 0.9604166666666667 0.2520833333333333 0.9625 0.24583333333333332 0.96875 0.24166666666666667 0.975 0.24166666666666667 0.99375 0.24583333333333332 0.9979166666666667 0.26458333333333334 0.9979166666666667 0.2833333333333333 0.9958333333333333 0.2875 0.9916666666666667 0.28958333333333336 0.9875 0.28958333333333336 0.9729166666666667 0.28541666666666665 0.9645833333333333 0.2791666666666667 0.9583333333333334
0 0.5958333333333333 0.96875 0.5895833333333333 0.9708333333333333 0.5833333333333334 0.9729166666666667 0.5770833333333333 0.9791666666666666 0.5729166666666666 0.9833333333333333 0.56875 0.9895833333333334 0.56875 0.9979166666666667 0.6270833333333333 0.9979166666666667 0.6291666666666667 0.99375 0.6291666666666667 0.9895833333333334 0.6229166666666667 0.98125 0.6145833333333334 0.9729166666666667 0.6104166666666667 0.9708333333333333 0.6020833333333333 0.96875
0 0.6875 0.9375 0.68125 0.9416666666666667 0.675 0.94375 0.6729166666666667 0.9479166666666666 0.6708333333333333 0.9520833333333333 0.6708333333333333 0.95625 0.6666666666666666 0.9625 0.6666666666666666 0.9666666666666667 0.6625 0.9729166666666667 0.6625 0.9770833333333333 0.6645833333333333 0.9854166666666667 0.6666666666666666 0.99375 0.66875 0.9979166666666667 0.7416666666666667 0.9979166666666667 0.74375 0.98125 0.74375 0.9666666666666667 0.7395833333333334 0.9604166666666667 0.7291666666666666 0.9479166666666666 0.725 0.94375 0.7125 0.9375
0 0.9291666666666667 0.85 0.9208333333333333 0.8520833333333333 0.9125 0.8541666666666666 0.90625 0.8604166666666667 0.9020833333333333 0.8645833333333334 0.8979166666666667 0.8708333333333333 0.8958333333333334 0.875 0.8958333333333334 0.8916666666666667 0.9083333333333333 0.9104166666666667 0.9125 0.9145833333333333 0.91875 0.91875 0.925 0.9229166666666667 0.9291666666666667 0.925 0.95 0.925 0.9583333333333334 0.9208333333333333 0.9625 0.9166666666666666 0.9666666666666667 0.9104166666666667 0.9708333333333333 0.9041666666666667 0.9729166666666667 0.9 0.9729166666666667 0.8916666666666667 0.9708333333333333 0.88125 0.9666666666666667 0.8729166666666667 0.95625 0.8625 0.9479166666666666 0.85625 0.9395833333333333 0.8520833333333333 0.9333333333333333 0.85
0 0.3625 0.66875 0.35625 0.6729166666666667 0.3458333333333333 0.68125 0.3416666666666667 0.6854166666666667 0.3416666666666667 0.7020833333333333 0.34375 0.71875 0.34791666666666665 0.7270833333333333 0.35208333333333336 0.73125 0.35625 0.7416666666666667 0.36041666666666666 0.7458333333333333 0.3625 0.7520833333333333 0.37916666666666665 0.7541666666666667 0.39375 0.7520833333333333 0.39791666666666664 0.7479166666666667 0.4041666666666667 0.7395833333333334 0.41041666666666665 0.73125 0.41458333333333336 0.725 0.41458333333333336 0.6958333333333333 0.4125 0.6916666666666667 0.40625 0.6854166666666667 0.38333333333333336 0.6708333333333333 0.37083333333333335 0.66875
0 0.39791666666666664 0.75 0.39375 0.7541666666666667 0.37916666666666665 0.75625 0.3625 0.7541666666666667 0.35833333333333334 0.7583333333333333 0.35 0.76875 0.3458333333333333 0.775 0.3458333333333333 0.8041666666666667 0.35 0.8083333333333333 0.3625 0.81875 0.36875 0.8229166666666666 0.39375 0.8229166666666666 0.4166666666666667 0.8 0.4166666666666667 0.775 0.4125 0.76875 0.40625 0.7604166666666666 0.4 0.7541666666666667
0 0.25833333333333336 0.75625 0.25416666666666665 0.7583333333333333 0.25 0.7625 0.24375 0.7645833333333333 0.2375 0.76875 0.23333333333333334 0.7729166666666667 0.22916666666666666 0.78125 0.22916666666666666 0.8 0.2375 0.8104166666666667 0.24791666666666667 0.8208333333333333 0.2625 0.8229166666666666 0.275 0.8229166666666666 0.28125 0.81875 0.29375 0.8083333333333333 0.3 0.8020833333333334 0.3020833333333333 0.7958333333333333 0.30416666666666664 0.7875 0.30416666666666664 0.7833333333333333 0.2833333333333333 0.7625 0.2791666666666667 0.7604166666666666 0.2708333333333333 0.7583333333333333 0.2625 0.75625
0 0.3229166666666667 0.7625 0.3125 0.7645833333333333 0.30833333333333335 0.76875 0.30416666666666664 0.775 0.30416666666666664 0.78125 0.30625 0.8 0.3104166666666667 0.8020833333333334 0.3229166666666667 0.8083333333333333 0.33541666666666664 0.8083333333333333 0.3458333333333333 0.80625 0.3458333333333333 0.7729166666666667 0.3458333333333333 0.7666666666666667 0.3416666666666667 0.7645833333333333 0.3333333333333333 0.7625
0 0.47708333333333336 0.6291666666666667 0.46041666666666664 0.6375 0.45625 0.6416666666666667 0.44583333333333336 0.6541666666666667 0.44166666666666665 0.6604166666666667 0.4395833333333333 0.6708333333333333 0.4375 0.6895833333333333 0.4375 0.6979166666666666 0.4395833333333333 0.7020833333333333 0.44583333333333336 0.7104166666666667 0.45208333333333334 0.71875 0.4583333333333333 0.7270833333333333 0.4625 0.73125 0.4666666666666667 0.73125 0.475 0.7333333333333333 0.48333333333333334 0.7354166666666667 0.48541666666666666 0.7375 0.49375 0.7395833333333334 0.4979166666666667 0.7395833333333334 0.5229166666666667 0.7270833333333333 0.5416666666666666 0.7083333333333334 0.54375 0.7041666666666667 0.5458333333333333 0.6979166666666666 0.5458333333333333 0.6604166666666667 0.5229166666666667 0.6375 0.51875 0.6354166666666666 0.5125 0.6333333333333333 0.5041666666666667 0.63125 0.4979166666666667 0.6291666666666667
0 0.5916666666666667 0.6270833333333333 0.58125 0.6291666666666667 0.5770833333333333 0.63125 0.56875 0.6375 0.5625 0.6416666666666667 0.55625 0.6479166666666667 0.5479166666666667 0.6583333333333333 0.5479166666666667 0.6854166666666667 0.55 0.6916666666666667 0.5541666666666667 0.6979166666666666 0.5541666666666667 0.7020833333333333 0.5583333333333333 0.7104166666666667 0.56875 0.7208333333333333 0.5791666666666667 0.725 0.5833333333333334 0.7291666666666666 0.5958333333333333 0.7354166666666667 0.6166666666666667 0.7354166666666667 0.6229166666666667 0.73125 0.6333333333333333 0.7229166666666667 0.6458333333333334 0.7125 0.65 0.7083333333333334 0.6541666666666667 0.7 0.6541666666666667 0.68125 0.6520833333333333 0.6645833333333333 0.6208333333333333 0.6333333333333333 0.6166666666666667 0.63125 0.6104166666666667 0.6291666666666667 0.6020833333333333 0.6270833333333333
0 0.6270833333333333 0.7291666666666666 0.6208333333333333 0.7333333333333333 0.6125 0.74375 0.6083333333333333 0.75 0.6083333333333333 0.75625 0.6104166666666667 0.76875 0.6125 0.7770833333333333 0.6166666666666667 0.7791666666666667 0.63125 0.7854166666666667 0.6375 0.7854166666666667 0.64375 0.7854166666666667 0.65 0.7833333333333333 0.6583333333333333 0.78125 0.6625 0.7791666666666667 0.6645833333333333 0.775 0.6666666666666666 0.7666666666666667 0.6666666666666666 0.7604166666666666 0.6645833333333333 0.7541666666666667 0.6604166666666667 0.7458333333333333 0.64375 0.7291666666666666
0 0.6541666666666667 0.7833333333333333 0.6479166666666667 0.7854166666666667 0.6416666666666667 0.7875 0.6375 0.7895833333333333 0.6291666666666667 0.7979166666666667 0.6270833333333333 0.8020833333333334 0.625 0.8104166666666667 0.6229166666666667 0.8166666666666667 0.6208333333333333 0.825 0.6208333333333333 0.83125 0.625 0.8395833333333333 0.63125 0.84375 0.6395833333333333 0.85 0.6458333333333334 0.8541666666666666 0.65 0.85625 0.6645833333333333 0.85625 0.66875 0.8541666666666666 0.6770833333333334 0.8479166666666667 0.6854166666666667 0.8416666666666667 0.6895833333333333 0.8375 0.6916666666666667 0.8291666666666667 0.69375 0.8166666666666667 0.69375 0.8104166666666667 0.6916666666666667 0.80625 0.6854166666666667 0.7979166666666667 0.6791666666666667 0.7895833333333333 0.6708333333333333 0.7854166666666667 0.6604166666666667 0.7833333333333333
0 0.61875 0.8666666666666667 0.60625 0.86875 0.6 0.8708333333333333 0.5916666666666667 0.8791666666666667 0.5916666666666667 0.9041666666666667 0.59375 0.9104166666666667 0.5979166666666667 0.91875 0.6041666666666666 0.925 0.6125 0.93125 0.625 0.9333333333333333 0.6354166666666666 0.9333333333333333 0.6416666666666667 0.93125 0.6458333333333334 0.9291666666666667 0.65625 0.91875 0.6583333333333333 0.9145833333333333 0.6604166666666667 0.90625 0.6604166666666667 0.9020833333333333 0.6583333333333333 0.89375 0.65625 0.8875 0.6541666666666667 0.8791666666666667 0.6520833333333333 0.875 0.6479166666666667 0.8729166666666667 0.6416666666666667 0.8729166666666667 0.6354166666666666 0.8708333333333333 0.6333333333333333 0.86875 0.625 0.8666666666666667
0 0.6958333333333333 0.022916666666666665 0.6833333333333333 0.03333333333333333 0.675 0.041666666666666664 0.675 0.07708333333333334 0.6791666666666667 0.08333333333333333 0.6875 0.09375 0.6916666666666667 0.09791666666666667 0.7 0.1 0.7125 0.10208333333333333 0.7166666666666667 0.10208333333333333 0.7208333333333333 0.1 0.7270833333333333 0.09583333333333334 0.7333333333333333 0.08958333333333333 0.74375 0.075 0.74375 0.05 0.7395833333333334 0.041666666666666664 0.73125 0.03333333333333333 0.7229166666666667 0.027083333333333334 0.7145833333333333 0.025 0.7020833333333333 0.022916666666666665
0 0.5916666666666667 0.5083333333333333 0.5875 0.5104166666666666 0.58125 0.5145833333333333 0.5729166666666666 0.5208333333333334 0.5666666666666667 0.525 0.5625 0.5354166666666667 0.5604166666666667 0.55 0.5604166666666667 0.55625 0.5625 0.5604166666666667 0.5666666666666667 0.5666666666666667 0.5708333333333333 0.5729166666666666 0.575 0.5791666666666667 0.5791666666666667 0.5854166666666667 0.5875 0.5895833333333333 0.5958333333333333 0.5916666666666667 0.6041666666666666 0.59375 0.6083333333333333 0.59375 0.6333333333333333 0.58125 0.6375 0.5770833333333333 0.6416666666666667 0.5708333333333333 0.64375 0.5666666666666667 0.6458333333333334 0.5583333333333333 0.6458333333333334 0.5479166666666667 0.64375 0.5416666666666666 0.6416666666666667 0.5354166666666667 0.6395833333333333 0.53125 0.6333333333333333 0.5229166666666667 0.6229166666666667 0.5125 0.6145833333333334 0.5083333333333333
0 0.525 0.5083333333333333 0.5125 0.51875 0.5041666666666667 0.5270833333333333 0.5020833333333333 0.5375 0.5020833333333333 0.5458333333333333 0.5125 0.5583333333333333 0.5229166666666667 0.56875 0.5395833333333333 0.56875 0.54375 0.5666666666666667 0.5479166666666667 0.5625 0.5541666666666667 0.5604166666666667 0.5583333333333333 0.55625 0.5604166666666667 0.5479166666666667 0.5625 0.5333333333333333 0.5625 0.525 0.5583333333333333 0.5208333333333334 0.55 0.5145833333333333 0.54375 0.5104166666666666 0.5333333333333333 0.5083333333333333
0 0.425 0.5270833333333333 0.41458333333333336 0.5291666666666667 0.41041666666666665 0.5333333333333333 0.40625 0.5395833333333333 0.40625 0.5583333333333333 0.4125 0.5645833333333333 0.42083333333333334 0.5708333333333333 0.4375 0.5708333333333333 0.44375 0.5645833333333333 0.4479166666666667 0.5583333333333333 0.4479166666666667 0.5541666666666667 0.44583333333333336 0.5416666666666666 0.44166666666666665 0.5333333333333333 0.4354166666666667 0.5291666666666667 0.43125 0.5270833333333333
0 0.21041666666666667 0.3416666666666667 0.20416666666666666 0.34375 0.2 0.34791666666666665 0.19375 0.35 0.18958333333333333 0.36041666666666666 0.1875 0.3770833333333333 0.1875 0.38333333333333336 0.18958333333333333 0.3875 0.19583333333333333 0.3958333333333333 0.20208333333333334 0.4041666666666667 0.21041666666666667 0.4083333333333333 0.22291666666666668 0.41041666666666665 0.22708333333333333 0.41041666666666665 0.23125 0.40625 0.23958333333333334 0.4 0.24166666666666667 0.4 0.24791666666666667 0.39375 0.2520833333333333 0.3854166666666667 0.2520833333333333 0.36875 0.24791666666666667 0.3625 0.2375 0.35 0.23333333333333334 0.3458333333333333 0.22916666666666666 0.34375 0.22291666666666668 0.3416666666666667 0.21666666666666667 0.3416666666666667
0 0.21458333333333332 0.45625 0.20416666666666666 0.46041666666666664 0.19791666666666666 0.47291666666666665 0.19791666666666666 0.48333333333333334 0.2 0.49375 0.20833333333333334 0.5041666666666667 0.21666666666666667 0.5125 0.23541666666666666 0.5104166666666666 0.24166666666666667 0.5020833333333333 0.24375 0.4979166666666667 0.24375 0.4791666666666667 0.23958333333333334 0.47291666666666665 0.23333333333333334 0.46458333333333335 0.22916666666666666 0.46041666666666664 0.22083333333333333 0.45625
0 0.15416666666666667 0.4583333333333333 0.12291666666666666 0.47708333333333336 0.11875 0.48125 0.11458333333333333 0.4895833333333333 0.11458333333333333 0.5166666666666667 0.12291666666666666 0.5333333333333333 0.13125 0.5416666666666666 0.14166666666666666 0.55 0.15 0.5520833333333334 0.1625 0.5541666666666667 0.17083333333333334 0.5541666666666667 0.18333333333333332 0.5479166666666667 0.19166666666666668 0.5395833333333333 0.19791666666666666 0.53125 0.2 0.5229166666666667 0.20208333333333334 0.5083333333333333 0.20208333333333334 0.5020833333333333 0.2 0.4979166666666667 0.19375 0.49166666666666664 0.18958333333333333 0.48333333333333334 0.1875 0.47708333333333336 0.1875 0.4708333333333333 0.17083333333333334 0.4583333333333333
0 0.5958333333333333 0.8291666666666667 0.5791666666666667 0.83125 0.56875 0.8333333333333334 0.5666666666666667 0.84375 0.5666666666666667 0.8520833333333333 0.575 0.8625 0.5854166666666667 0.8729166666666667 0.5916666666666667 0.8729166666666667 0.5979166666666667 0.8708333333333333 0.6041666666666666 0.8666666666666667 0.6125 0.8604166666666667 0.6166666666666667 0.85625 0.6166666666666667 0.8520833333333333 0.6145833333333334 0.8395833333333333 0.6125 0.8333333333333334 0.6083333333333333 0.83125 0.6041666666666666 0.8291666666666667
0 0.5104166666666666 0.7875 0.5041666666666667 0.79375 0.4895833333333333 0.8104166666666667 0.48333333333333334 0.81875 0.48333333333333334 0.8395833333333333 0.5 0.8666666666666667 0.5041666666666667 0.8708333333333333 0.5083333333333333 0.8729166666666667 0.51875 0.875 0.5270833333333333 0.875 0.54375 0.8666666666666667 0.5520833333333334 0.8604166666666667 0.5604166666666667 0.8520833333333333 0.5666666666666667 0.8395833333333333 0.5666666666666667 0.8166666666666667 0.5645833333333333 0.8104166666666667 0.5520833333333334 0.7979166666666667 0.5479166666666667 0.79375 0.5354166666666667 0.7875
0 0.4666666666666667 0.7395833333333334 0.4625 0.7416666666666667 0.45416666666666666 0.7479166666666667 0.4479166666666667 0.7520833333333333 0.4395833333333333 0.7583333333333333 0.4354166666666667 0.7770833333333333 0.4354166666666667 0.7916666666666666 0.44375 0.8020833333333334 0.45416666666666666 0.8125 0.46041666666666664 0.8145833333333333 0.46875 0.8166666666666667 0.47708333333333336 0.81875 0.48125 0.81875 0.4875 0.8125 0.5020833333333333 0.7958333333333333 0.5041666666666667 0.7895833333333333 0.50625 0.78125 0.5083333333333333 0.7729166666666667 0.5083333333333333 0.7666666666666667 0.50625 0.7604166666666666 0.5020833333333333 0.7520833333333333 0.49375 0.74375 0.48541666666666666 0.7416666666666667 0.47291666666666665 0.7395833333333334
0 0.9979166666666667 0.04375 0.9916666666666667 0.05 0.9770833333333333 0.0625 0.9770833333333333 0.0875 0.9875 0.1 0.9979166666666667 0.11041666666666666
0 0.8625 0.575 0.8541666666666666 0.5770833333333333 0.85 0.5791666666666667 0.8375 0.5895833333333333 0.8270833333333333 0.6 0.825 0.6083333333333333 0.8229166666666666 0.625 0.8229166666666666 0.63125 0.8458333333333333 0.6541666666666667 0.8583333333333333 0.6541666666666667 0.8708333333333333 0.6520833333333333 0.8833333333333333 0.6458333333333334 0.8875 0.6416666666666667 0.8979166666666667 0.6208333333333333 0.8979166666666667 0.6104166666666667 0.8958333333333334 0.5958333333333333 0.8916666666666667 0.5875 0.8875 0.5833333333333334 0.88125 0.5791666666666667 0.8770833333333333 0.5770833333333333 0.8708333333333333 0.575
0 0.35 0.30833333333333335 0.3333333333333333 0.3229166666666667 0.31875 0.3375 0.31666666666666665 0.34375 0.3145833333333333 0.35208333333333336 0.3145833333333333 0.35625 0.3229166666666667 0.36666666666666664 0.3333333333333333 0.3770833333333333 0.3458333333333333 0.38333333333333336 0.35833333333333334 0.3854166666666667 0.36875 0.3854166666666667 0.375 0.38125 0.3854166666666667 0.3729166666666667 0.38958333333333334 0.36875 0.39166666666666666 0.36041666666666666 0.39375 0.34375 0.39375 0.33541666666666664 0.39166666666666666 0.33125 0.3854166666666667 0.3229166666666667 0.37916666666666665 0.3145833333333333 0.36875 0.3104166666666667 0.35625 0.30833333333333335
0 0.32708333333333334 0.03333333333333333 0.3145833333333333 0.035416666666666666 0.30833333333333335 0.041666666666666664 0.29583333333333334 0.05625 0.28958333333333336 0.06458333333333334 0.28958333333333336 0.06875 0.2916666666666667 0.08125 0.29375 0.0875 0.32083333333333336 0.11458333333333333 0.325 0.11666666666666667 0.33125 0.11875 0.34375 0.11875 0.35625 0.11666666666666667 0.36875 0.10416666666666667 0.375 0.09166666666666666 0.375 0.08541666666666667 0.3729166666666667 0.07708333333333334 0.37083333333333335 0.06875 0.36875 0.06458333333333334 0.3625 0.05625 0.35208333333333336 0.04375 0.3458333333333333 0.0375 0.3375 0.03333333333333333
0 0.36875 0.0020833333333333333 0.36875 0.016666666666666666 0.37083333333333335 0.029166666666666667 0.375 0.035416666666666666 0.38333333333333336 0.04583333333333333 0.3875 0.05 0.39375 0.052083333333333336 0.40625 0.05416666666666667 0.41041666666666665 0.05416666666666667 0.4166666666666667 0.05 0.42916666666666664 0.03958333333333333 0.43333333333333335 0.035416666666666666 0.4354166666666667 0.027083333333333334 0.4375 0.010416666666666666 0.4375 0.004166666666666667 0.4354166666666667 0
0 0.5083333333333333 0.28541666666666665 0.4895833333333333 0.2875 0.4791666666666667 0.29583333333333334 0.4708333333333333 0.30416666666666664 0.46875 0.30833333333333335 0.4666666666666667 0.3145833333333333 0.4666666666666667 0.32083333333333336 0.46875 0.33125 0.4708333333333333 0.33958333333333335 0.47291666666666665 0.3458333333333333 0.48125 0.3541666666666667 0.49375 0.3645833333333333 0.50625 0.36666666666666664 0.51875 0.36666666666666664 0.5270833333333333 0.3645833333333333 0.5333333333333333 0.3625 0.5375 0.35833333333333334 0.54375 0.35 0.55 0.3416666666666667 0.5541666666666667 0.33541666666666664 0.5541666666666667 0.32916666666666666 0.5520833333333334 0.31666666666666665 0.55 0.30833333333333335 0.54375 0.3 0.5333333333333333 0.28958333333333336 0.525 0.28541666666666665
0 0.6104166666666667 0.3375 0.5979166666666667 0.33958333333333335 0.5854166666666667 0.3458333333333333 0.5791666666666667 0.35208333333333336 0.56875 0.3645833333333333 0.5625 0.3729166666666667 0.5604166666666667 0.3854166666666667 0.5604166666666667 0.40208333333333335 0.5625 0.4125 0.5645833333333333 0.41875 0.56875 0.42291666666666666 0.5770833333333333 0.42916666666666664 0.5875 0.4375 0.59375 0.44166666666666665 0.5979166666666667 0.44166666666666665 0.6083333333333333 0.4395833333333333 0.61875 0.4375 0.625 0.4354166666666667 0.63125 0.43125 0.64375 0.42083333333333334 0.6520833333333333 0.4125 0.65625 0.4041666666666667 0.6583333333333333 0.38333333333333336 0.6583333333333333 0.3645833333333333 0.65625 0.36041666666666666 0.65 0.3541666666666667 0.6354166666666666 0.34375 0.63125 0.34375 0.6208333333333333 0.3375
0 0.5208333333333334 0.36666666666666664 0.5104166666666666 0.36875 0.5 0.37083333333333335 0.49166666666666664 0.375 0.4875 0.38125 0.48333333333333334 0.3875 0.48125 0.39166666666666666 0.48125 0.4125 0.4895833333333333 0.42916666666666664 0.49375 0.43333333333333335 0.5 0.4354166666666667 0.5041666666666667 0.4395833333333333 0.5104166666666666 0.44375 0.51875 0.4479166666666667 0.53125 0.4479166666666667 0.54375 0.44583333333333336 0.5541666666666667 0.4354166666666667 0.5625 0.41875 0.5604166666666667 0.4125 0.5583333333333333 0.40208333333333335 0.55625 0.37916666666666665 0.55 0.375 0.54375 0.37083333333333335 0.5395833333333333 0.36875 0.53125 0.36666666666666664
0 0.6791666666666667 0.21666666666666667 0.6666666666666666 0.22291666666666668 0.6604166666666667 0.22916666666666666 0.6541666666666667 0.2375 0.6520833333333333 0.24375 0.65 0.25625 0.65 0.26458333333333334 0.6520833333333333 0.27291666666666664 0.6541666666666667 0.27708333333333335 0.6625 0.2875 0.6708333333333333 0.29583333333333334 0.6791666666666667 0.29791666666666666 0.69375 0.3 0.7 0.3 0.7166666666666667 0.2916666666666667 0.7229166666666667 0.28541666666666665 0.7270833333333333 0.2791666666666667 0.7291666666666666 0.2708333333333333 0.73125 0.25416666666666665 0.73125 0.24791666666666667 0.7291666666666666 0.24375 0.725 0.2375 0.7208333333333333 0.23125 0.7166666666666667 0.22708333333333333 0.70625 0.21875 0.7 0.21666666666666667
0 0.03958333333333333 0.0020833333333333333 0.03958333333333333 0.014583333333333334 0.041666666666666664 0.025 0.05416666666666667 0.03958333333333333 0.06666666666666667 0.052083333333333336 0.07083333333333333 0.05416666666666667 0.07916666666666666 0.05625 0.08958333333333333 0.05625 0.1 0.05416666666666667 0.10625 0.05 0.1125 0.04375 0.11666666666666667 0.035416666666666666 0.11458333333333333 0
0 0.19375 0.07291666666666667 0.1875 0.07708333333333334 0.17916666666666667 0.08333333333333333 0.175 0.0875 0.17083333333333334 0.09583333333333334 0.17083333333333334 0.10625 0.17291666666666666 0.11666666666666667 0.175 0.12083333333333333 0.18125 0.12916666666666668 0.18958333333333333 0.13333333333333333 0.19791666666666666 0.13541666666666666 0.20625 0.1375 0.21041666666666667 0.1375 0.21458333333333332 0.13541666666666666 0.22083333333333333 0.13125 0.22916666666666666 0.125 0.23333333333333334 0.11666666666666667 0.23541666666666666 0.10625 0.23541666666666666 0.10208333333333333 0.23333333333333334 0.09791666666666667 0.22916666666666666 0.09375 0.225 0.0875 0.225 0.08541666666666667 0.22083333333333333 0.07916666666666666 0.21666666666666667 0.075 0.2125 0.07291666666666667
0 0.6791666666666667 0.12291666666666666 0.675 0.125 0.66875 0.12916666666666668 0.6625 0.13333333333333333 0.6583333333333333 0.1375 0.6479166666666667 0.15208333333333332 0.6479166666666667 0.16875 0.6585416666666667 0.19083333333333333 0.676875 0.19958333333333333 0.6939583333333333 0.19854166666666667 0.7041666666666667 0.19583333333333333 0.7104166666666667 0.19375 0.71875 0.18958333333333333 0.725 0.18333333333333332 0.7291666666666666 0.17708333333333334 0.73125 0.16875 0.73125 0.15833333333333333 0.725 0.14583333333333334 0.70625 0.12708333333333333 0.6979166666666666 0.12291666666666666
0 0.16666666666666666 0 0.17083333333333334 0.0020833333333333333 0.17645833333333333 0.006875 0.18375 0.009791666666666667 0.194375 0.00875 0.20145833333333335 0.00625 0.20416666666666666 0
0 0.4979166666666667 0.1875 0.48541666666666666 0.19791666666666666 0.4791666666666667 0.20416666666666666 0.475 0.21458333333333332 0.4666666666666667 0.22291666666666668 0.4666666666666667 0.2375 0.46875 0.25 0.47291666666666665 0.25833333333333336 0.47708333333333336 0.26458333333333334 0.48125 0.26875 0.49354166666666666 0.27770833333333333 0.5083333333333333 0.2791666666666667 0.5270833333333333 0.2791666666666667 0.53125 0.275 0.5375 0.26666666666666666 0.54375 0.25833333333333336 0.5458333333333333 0.25416666666666665 0.5458333333333333 0.22083333333333333 0.5375 0.20416666666666666 0.5229166666666667 0.18958333333333333 0.5104166666666666 0.1875
0 0.5145833333333333 0.09791666666666667 0.5020833333333333 0.10416666666666667 0.4979166666666667 0.10833333333333334 0.49583333333333335 0.11458333333333333 0.49166666666666664 0.11875 0.4875 0.125 0.48541666666666666 0.13125 0.48125 0.13541666666666666 0.47708333333333336 0.14375 0.4764583333333333 0.15416666666666667 0.47833333333333333 0.16104166666666667 0.48083333333333333 0.16916666666666666 0.48854166666666665 0.18229166666666666 0.5035416666666667 0.18479166666666666 0.525 0.18333333333333332 0.5291666666666667 0.18125 0.5375 0.175 0.54375 0.17083333333333334 0.55 0.16458333333333333 0.55625 0.15833333333333333 0.5583333333333333 0.15208333333333332 0.5583333333333333 0.1375 0.55625 0.12291666666666666 0.5520833333333334 0.11666666666666667 0.5416666666666666 0.10416666666666667 0.5375 0.1 0.525 0.09791666666666667
0 0.43812500000000004 0.14895833333333333 0.43333333333333335 0.15145833333333333 0.42916666666666664 0.15625 0.4233333333333333 0.15895833333333334 0.41875 0.1625 0.41458333333333336 0.16666666666666666 0.4083333333333333 0.17291666666666666 0.40625 0.17916666666666667 0.40625 0.18958333333333333 0.4083333333333333 0.19791666666666666 0.41041666666666665 0.20208333333333334 0.4166666666666667 0.21041666666666667 0.42291666666666666 0.21875 0.4270833333333333 0.22291666666666668 0.4354166666666667 0.225 0.45 0.22708333333333333 0.45625 0.22708333333333333 0.46041666666666664 0.225 0.46875 0.21875 0.47291666666666665 0.21458333333333332 0.48125 0.19791666666666666 0.48333333333333334 0.1875 0.48333333333333334 0.17916666666666667 0.47291666666666665 0.15833333333333333 0.46458333333333335 0.15416666666666667 0.45583333333333337 0.14895833333333333 0.44479166666666664 0.1475
0 0.39791666666666664 0.08333333333333333 0.38125 0.09166666666666666 0.3770833333333333 0.09583333333333334 0.36666666666666664 0.11666666666666667 0.36666666666666664 0.14166666666666666 0.37083333333333335 0.14791666666666667 0.3729166666666667 0.15416666666666667 0.3854166666666667 0.16395833333333334 0.396875 0.16875 0.41291666666666665 0.16520833333333332 0.42916666666666664 0.15208333333333332 0.43333333333333335 0.14791666666666667 0.4379166666666666 0.14479166666666668 0.4395833333333333 0.1375 0.44375 0.12916666666666668 0.44375 0.1125 0.43333333333333335 0.09791666666666667 0.4270833333333333 0.09166666666666666 0.41875 0.08541666666666667 0.41458333333333336 0.08333333333333333
0 0.9670833333333333 0.23479166666666668 0.9458333333333333 0.23541666666666666 0.9416666666666667 0.23958333333333334 0.9354166666666667 0.24791666666666667 0.9270833333333334 0.25833333333333336 0.9208333333333333 0.26666666666666666 0.9166666666666666 0.27291666666666664 0.9145833333333333 0.2833333333333333 0.9145833333333333 0.29375 0.9166666666666666 0.3 0.9208333333333333 0.30625 0.9208333333333333 0.3104166666666667 0.9229166666666667 0.3145833333333333 0.9416666666666667 0.3333333333333333 0.9583333333333334 0.3416666666666667 0.975 0.34375 0.9875 0.34375 0.9958333333333333 0.33958333333333335 0.9979166666666667 0.2375 0.9931249999999999 0.23395833333333332
0 0.2791666666666667 0.0020833333333333333 0.2660416666666667 0.005625000000000001 0.2604166666666667 0.010833333333333334 0.25625 0.016666666666666666 0.2520833333333333 0.022916666666666665 0.24791666666666667 0.03125 0.24791666666666667 0.041666666666666664 0.2520833333333333 0.05416666666666667 0.2604166666666667 0.06041666666666667 0.26458333333333334 0.0625 0.28541666666666665 0.0625 0.2916666666666667 0.05625 0.3020833333333333 0.04375 0.30625 0.0375 0.30625 0.03333333333333333 0.30416666666666664 0.020833333333333332 0.3020833333333333 0.014583333333333334 0.29583333333333334 0.008333333333333333 0.2875 0.0020833333333333333
0 0.2520833333333333 0 0.2791666666666667 0 0.261875 0.004791666666666666
0 0.2708333333333333 0.20416666666666666 0.26458333333333334 0.20833333333333334 0.25416666666666665 0.21666666666666667 0.25 0.22083333333333333 0.24791666666666667 0.23125 0.24791666666666667 0.24166666666666667 0.25 0.24583333333333332 0.25625 0.25416666666666665 0.26458333333333334 0.25833333333333336 0.27708333333333335 0.2604166666666667 0.28125 0.2604166666666667 0.28958333333333336 0.25416666666666665 0.29791666666666666 0.24583333333333332 0.3 0.23958333333333334 0.3020833333333333 0.22708333333333333 0.3020833333333333 0.22291666666666668 0.3 0.21875 0.29375 0.21041666666666667 0.28541666666666665 0.20625 0.275 0.20416666666666666
0 0.2708333333333333 0.12916666666666668 0.2604166666666667 0.13958333333333334 0.2520833333333333 0.15 0.25 0.16041666666666668 0.25 0.16875 0.2708333333333333 0.18958333333333333 0.2833333333333333 0.18958333333333333 0.29583333333333334 0.1875 0.3 0.18333333333333332 0.30833333333333335 0.17291666666666666 0.3125 0.16666666666666666 0.3125 0.14791666666666667 0.30416666666666664 0.1375 0.29583333333333334 0.12916666666666668
0 0 0.41041666666666665 0 0.49375 0.004166666666666667 0.49583333333333335 0.016666666666666666 0.4979166666666667 0.027083333333333334 0.4979166666666667 0.041666666666666664 0.4875 0.04583333333333333 0.48333333333333334 0.05 0.47708333333333336 0.052083333333333336 0.4708333333333333 0.05625 0.4666666666666667 0.058333333333333334 0.4625 0.058333333333333334 0.4583333333333333 0.05625 0.45 0.05416666666666667 0.44375 0.022916666666666665 0.4125 0.014583333333333334 0.4083333333333333
0 0.01875 0.6895833333333333 0.00625 0.6958333333333333 0.0020833333333333333 0.7 0 0.7041666666666667 0 0.7375 0.004166666666666667 0.7416666666666667 0.010416666666666666 0.7479166666666667 0.016666666666666666 0.75 0.020833333333333332 0.75 0.027083333333333334 0.75 0.04583333333333333 0.7416666666666667 0.05 0.7375 0.05416666666666667 0.7291666666666666 0.05416666666666667 0.7125 0.05 0.7041666666666667 0.04583333333333333 0.7 0.03958333333333333 0.69375 0.03125 0.6916666666666667 0.022916666666666665 0.6895833333333333
0 0.06666666666666667 0.9520833333333333 0.058333333333333334 0.9541666666666667 0.05 0.95625 0.04375 0.9583333333333334 0.025 0.9770833333333333 0.025 0.99375 0.029166666666666667 0.9979166666666667 0.11041666666666666 0.9979166666666667 0.1125 0.9895833333333334 0.1125 0.9833333333333333 0.11041666666666666 0.9791666666666666 0.10416666666666667 0.9708333333333333 0.09583333333333334 0.9625 0.08333333333333333 0.95625 0.07916666666666666 0.95625 0.07291666666666667 0.9520833333333333
0 0.9451250000000001 0.23133333333333334 0.9423333333333334 0.22679166666666667 0.9409375 0.22154166666666666 0.9391875 0.21629166666666666 0.938125 0.21104166666666666 0.938125 0.20545833333333335 0.9388333333333333 0.20020833333333332 0.9409375 0.1953125 0.9426875 0.1900625 0.9451250000000001 0.18516666666666665 0.9486249999999999 0.18097916666666666 0.9517708333333333 0.1764375 0.9552708333333333 0.171875 0.9598125 0.16872916666666665 0.9647083333333334 0.16664583333333333 0.9699583333333333 0.16522916666666668 0.9755625 0.16489583333333335 0.9807916666666666 0.16522916666666668 0.9856874999999999 0.1676875 0.99025 0.17047916666666665 0.9944375 0.17397916666666668 0.9979375 0.17816666666666667 1 0.183 1 0.22577083333333334 0.9968958333333333 0.22889583333333335 0.9923333333333333 0.23204166666666665 0.9871041666666667 0.23272916666666665 0.9818541666666667 0.2334375 0.9766041666666666 0.23379166666666668 0.9713541666666666 0.2334375 0.9661041666666667 0.23237500000000003 0.9608541666666667 0.23308333333333334 0.9525 0.23375
0 0.34289583333333334 0.180625 0.34568750000000004 0.17608333333333331 0.35093749999999996 0.17397916666666668 0.3561875 0.17258333333333334 0.3614375 0.17154166666666668 0.3670208333333333 0.17154166666666668 0.37227083333333333 0.17327083333333335 0.37752083333333336 0.17502083333333335 0.3824166666666667 0.17747916666666666 0.38627083333333334 0.18133333333333335 0.3890625 0.18622916666666667 0.39149999999999996 0.191125 0.39256250000000004 0.19635416666666666 0.3936041666666667 0.20160416666666667 0.3939583333333333 0.20685416666666667 0.39325 0.21210416666666668 0.3922083333333333 0.21735416666666665 0.39010416666666664 0.22258333333333333 0.3880208333333333 0.22747916666666665 0.3845208333333333 0.2316875 0.379625 0.23447916666666666 0.3750625 0.23797916666666669 0.3705208333333333 0.24077083333333332 0.3652708333333334 0.24183333333333332 0.3596875 0.24147916666666666 0.3551458333333333 0.2386875 0.35025 0.235875 0.34604166666666664 0.23237500000000003 0.34220833333333334 0.22854166666666667 0.33939583333333334 0.22364583333333332 0.33695833333333336 0.21875 0.33589583333333334 0.2135 0.33589583333333334 0.20789583333333334 0.33625 0.20266666666666666 0.33660416666666665 0.19741666666666668 0.3376458333333333 0.19216666666666665 0.3383541666666667 0.18691666666666668
0 0.4761458333333334 0.0015625 0.47160416666666666 0.005416666666666667 0.46950000000000003 0.0103125 0.46670833333333334 0.014854166666666667 0.46425 0.01975 0.4625 0.025 0.4611041666666667 0.03025 0.46039583333333334 0.035479166666666666 0.46145833333333336 0.04072916666666667 0.4625 0.04633333333333333 0.46460416666666665 0.051583333333333335 0.46739583333333334 0.056125 0.46950000000000003 0.06102083333333333 0.4726458333333333 0.0655625 0.4761458333333334 0.06977083333333334 0.48033333333333333 0.07466666666666667 0.48489583333333336 0.0778125 0.4894375 0.08060416666666666 0.4946875 0.08235416666666667 0.4999166666666667 0.08270833333333334 0.5055208333333333 0.08304166666666667 0.5107708333333333 0.08339583333333334 0.5160208333333334 0.082 0.5209166666666667 0.0795625 0.5261458333333333 0.0778125 0.5307083333333333 0.07466666666666667 0.5348958333333333 0.07116666666666666 0.5391041666666666 0.06766666666666667 0.5429375000000001 0.0638125 0.5464375 0.059625000000000004 0.5492291666666667 0.05472916666666667 0.5520416666666667 0.049833333333333334 0.5548333333333333 0.0449375 0.5569375 0.04004166666666666 0.5583333333333333 0.034791666666666665 0.5600833333333333 0.029541666666666667 0.5597291666666667 0.0239375 0.5597291666666667 0.018354166666666668 0.5586875 0.012750000000000001 0.5572708333333334 0.007520833333333333 0.5541250000000001 0.002958333333333333 0.5516666666666666 0 0.47762499999999997 0