0 0.8916666666666667 0.7479166666666667 0.8854166666666666 0.75 0.8770833333333333 0.7520833333333333 0.8708333333333333 0.7583333333333333 0.8645833333333334 0.7645833333333333 0.8625 0.76875 0.8625 0.775 0.8645833333333334 0.7875 0.8666666666666667 0.79375 0.88125 0.8083333333333333 0.8979166666666667 0.8229166666666666 0.9083333333333333 0.825 0.9145833333333333 0.825 0.9208333333333333 0.8208333333333333 0.93125 0.8125 0.9354166666666667 0.8083333333333333 0.9375 0.8020833333333334 0.9395833333333333 0.7895833333333333 0.9395833333333333 0.7833333333333333 0.9333333333333333 0.7708333333333334 0.9270833333333334 0.7645833333333333 0.9145833333333333 0.7541666666666667 0.9083333333333333 0.75 0.9 0.7479166666666667
0 0.81875 0.6770833333333334 0.80625 0.6791666666666667 0.7979166666666667 0.68125 0.79375 0.6854166666666667 0.7854166666666667 0.6958333333333333 0.78125 0.7020833333333333 0.78125 0.7083333333333334 0.7833333333333333 0.7229166666666667 0.7854166666666667 0.73125 0.79375 0.7395833333333334 0.8041666666666667 0.7479166666666667 0.8083333333333333 0.75 0.8145833333333333 0.7520833333333333 0.8270833333333333 0.7520833333333333 0.8375 0.75 0.8416666666666667 0.7458333333333333 0.85 0.7354166666666667 0.8541666666666666 0.7291666666666666 0.8541666666666666 0.7125 0.85 0.70625 0.85 0.7020833333333333 0.8479166666666667 0.6958333333333333 0.825 0.6770833333333334
0 0.8770833333333333 0.9875 0.8729166666666667 0.9895833333333334 0.8666666666666667 0.99375 0.8645833333333334 0.9979166666666667 0.9083333333333333 0.9979166666666667 0.9041666666666667 0.99375 0.8958333333333334 0.9875
0 0.9541666666666667 0.675 0.9479166666666666 0.6791666666666667 0.94375 0.6791666666666667 0.9395833333333333 0.68125 0.9375 0.6854166666666667 0.9354166666666667 0.6895833333333333 0.9333333333333333 0.6958333333333333 0.9333333333333333 0.7 0.9395833333333333 0.7104166666666667 0.9416666666666667 0.7166666666666667 0.9479166666666666 0.71875 0.9541666666666667 0.7229166666666667 0.9708333333333333 0.7229166666666667 0.975 0.7208333333333333 0.9833333333333333 0.7145833333333333 0.9875 0.7020833333333333 0.9875 0.6916666666666667 0.9854166666666667 0.6875 0.98125 0.68125 0.9729166666666667 0.6770833333333334 0.9604166666666667 0.675
0 0.6625 0.8270833333333333 0.65625 0.8333333333333334 0.65625 0.8458333333333333 0.6604166666666667 0.8625 0.66875 0.8666666666666667 0.6770833333333334 0.8666666666666667 0.6875 0.8625 0.6895833333333333 0.8583333333333333 0.6895833333333333 0.8520833333333333 0.6875 0.8416666666666667 0.6854166666666667 0.8354166666666667 0.68125 0.83125 0.6770833333333334 0.8291666666666667 0.66875 0.8270833333333333
0 0.5166666666666667 0.88125 0.5083333333333333 0.8833333333333333 0.5041666666666667 0.8875 0.5 0.89375 0.5 0.9104166666666667 0.5083333333333333 0.91875 0.5229166666666667 0.91875 0.5270833333333333 0.9166666666666666 0.53125 0.9125 0.5333333333333333 0.9041666666666667 0.5333333333333333 0.8958333333333334 0.5270833333333333 0.8875 0.5208333333333334 0.88125
0 0.022916666666666665 0.6270833333333333 0.0125 0.6375 0.010416666666666666 0.64375 0.008333333333333333 0.6520833333333333 0.008333333333333333 0.65625 0.014583333333333334 0.6645833333333333 0.020833333333333332 0.6708333333333333 0.03125 0.6708333333333333 0.05 0.6541666666666667 0.05 0.65 0.052083333333333336 0.6458333333333334 0.04791666666666667 0.6395833333333333 0.041666666666666664 0.63125 0.0375 0.6270833333333333
0 0.8604166666666667 0 0.8604166666666667 0.004166666666666667 0.8625 0.014583333333333334 0.8645833333333334 0.025 0.8666666666666667 0.03125 0.8708333333333333 0.035416666666666666 0.8791666666666667 0.041666666666666664 0.8875 0.04791666666666667 0.89375 0.052083333333333336 0.9 0.052083333333333336 0.9104166666666667 0.05 0.9166666666666666 0.04583333333333333 0.9229166666666667 0.04583333333333333 0.9291666666666667 0.03958333333333333 0.9354166666666667 0.025 0.9395833333333333 0.01875 0.9416666666666667 0.014583333333333334 0.9479166666666666 0.010416666666666666 0.95 0.00625 0.95 0
0 0.9583333333333334 0.010416666666666666 0.9520833333333333 0.010416666666666666 0.94375 0.014583333333333334 0.9416666666666667 0.020833333333333332 0.9375 0.025 0.93125 0.0375 0.93125 0.041666666666666664 0.9333333333333333 0.04583333333333333 0.9395833333333333 0.04583333333333333 0.95 0.052083333333333336 0.9541666666666667 0.052083333333333336 0.9604166666666667 0.05625 0.9645833333333333 0.05625 0.9729166666666667 0.06041666666666667 0.9791666666666666 0.06041666666666667 0.9791666666666666 0.05625 0.9833333333333333 0.05 0.9854166666666667 0.04375 0.9854166666666667 0.03958333333333333 0.9833333333333333 0.03125 0.98125 0.022916666666666665 0.975 0.016666666666666666 0.9708333333333333 0.0125 0.9645833333333333 0.010416666666666666
0 0.9166666666666666 0.04791666666666667 0.9041666666666667 0.05416666666666667 0.8958333333333334 0.0625 0.8916666666666667 0.07083333333333333 0.8895833333333333 0.07708333333333334 0.8895833333333333 0.08333333333333333 0.8916666666666667 0.09166666666666666 0.89375 0.1 0.8958333333333334 0.10416666666666667 0.9 0.10833333333333334 0.9104166666666667 0.11666666666666667 0.9166666666666666 0.12083333333333333 0.93125 0.12291666666666666 0.9458333333333333 0.12291666666666666 0.95 0.12083333333333333 0.9520833333333333 0.11458333333333333 0.9541666666666667 0.10833333333333334 0.9583333333333334 0.10416666666666667 0.9625 0.09375 0.9666666666666667 0.0875 0.96875 0.08333333333333333 0.975 0.07916666666666666 0.9770833333333333 0.075 0.9770833333333333 0.06458333333333334 0.9729166666666667 0.0625 0.9645833333333333 0.058333333333333334 0.9604166666666667 0.058333333333333334 0.9541666666666667 0.05416666666666667 0.95 0.05416666666666667 0.9395833333333333 0.04791666666666667
0 0.98125 0.07708333333333334 0.96875 0.08958333333333333 0.9645833333333333 0.09375 0.9604166666666667 0.10416666666666667 0.95625 0.10833333333333334 0.9520833333333333 0.11666666666666667 0.9520833333333333 0.12916666666666668 0.9645833333333333 0.14375 0.9770833333333333 0.15625 0.98125 0.15833333333333333 0.9895833333333334 0.16041666666666668 0.99375 0.16041666666666668 0.9979166666666667 0.1625 0.9979166666666667 0.07708333333333334
0 0.4166666666666667 0.5625 0.4041666666666667 0.56875 0.4 0.5729166666666666 0.39375 0.58125 0.3875 0.5895833333333333 0.38333333333333336 0.5958333333333333 0.38333333333333336 0.61875 0.3958333333333333 0.64375 0.4 0.6479166666666667 0.41041666666666665 0.6520833333333333 0.41458333333333336 0.65625 0.42291666666666666 0.6604166666666667 0.45 0.6604166666666667 0.45625 0.65625 0.46041666666666664 0.65625 0.4708333333333333 0.6479166666666667 0.475 0.64375 0.4791666666666667 0.6375 0.48333333333333334 0.63125 0.48541666666666666 0.6270833333333333 0.48541666666666666 0.6041666666666666 0.4708333333333333 0.58125 0.4666666666666667 0.5770833333333333 0.46041666666666664 0.5729166666666666 0.45416666666666666 0.56875 0.4479166666666667 0.5645833333333333 0.44375 0.5625
0 0.59375 0.6166666666666667 0.5854166666666667 0.61875 0.58125 0.6208333333333333 0.56875 0.63125 0.5604166666666667 0.6395833333333333 0.5583333333333333 0.64375 0.55625 0.65 0.5541666666666667 0.65625 0.5520833333333334 0.6625 0.5520833333333334 0.6666666666666666 0.5541666666666667 0.6729166666666667 0.5583333333333333 0.6791666666666667 0.5583333333333333 0.6833333333333333 0.5604166666666667 0.6875 0.5645833333333333 0.6916666666666667 0.575 0.7 0.58125 0.7041666666666667 0.59375 0.70625 0.60625 0.70625 0.6145833333333334 0.7020833333333333 0.6229166666666667 0.69375 0.6291666666666667 0.6854166666666667 0.6354166666666666 0.6729166666666667 0.6354166666666666 0.65 0.6333333333333333 0.6458333333333334 0.6270833333333333 0.6375 0.6208333333333333 0.6291666666666667 0.6166666666666667 0.625 0.6083333333333333 0.6208333333333333 0.6041666666666666 0.6208333333333333 0.5979166666666667 0.6166666666666667
0 0.3458333333333333 0.64375 0.325 0.6604166666666667 0.325 0.6645833333333333 0.32708333333333334 0.6729166666666667 0.32916666666666666 0.6770833333333334 0.3333333333333333 0.6791666666666667 0.3375 0.68125 0.34791666666666665 0.68125 0.36041666666666666 0.6770833333333334 0.36666666666666664 0.66875 0.36666666666666664 0.6604166666666667 0.3625 0.6520833333333333 0.36041666666666666 0.6458333333333334 0.35625 0.64375 0.35208333333333336 0.64375
0 0.4395833333333333 0.38333333333333336 0.43125 0.3875 0.4270833333333333 0.39166666666666666 0.4166666666666667 0.4041666666666667 0.4125 0.41041666666666665 0.4083333333333333 0.41875 0.40625 0.425 0.40625 0.4354166666666667 0.4083333333333333 0.44583333333333336 0.41875 0.45625 0.43333333333333335 0.46875 0.46458333333333335 0.46875 0.47708333333333336 0.4625 0.49375 0.44583333333333336 0.49583333333333335 0.44166666666666665 0.4979166666666667 0.4354166666666667 0.4979166666666667 0.425 0.49583333333333335 0.4125 0.49375 0.4083333333333333 0.4875 0.4 0.48125 0.39375 0.4666666666666667 0.38333333333333336
0 0.36666666666666664 0.35833333333333334 0.35833333333333334 0.36666666666666664 0.35833333333333334 0.3854166666666667 0.3625 0.39166666666666666 0.36666666666666664 0.3958333333333333 0.3854166666666667 0.3958333333333333 0.38958333333333334 0.39166666666666666 0.39166666666666666 0.3875 0.39166666666666666 0.37916666666666665 0.38958333333333334 0.36875 0.3854166666666667 0.3645833333333333 0.37916666666666665 0.36041666666666666 0.3729166666666667 0.35833333333333334
0 0.5395833333333333 0.18958333333333333 0.525 0.19166666666666668 0.5125 0.20208333333333334 0.5020833333333333 0.2125 0.4979166666666667 0.22083333333333333 0.4979166666666667 0.23958333333333334 0.5333333333333333 0.2708333333333333 0.5479166666666667 0.2708333333333333 0.5604166666666667 0.26875 0.56875 0.2625 0.5770833333333333 0.25416666666666665 0.58125 0.24583333333333332 0.58125 0.21458333333333332 0.5791666666666667 0.21041666666666667 0.5729166666666666 0.20208333333333334 0.56875 0.19791666666666666 0.5520833333333334 0.18958333333333333
0 0.7708333333333334 0.18958333333333333 0.7583333333333333 0.19166666666666668 0.75 0.19375 0.7375 0.20625 0.7333333333333333 0.21458333333333332 0.73125 0.22083333333333333 0.73125 0.23958333333333334 0.74375 0.26458333333333334 0.7479166666666667 0.26875 0.7583333333333333 0.27291666666666664 0.7625 0.27708333333333335 0.7708333333333334 0.28125 0.8 0.28125 0.81875 0.26875 0.825 0.2625 0.8270833333333333 0.25833333333333336 0.8270833333333333 0.24583333333333332 0.825 0.24166666666666667 0.8208333333333333 0.23541666666666666 0.8166666666666667 0.22916666666666666 0.8125 0.22291666666666668 0.8083333333333333 0.21666666666666667 0.8041666666666667 0.21041666666666667 0.7979166666666667 0.20416666666666666 0.7895833333333333 0.19791666666666666 0.78125 0.19166666666666668 0.7770833333333333 0.18958333333333333
0 0.9708333333333333 0.41041666666666665 0.9583333333333334 0.4166666666666667 0.9541666666666667 0.42083333333333334 0.9458333333333333 0.43125 0.9416666666666667 0.4375 0.9395833333333333 0.4479166666666667 0.9375 0.46458333333333335 0.9375 0.475 0.9458333333333333 0.49166666666666664 0.95 0.49583333333333335 0.9583333333333334 0.5020833333333333 0.9666666666666667 0.5083333333333333 0.9708333333333333 0.5104166666666666 0.9979166666666667 0.5104166666666666 0.9979166666666667 0.4125 0.9833333333333333 0.41041666666666665
0 0.8458333333333333 0.58125 0.8333333333333334 0.5833333333333334 0.8291666666666667 0.5854166666666667 0.8208333333333333 0.5916666666666667 0.8145833333333333 0.5958333333333333 0.8104166666666667 0.6 0.8041666666666667 0.6125 0.8020833333333334 0.625 0.8020833333333334 0.6354166666666666 0.8041666666666667 0.6416666666666667 0.80625 0.6458333333333334 0.8333333333333334 0.6729166666666667 0.85 0.6729166666666667 0.8666666666666667 0.6708333333333333 0.875 0.6645833333333333 0.8854166666666666 0.6541666666666667 0.8916666666666667 0.6416666666666667 0.8916666666666667 0.61875 0.88125 0.5979166666666667 0.8729166666666667 0.5895833333333333 0.8666666666666667 0.5854166666666667 0.8625 0.5833333333333334 0.85625 0.58125