0 0.9604166666666667 0.9020833333333333 0.9479166666666666 0.9041666666666667 0.9291666666666667 0.9166666666666666 0.9229166666666667 0.9229166666666667 0.9208333333333333 0.9270833333333334 0.91875 0.9354166666666667 0.91875 0.94375 0.9208333333333333 0.95 0.925 0.95625 0.925 0.9604166666666667 0.9270833333333334 0.9645833333333333 0.9375 0.975 0.94375 0.9770833333333333 0.9520833333333333 0.9791666666666666 0.9604166666666667 0.98125 0.9772916666666667 0.9758333333333333 0.9947916666666666 0.9616666666666667 1 0.9462499999999999 0.9958333333333333 0.9233333333333333 0.9895833333333334 0.9145833333333333 0.9854166666666667 0.9104166666666667 0.9791666666666666 0.90625 0.9708333333333333 0.9020833333333333
0 0.19166666666666668 0.5770833333333333 0.18333333333333332 0.5833333333333334 0.17916666666666667 0.5875 0.17708333333333334 0.5916666666666667 0.175 0.6 0.175 0.6041666666666666 0.17916666666666667 0.6104166666666667 0.18541666666666667 0.6166666666666667 0.19375 0.61875 0.2 0.61875 0.21666666666666667 0.60625 0.21875 0.5979166666666667 0.21875 0.59375 0.21458333333333332 0.5854166666666667 0.2125 0.58125 0.20833333333333334 0.58125 0.19791666666666666 0.5791666666666667 0.19583333333333333 0.5770833333333333
0 0.25833333333333336 0.61875 0.25416666666666665 0.6229166666666667 0.2520833333333333 0.6270833333333333 0.2520833333333333 0.6375 0.25416666666666665 0.6479166666666667 0.25833333333333336 0.6520833333333333 0.26666666666666666 0.6583333333333333 0.27291666666666664 0.6583333333333333 0.28125 0.65625 0.28958333333333336 0.6479166666666667 0.2875 0.6270833333333333 0.2791666666666667 0.6208333333333333 0.275 0.61875
0 0.28125 0.5625 0.26875 0.5729166666666666 0.26666666666666666 0.58125 0.26666666666666666 0.5854166666666667 0.2833333333333333 0.6020833333333333 0.2916666666666667 0.6020833333333333 0.29791666666666666 0.5979166666666667 0.3020833333333333 0.59375 0.30416666666666664 0.5875 0.30416666666666664 0.5791666666666667 0.29791666666666666 0.5666666666666667 0.2875 0.5625
0 0.23125 0.49375 0.21041666666666667 0.5145833333333333 0.21041666666666667 0.5395833333333333 0.225 0.5541666666666667 0.2375 0.55625 0.24791666666666667 0.55625 0.2520833333333333 0.5541666666666667 0.25833333333333336 0.55 0.26666666666666666 0.54375 0.2708333333333333 0.5333333333333333 0.27291666666666664 0.5208333333333334 0.27291666666666664 0.5145833333333333 0.26875 0.5083333333333333 0.2625 0.5 0.25833333333333336 0.49583333333333335 0.24375 0.49375
0 0.32916666666666666 0.4375 0.32083333333333336 0.4395833333333333 0.31875 0.44375 0.31666666666666665 0.45 0.31666666666666665 0.45416666666666666 0.31666666666666665 0.46041666666666664 0.3229166666666667 0.46458333333333335 0.32708333333333334 0.4666666666666667 0.33958333333333335 0.4666666666666667 0.3458333333333333 0.46041666666666664 0.3458333333333333 0.45416666666666666 0.34375 0.44583333333333336 0.33958333333333335 0.44166666666666665 0.3333333333333333 0.4375
0 0.27291666666666664 0.37083333333333335 0.2520833333333333 0.38125 0.24583333333333332 0.3875 0.23958333333333334 0.3958333333333333 0.2375 0.4 0.23541666666666666 0.40625 0.23541666666666666 0.42083333333333334 0.2375 0.4354166666666667 0.23958333333333334 0.4395833333333333 0.24375 0.44583333333333336 0.25 0.45208333333333334 0.26875 0.46458333333333335 0.29583333333333334 0.46458333333333335 0.3125 0.45625 0.3145833333333333 0.45 0.31666666666666665 0.44375 0.31875 0.4395833333333333 0.325 0.4375 0.325 0.425 0.32708333333333334 0.40208333333333335 0.32083333333333336 0.38958333333333334 0.31666666666666665 0.3854166666666667 0.30625 0.38125 0.3020833333333333 0.3770833333333333 0.28958333333333336 0.37083333333333335
0 0.9416666666666667 0.4041666666666667 0.9270833333333334 0.4166666666666667 0.9145833333333333 0.42916666666666664 0.9104166666666667 0.4375 0.9104166666666667 0.4583333333333333 0.9145833333333333 0.4666666666666667 0.91875 0.47291666666666665 0.9229166666666667 0.47708333333333336 0.925 0.48333333333333334 0.9354166666666667 0.4875 0.9479166666666666 0.4895833333333333 0.9520833333333333 0.4895833333333333 0.96875 0.48125 0.9770833333333333 0.47291666666666665 0.98125 0.4666666666666667 0.9833333333333333 0.46041666666666664 0.9854166666666667 0.45208333333333334 0.9875 0.44375 0.9875 0.4375 0.9854166666666667 0.42916666666666664 0.9833333333333333 0.425 0.9791666666666666 0.42083333333333334 0.9666666666666667 0.41041666666666665 0.9604166666666667 0.40625 0.95 0.4041666666666667
0 0.85 0.26458333333333334 0.84375 0.26666666666666666 0.8375 0.26875 0.8333333333333334 0.2708333333333333 0.825 0.27708333333333335 0.81875 0.2833333333333333 0.8104166666666667 0.3 0.8083333333333333 0.3125 0.8083333333333333 0.325 0.8104166666666667 0.33125 0.8125 0.3375 0.8166666666666667 0.3458333333333333 0.8208333333333333 0.35208333333333336 0.8270833333333333 0.35833333333333334 0.8458333333333333 0.37083333333333335 0.8708333333333333 0.37083333333333335 0.8770833333333333 0.36875 0.88125 0.36666666666666664 0.9020833333333333 0.3458333333333333 0.9041666666666667 0.3416666666666667 0.90625 0.3333333333333333 0.9083333333333333 0.325 0.9104166666666667 0.31666666666666665 0.9104166666666667 0.3104166666666667 0.9083333333333333 0.3020833333333333 0.9041666666666667 0.29375 0.8979166666666667 0.28541666666666665 0.89375 0.2791666666666667 0.8895833333333333 0.275 0.86875 0.26458333333333334
0 0.9979166666666667 0.11041666666666666 0.99375 0.1125 0.9770833333333333 0.12083333333333333 0.9729166666666667 0.12916666666666668 0.9708333333333333 0.13958333333333334 0.9708333333333333 0.14583333333333334 0.9729166666666667 0.15208333333333332 0.975 0.15625 0.9770833333333333 0.16041666666666668 0.98125 0.1625 0.9854166666666667 0.16458333333333333 0.9895833333333334 0.16458333333333333 0.99375 0.16666666666666666 0.9979166666666667 0.16875
0 0.5875 0.1375 0.5729166666666666 0.14166666666666666 0.5666666666666667 0.15 0.5645833333333333 0.15416666666666667 0.5645833333333333 0.1625 0.56875 0.175 0.5770833333333333 0.18125 0.58125 0.18333333333333332 0.5875 0.18333333333333332 0.6 0.18125 0.60625 0.17916666666666667 0.6104166666666667 0.175 0.6145833333333334 0.16875 0.6145833333333334 0.16041666666666668 0.6104166666666667 0.14583333333333334 0.6020833333333333 0.13958333333333334 0.5979166666666667 0.1375
0 0.6208333333333333 0 0.6166666666666667 0.0020833333333333333 0.6083333333333333 0.010416666666666666 0.6020833333333333 0.022916666666666665 0.6020833333333333 0.04583333333333333 0.6083333333333333 0.058333333333333334 0.6145833333333334 0.06458333333333334 0.6229166666666667 0.07083333333333333 0.6291666666666667 0.07291666666666667 0.6395833333333333 0.075 0.6479166666666667 0.07708333333333334 0.6520833333333333 0.07708333333333334 0.65625 0.075 0.6625 0.06875 0.66875 0.06458333333333334 0.6708333333333333 0.06458333333333334 0.6770833333333334 0.058333333333333334 0.6833333333333333 0.052083333333333336 0.6833333333333333 0.04791666666666667 0.6875 0.041666666666666664 0.6895833333333333 0.035416666666666666 0.6895833333333333 0.03125 0.6875 0.025 0.6854166666666667 0.016666666666666666 0.6833333333333333 0.0125 0.6770833333333334 0.004166666666666667 0.6729166666666667 0
0 0 0 0 0.04583333333333333 0.00625 0.03958333333333333 0.016666666666666666 0.01875 0.016666666666666666 0
0 0 0.8604166666666667 0 0.9145833333333333 0.014583333333333334 0.9 0.016666666666666666 0.8895833333333333 0.016666666666666666 0.8791666666666667 0.0125 0.8708333333333333 0.004166666666666667 0.8625
0 0.9818541666666667 0.9963541666666667 0.9788333333333333 0.9872916666666666 0.9794375 0.9782291666666667 0.9854166666666667 0.9710416666666667 0.9927291666666667 0.9661458333333334 1 0.9661458333333334 1 1 0.9851875 1
0 0.15416666666666667 0.7708333333333334 0.14583333333333334 0.7791666666666667 0.13125 0.7958333333333333 0.125 0.8041666666666667 0.125 0.8083333333333333 0.12916666666666668 0.8125 0.13125 0.825 0.13125 0.8395833333333333 0.1375 0.8479166666666667 0.15 0.8604166666666667 0.1625 0.8666666666666667 0.19583333333333333 0.8666666666666667 0.20416666666666666 0.8604166666666667 0.21458333333333332 0.85 0.21875 0.8416666666666667 0.21875 0.8270833333333333 0.21666666666666667 0.8104166666666667 0.2125 0.8020833333333334 0.20833333333333334 0.7979166666666667 0.20625 0.7916666666666666 0.19375 0.7791666666666667 0.18333333333333332 0.7708333333333334
0 0.06875 0.7895833333333333 0.0625 0.79375 0.052083333333333336 0.8020833333333334 0.041666666666666664 0.8104166666666667 0.0375 0.8145833333333333 0.035416666666666666 0.8229166666666666 0.03333333333333333 0.8354166666666667 0.03333333333333333 0.84375 0.035416666666666666 0.85 0.03958333333333333 0.8583333333333333 0.052083333333333336 0.8708333333333333 0.058333333333333334 0.8729166666666667 0.06666666666666667 0.875 0.075 0.8770833333333333 0.08333333333333333 0.8791666666666667 0.0875 0.8791666666666667 0.10416666666666667 0.8708333333333333 0.12291666666666666 0.8520833333333333 0.12708333333333333 0.84375 0.12916666666666668 0.8375 0.12916666666666668 0.825 0.125 0.8104166666666667 0.11458333333333333 0.80625 0.11041666666666666 0.8020833333333334 0.10416666666666667 0.8 0.1 0.7958333333333333 0.0875 0.7895833333333333
0 0.25 0.8625 0.24583333333333332 0.8645833333333334 0.2375 0.8708333333333333 0.23125 0.875 0.22708333333333333 0.8833333333333333 0.225 0.8958333333333334 0.225 0.9020833333333333 0.22708333333333333 0.90625 0.23333333333333334 0.9145833333333333 0.23958333333333334 0.9229166666666667 0.24791666666666667 0.9270833333333334 0.25625 0.9291666666666667 0.2604166666666667 0.9291666666666667 0.2708333333333333 0.9208333333333333 0.275 0.9166666666666666 0.27708333333333335 0.9125 0.2791666666666667 0.9041666666666667 0.28125 0.8875 0.28125 0.88125 0.275 0.86875 0.26666666666666666 0.8645833333333334 0.25416666666666665 0.8625
0 0.09791666666666667 0.9208333333333333 0.09375 0.9229166666666667 0.08541666666666667 0.9291666666666667 0.07708333333333334 0.9354166666666667 0.075 0.9625 0.08125 0.9708333333333333 0.0875 0.9770833333333333 0.09375 0.9791666666666666 0.1 0.9791666666666666 0.10833333333333334 0.9791666666666666 0.11666666666666667 0.9729166666666667 0.125 0.9666666666666667 0.12916666666666668 0.9625 0.13125 0.95 0.13125 0.9395833333333333 0.125 0.93125 0.11875 0.925 0.1125 0.9229166666666667 0.10208333333333333 0.9208333333333333
0 0.17291666666666666 0.6770833333333334 0.16041666666666668 0.6791666666666667 0.15625 0.6833333333333333 0.15 0.6916666666666667 0.14791666666666667 0.6958333333333333 0.14791666666666667 0.7166666666666667 0.15416666666666667 0.725 0.1625 0.7333333333333333 0.17916666666666667 0.7333333333333333 0.18958333333333333 0.725 0.19791666666666666 0.7166666666666667 0.2 0.7041666666666667 0.2 0.6916666666666667 0.19583333333333333 0.6854166666666667 0.19166666666666668 0.68125 0.18333333333333332 0.6770833333333334
0 0 0.7083333333333334 0 0.7604166666666666 0.0020833333333333333 0.75625 0.00625 0.7479166666666667 0.00625 0.7229166666666667 0.0020833333333333333 0.7166666666666667 0.0020833333333333333 0.7125
0 0.9645833333333333 0.6770833333333334 0.95625 0.6791666666666667 0.95 0.68125 0.9416666666666667 0.6833333333333333 0.9333333333333333 0.69375 0.9291666666666667 0.6979166666666666 0.925 0.70625 0.925 0.7166666666666667 0.9270833333333334 0.7270833333333333 0.9416666666666667 0.7416666666666667 0.9458333333333333 0.7416666666666667 0.95625 0.7479166666666667 0.9625 0.7479166666666667 0.9729166666666667 0.7458333333333333 0.9791666666666666 0.74375 0.9854166666666667 0.7395833333333334 0.99375 0.7333333333333333 0.9979166666666667 0.7291666666666666 0.9979166666666667 0.7 0.9916666666666667 0.6979166666666666 0.9875 0.6895833333333333 0.9833333333333333 0.6854166666666667 0.9770833333333333 0.6791666666666667 0.96875 0.6770833333333334