0 0.047875 0.19793750000000002 0.05541666666666667 0.19693750000000002 0.06297916666666667 0.1974375 0.07002083333333334 0.20095833333333332 0.07606249999999999 0.20650000000000002 0.08010416666666667 0.21356250000000002 0.08312499999999999 0.22060416666666666 0.08564583333333334 0.22816666666666666 0.08564583333333334 0.23620833333333333 0.08512499999999999 0.24377083333333335 0.08210416666666666 0.2508125 0.078125 0.25645833333333334 0.070625 0.2579166666666667 0.0625 0.25895833333333335 0.05541666666666667 0.259375 0.049374999999999995 0.25833333333333336 0.0408125 0.25685416666666666 0.034270833333333334 0.25283333333333335 0.02772916666666667 0.2482916666666667 0.022187500000000002 0.24277083333333332 0.020166666666666666 0.23520833333333335 0.021166666666666667 0.22764583333333333 0.024708333333333332 0.22060416666666666 0.029729166666666664 0.2140625 0.035770833333333335 0.20902083333333332
0 0 0.14402083333333332 0.007083333333333333 0.14354166666666668 0.014624999999999999 0.14506249999999998 0.021687500000000002 0.14808333333333332 0.027208333333333334 0.154125 0.03225 0.16016666666666665 0.035270833333333335 0.16722916666666665 0.03829166666666666 0.17427083333333335 0.041312499999999995 0.18131250000000002 0.043333333333333335 0.188875 0.044333333333333336 0.19643750000000001 0.041312499999999995 0.20347916666666668 0.034770833333333334 0.20852083333333335 0.029729166666666664 0.2145625 0.024708333333333332 0.22060416666666666 0.018145833333333337 0.22564583333333335 0.011104166666666667 0.22916666666666666 0.0035416666666666665 0.23066666666666666 0 0.22995833333333332
0 0 0.08408333333333333 0.0038750000000000004 0.08214583333333333 0.011645833333333333 0.0831875 0.017875 0.08837500000000001 0.022020833333333333 0.095625 0.024083333333333335 0.10391666666666667 0.024604166666666667 0.11170833333333333 0.023583333333333335 0.11947916666666666 0.022020833333333333 0.12725 0.017875 0.13399999999999998 0.011125 0.1391875 0.004395833333333333 0.14333333333333334 0 0.14254166666666668
0 0.0017916666666666667 0.04535416666666667 0.010104166666666666 0.04535416666666667 0.0163125 0.050520833333333334 0.017875 0.058312499999999996 0.017354166666666667 0.06608333333333333 0.014770833333333334 0.07385416666666668 0.008541666666666666 0.07904166666666666 0.004375 0.080625 0 0.08239583333333332 0 0.04677083333333333
0 0.0028333333333333335 0.02822916666666667 0.009583333333333333 0.03239583333333333 0.010604166666666666 0.04016666666666667 0.0038750000000000004 0.04483333333333333 0 0.04410416666666667 0 0.028833333333333332
0 0.024604166666666667 0.0017916666666666667 0.022541666666666668 0.009583333333333333 0.018395833333333333 0.0163125 0.012687499999999999 0.022020833333333333 0.0069791666666666665 0.02772916666666667 0 0.029125 0 0 0.022895833333333334 0
0 0.08125 0.33125 0.0625 0.33958333333333335 0.06041666666666667 0.3645833333333333 0.07541666666666667 0.381875 0.095 0.384375 0.11041666666666666 0.3770833333333333 0.11041666666666666 0.35208333333333336 0.10416666666666667 0.34375 0.09791666666666667 0.3375 0.09166666666666666 0.33125 0.0875 0.33125
0 0.6479166666666667 0.27708333333333335 0.6354166666666666 0.2791666666666667 0.6168750000000001 0.29270833333333335 0.6104166666666667 0.3125 0.6104166666666667 0.32083333333333336 0.6145833333333334 0.32916666666666666 0.61875 0.33541666666666664 0.6229166666666667 0.33958333333333335 0.6291666666666667 0.34375 0.6333333333333333 0.3458333333333333 0.64375 0.34791666666666665 0.6541666666666667 0.34791666666666665 0.6604166666666667 0.3458333333333333 0.6666666666666666 0.3416666666666667 0.6708333333333333 0.3416666666666667 0.675 0.33958333333333335 0.6875 0.32708333333333334 0.6895833333333333 0.32083333333333336 0.6916666666666667 0.30833333333333335 0.6916666666666667 0.30416666666666664 0.6875 0.3 0.68125 0.2916666666666667 0.68125 0.28958333333333336 0.6770833333333334 0.28541666666666665 0.6729166666666667 0.2833333333333333 0.66875 0.2833333333333333 0.6625 0.28125 0.6604166666666667 0.2791666666666667 0.6541666666666667 0.27708333333333335
0 0.3333333333333333 0.39375 0.32083333333333336 0.4041666666666667 0.3104166666666667 0.41458333333333336 0.30833333333333335 0.41875 0.30625 0.425 0.30625 0.4354166666666667 0.30833333333333335 0.44375 0.3229166666666667 0.4583333333333333 0.335625 0.4635416666666667 0.35208333333333336 0.46041666666666664 0.36041666666666666 0.45416666666666666 0.36875 0.44583333333333336 0.37083333333333335 0.4395833333333333 0.3729166666666667 0.4270833333333333 0.3729166666666667 0.42291666666666666 0.36666666666666664 0.41458333333333336 0.35625 0.40208333333333335 0.35208333333333336 0.39791666666666664 0.34791666666666665 0.39791666666666664 0.33958333333333335 0.3958333333333333 0.3375 0.39375
0 0.24166666666666667 0.32708333333333334 0.225 0.33541666666666664 0.21875 0.3416666666666667 0.20833333333333334 0.3541666666666667 0.20208333333333334 0.3625 0.20208333333333334 0.3854166666666667 0.20625 0.39375 0.21041666666666667 0.4 0.22083333333333333 0.41041666666666665 0.235625 0.42083333333333334 0.2475 0.42 0.27166666666666667 0.41916666666666663 0.2833333333333333 0.41041666666666665 0.28958333333333336 0.4 0.2916666666666667 0.3958333333333333 0.29375 0.3875 0.29583333333333334 0.38125 0.29791666666666666 0.375 0.3 0.36666666666666664 0.3 0.3625 0.29791666666666666 0.35625 0.29583333333333334 0.35 0.29375 0.3458333333333333 0.2833333333333333 0.33541666666666664 0.27708333333333335 0.3333333333333333 0.26666666666666666 0.33125 0.25833333333333336 0.32916666666666666 0.24791666666666667 0.32708333333333334
0 0.2622916666666667 0.42104166666666665 0.2504166666666667 0.42104166666666665 0.23708333333333334 0.424375 0.23125 0.43333333333333335 0.22708333333333333 0.4375 0.225 0.44166666666666665 0.225 0.46458333333333335 0.22916666666666666 0.47291666666666665 0.24166666666666667 0.48541666666666666 0.24583333333333332 0.4875 0.2520833333333333 0.4895833333333333 0.25833333333333336 0.4895833333333333 0.26666666666666666 0.4875 0.275 0.48541666666666666 0.2833333333333333 0.48125 0.29583333333333334 0.45625 0.29583333333333334 0.44166666666666665 0.2916666666666667 0.43333333333333335 0.28125 0.42916666666666664 0.2735416666666667 0.4222916666666666
0 0.3645833333333333 0.6145833333333334 0.36041666666666666 0.61875 0.34375 0.6208333333333333 0.32916666666666666 0.6208333333333333 0.3229166666666667 0.6208333333333333 0.3145833333333333 0.6208333333333333 0.3 0.6333333333333333 0.2875 0.6458333333333334 0.28541666666666665 0.6541666666666667 0.28541666666666665 0.6625 0.2916666666666667 0.675 0.29583333333333334 0.6791666666666667 0.30416666666666664 0.6895833333333333 0.3125 0.6916666666666667 0.32083333333333336 0.69375 0.32708333333333334 0.6958333333333333 0.33541666666666664 0.6979166666666666 0.35625 0.6979166666666666 0.36041666666666666 0.6958333333333333 0.36875 0.6895833333333333 0.3770833333333333 0.6833333333333333 0.3854166666666667 0.6770833333333334 0.39375 0.6708333333333333 0.4 0.6645833333333333 0.40625 0.6583333333333333 0.4083333333333333 0.65 0.4083333333333333 0.64375 0.4 0.6291666666666667 0.39791666666666664 0.6229166666666667 0.39375 0.6208333333333333 0.38958333333333334 0.6208333333333333 0.380625 0.615625 0.3729166666666667 0.6145833333333334
0 0.6041666666666666 0.7229166666666667 0.5833333333333334 0.7375 0.5833333333333334 0.74375 0.5854166666666667 0.7520833333333333 0.5916666666666667 0.7583333333333333 0.5979166666666667 0.7645833333333333 0.6077083333333333 0.7697916666666667 0.6158333333333333 0.7685416666666666 0.6225 0.7645833333333333 0.6291666666666667 0.7541666666666667 0.6375 0.7375 0.6354166666666666 0.73125 0.6333333333333333 0.725 0.6208333333333333 0.725
0 0.11458333333333333 0.3627083333333333 0.1125 0.375 0.11666666666666667 0.37916666666666665 0.12583333333333332 0.38208333333333333 0.13791666666666666 0.38125 0.14770833333333336 0.37625 0.14958333333333332 0.36875 0.14583333333333334 0.3625 0.14166666666666666 0.3625 0.125 0.36041666666666666
0 0.41375 0.45687500000000003 0.42083333333333334 0.46041666666666664 0.42916666666666664 0.46875 0.43354166666666666 0.47291666666666665 0.4345833333333333 0.48333333333333334 0.42895833333333333 0.4922916666666667 0.41875 0.4979166666666667 0.4083333333333333 0.5 0.39791666666666664 0.5 0.3875 0.4895833333333333 0.3854166666666667 0.48541666666666666 0.3854166666666667 0.4791666666666667 0.38958333333333334 0.4666666666666667 0.39791666666666664 0.4583333333333333 0.40625 0.45416666666666666
0 0.48125 0.8020833333333334 0.47708333333333336 0.80625 0.4791666666666667 0.8104166666666667 0.48333333333333334 0.8166666666666667 0.4875 0.8208333333333333 0.49562500000000004 0.8291666666666667 0.5041666666666667 0.83125 0.5083333333333333 0.8270833333333333 0.5104166666666666 0.8229166666666666 0.5104166666666666 0.81875 0.5083333333333333 0.8083333333333333 0.49937499999999996 0.7964583333333334
0 0.6395833333333333 0.825 0.63125 0.8270833333333333 0.6125 0.8375 0.6 0.8395833333333333 0.5979166666666667 0.8458333333333333 0.5958333333333333 0.8583333333333333 0.5958333333333333 0.8645833333333334 0.5979166666666667 0.8708333333333333 0.6 0.875 0.6020833333333333 0.8791666666666667 0.6077083333333333 0.885625 0.61875 0.8875 0.63125 0.8875 0.6354166666666666 0.8854166666666666 0.6395833333333333 0.88125 0.6458333333333334 0.8791666666666667 0.6520833333333333 0.875 0.6583333333333333 0.8708333333333333 0.6625 0.8625 0.6645833333333333 0.8520833333333333 0.6645833333333333 0.8479166666666667 0.6604166666666667 0.8416666666666667 0.65 0.8291666666666667 0.6458333333333334 0.825
0 0.12916666666666668 0.28541666666666665 0.12291666666666666 0.2875 0.11875 0.28958333333333336 0.1 0.30833333333333335 0.09791666666666667 0.3125 0.09583333333333334 0.32083333333333336 0.09583333333333334 0.325 0.10625 0.3458333333333333 0.11666666666666667 0.35625 0.125 0.35833333333333334 0.14166666666666666 0.36041666666666666 0.14791666666666667 0.36041666666666666 0.15625 0.3541666666666667 0.16458333333333333 0.3458333333333333 0.16666666666666666 0.3416666666666667 0.16666666666666666 0.3375 0.17083333333333334 0.33125 0.17291666666666666 0.325 0.17291666666666666 0.32083333333333336 0.17291666666666666 0.3145833333333333 0.17083333333333334 0.30833333333333335 0.16666666666666666 0.3020833333333333 0.1625 0.29791666666666666 0.15625 0.29375 0.15 0.28958333333333336 0.14583333333333334 0.2875 0.1375 0.28541666666666665
0 0.18541666666666667 0.5041666666666667 0.18333333333333332 0.5104166666666666 0.17916666666666667 0.51875 0.175 0.525 0.18125 0.5333333333333333 0.1875 0.5395833333333333 0.19166666666666668 0.5395833333333333 0.2 0.5395833333333333 0.20625 0.5354166666666667 0.21041666666666667 0.525 0.21041666666666667 0.51875 0.19375 0.5041666666666667
0 0.1375 0.4666666666666667 0.13333333333333333 0.4708333333333333 0.12291666666666666 0.49375 0.11666666666666667 0.5 0.11458333333333333 0.50625 0.11458333333333333 0.5125 0.11875 0.5229166666666667 0.12291666666666666 0.5270833333333333 0.12916666666666668 0.53125 0.13333333333333333 0.5333333333333333 0.14375 0.5354166666666667 0.15 0.5354166666666667 0.1625 0.5291666666666667 0.16666666666666666 0.525 0.17291666666666666 0.5229166666666667 0.17708333333333334 0.51875 0.18333333333333332 0.50625 0.18333333333333332 0.49166666666666664 0.17291666666666666 0.4791666666666667 0.1625 0.46875 0.15 0.4666666666666667
0 0.09583333333333334 0.4395833333333333 0.07708333333333334 0.44166666666666665 0.06666666666666667 0.45208333333333334 0.058333333333333334 0.4625 0.058333333333333334 0.47291666666666665 0.06041666666666667 0.48333333333333334 0.06875 0.49375 0.07916666666666666 0.5041666666666667 0.0875 0.50625 0.1 0.5083333333333333 0.10625 0.5083333333333333 0.12083333333333333 0.49375 0.13333333333333333 0.4666666666666667 0.13541666666666666 0.4625 0.12291666666666666 0.45 0.11041666666666666 0.4395833333333333
0 0.09583333333333334 0.3854166666666667 0.07916666666666666 0.3875 0.06875 0.38958333333333334 0.06458333333333334 0.39375 0.06041666666666667 0.4 0.06041666666666667 0.42291666666666666 0.0625 0.4270833333333333 0.06875 0.4354166666666667 0.0875 0.4375 0.10833333333333334 0.43333333333333335 0.1125 0.425 0.1125 0.41875 0.11458333333333333 0.41041666666666665 0.12083333333333333 0.4041666666666667 0.11875 0.39375 0.10208333333333333 0.3854166666666667
0 0.14791666666666667 0.39166666666666666 0.125 0.4041666666666667 0.11875 0.40625 0.11666666666666667 0.41041666666666665 0.11666666666666667 0.4166666666666667 0.11458333333333333 0.425 0.1125 0.4270833333333333 0.1125 0.43125 0.11458333333333333 0.4354166666666667 0.12083333333333333 0.44375 0.12708333333333333 0.45208333333333334 0.13125 0.45625 0.14583333333333334 0.4583333333333333 0.15625 0.4583333333333333 0.17083333333333334 0.44583333333333336 0.18333333333333332 0.43333333333333335 0.18541666666666667 0.42291666666666666 0.18541666666666667 0.4125 0.16666666666666666 0.39375 0.15625 0.39166666666666666
0 0 0.37083333333333335 0 0.4666666666666667 0.00625 0.4666666666666667 0.0125 0.46458333333333335 0.020833333333333332 0.4583333333333333 0.03125 0.4479166666666667 0.03958333333333333 0.43125 0.03958333333333333 0.41458333333333336 0.0375 0.39791666666666664 0.027083333333333334 0.3854166666666667 0.016666666666666666 0.375 0.0125 0.3729166666666667 0.004166666666666667 0.37083333333333335
0 0.008333333333333333 0.3145833333333333 0.0020833333333333333 0.31875 0 0.3645833333333333 0.004166666666666667 0.36875 0.014583333333333334 0.37083333333333335 0.022916666666666665 0.37083333333333335 0.03125 0.3645833333333333 0.03958333333333333 0.35625 0.041666666666666664 0.34375 0.041666666666666664 0.3333333333333333 0.035416666666666666 0.325 0.027083333333333334 0.31666666666666665 0.016666666666666666 0.3145833333333333
0 0.4395833333333333 0.39791666666666664 0.42916666666666664 0.4 0.4166666666666667 0.41041666666666665 0.4083333333333333 0.41875 0.4083333333333333 0.43333333333333335 0.41041666666666665 0.45 0.41875 0.4583333333333333 0.42916666666666664 0.4666666666666667 0.44583333333333336 0.4666666666666667 0.4625 0.4583333333333333 0.46875 0.45208333333333334 0.47291666666666665 0.44583333333333336 0.47291666666666665 0.4354166666666667 0.4708333333333333 0.4270833333333333 0.46875 0.41875 0.4666666666666667 0.4166666666666667 0.4666666666666667 0.40625 0.4625 0.4041666666666667 0.4583333333333333 0.40208333333333335 0.45416666666666666 0.40208333333333335 0.4479166666666667 0.39791666666666664
0 0.5 0.3770833333333333 0.49375 0.37916666666666665 0.4895833333333333 0.38125 0.4708333333333333 0.4 0.46875 0.40625 0.46875 0.4166666666666667 0.4708333333333333 0.425 0.47291666666666665 0.43333333333333335 0.475 0.4375 0.4895833333333333 0.45208333333333334 0.5041666666666667 0.45208333333333334 0.5208333333333334 0.45 0.5395833333333333 0.43125 0.5416666666666666 0.4270833333333333 0.54375 0.41875 0.54375 0.4083333333333333 0.5416666666666666 0.39791666666666664 0.5229166666666667 0.37916666666666665 0.5125 0.3770833333333333
0 0.5104166666666666 0.45625 0.49375 0.4583333333333333 0.46875 0.48333333333333334 0.4666666666666667 0.4979166666666667 0.4666666666666667 0.5125 0.46875 0.51875 0.4708333333333333 0.5229166666666667 0.475 0.5291666666666667 0.48125 0.5354166666666667 0.4979166666666667 0.54375 0.5145833333333333 0.5458333333333333 0.5270833333333333 0.5458333333333333 0.5333333333333333 0.5416666666666666 0.5458333333333333 0.53125 0.5520833333333334 0.525 0.5583333333333333 0.5125 0.5583333333333333 0.4895833333333333 0.5541666666666667 0.48333333333333334 0.5458333333333333 0.47291666666666665 0.5395833333333333 0.4666666666666667 0.5333333333333333 0.4625 0.5270833333333333 0.4583333333333333 0.5229166666666667 0.45625
0 0.69375 0.5708333333333333 0.68125 0.58125 0.6708333333333333 0.5916666666666667 0.66875 0.5979166666666667 0.6666666666666666 0.6083333333333333 0.6666666666666666 0.6125 0.66875 0.6166666666666667 0.675 0.625 0.6833333333333333 0.6291666666666667 0.6916666666666667 0.63125 0.7 0.6333333333333333 0.7041666666666667 0.6333333333333333 0.7125 0.6291666666666667 0.7166666666666667 0.6208333333333333 0.71875 0.6104166666666667 0.7208333333333333 0.6 0.7208333333333333 0.59375 0.7125 0.5770833333333333 0.7104166666666667 0.5729166666666666 0.7041666666666667 0.5729166666666666
0 0.6 0.5270833333333333 0.59375 0.5291666666666667 0.5854166666666667 0.53125 0.5791666666666667 0.5333333333333333 0.575 0.5354166666666667 0.5583333333333333 0.5520833333333334 0.5583333333333333 0.5666666666666667 0.5625 0.5729166666666666 0.5625 0.5770833333333333 0.5666666666666667 0.5854166666666667 0.5708333333333333 0.5895833333333333 0.5791666666666667 0.5958333333333333 0.5854166666666667 0.6 0.5916666666666667 0.6 0.6041666666666666 0.5979166666666667 0.6125 0.5958333333333333 0.6229166666666667 0.5854166666666667 0.63125 0.56875 0.63125 0.5625 0.6291666666666667 0.5541666666666667 0.6270833333333333 0.55 0.6166666666666667 0.5375 0.6083333333333333 0.5291666666666667 0.6041666666666666 0.5270833333333333
0 0.65 0.45625 0.6395833333333333 0.4625 0.6354166666666666 0.4625 0.6270833333333333 0.4666666666666667 0.6208333333333333 0.47291666666666665 0.6166666666666667 0.4791666666666667 0.6104166666666667 0.49166666666666664 0.6104166666666667 0.49583333333333335 0.60625 0.5020833333333333 0.6041666666666666 0.5145833333333333 0.6041666666666666 0.5229166666666667 0.61875 0.5395833333333333 0.6333333333333333 0.5541666666666667 0.6375 0.55625 0.64375 0.5583333333333333 0.6541666666666667 0.5583333333333333 0.6708333333333333 0.55625 0.6791666666666667 0.5541666666666667 0.6958333333333333 0.5395833333333333 0.7125 0.5229166666666667 0.71875 0.5104166666666666 0.71875 0.4895833333333333 0.70625 0.475 0.69375 0.4625 0.6854166666666667 0.4583333333333333 0.6791666666666667 0.45625
0 0.5958333333333333 0.425 0.5875 0.42916666666666664 0.5708333333333333 0.44583333333333336 0.56875 0.45416666666666666 0.56875 0.4625 0.5708333333333333 0.4666666666666667 0.5770833333333333 0.475 0.5854166666666667 0.4791666666666667 0.59375 0.48125 0.6 0.48125 0.6041666666666666 0.48333333333333334 0.6145833333333334 0.475 0.6229166666666667 0.4666666666666667 0.625 0.46041666666666664 0.6270833333333333 0.45 0.6270833333333333 0.44583333333333336 0.61875 0.42916666666666664 0.60625 0.425
0 0.1375 0.16458333333333333 0.10625 0.19583333333333333 0.10416666666666667 0.20416666666666666 0.10416666666666667 0.2125 0.10833333333333334 0.22083333333333333 0.11666666666666667 0.22916666666666666 0.12708333333333333 0.2375 0.14166666666666666 0.23958333333333334 0.15208333333333332 0.23958333333333334 0.175 0.21458333333333332 0.17708333333333334 0.21041666666666667 0.17916666666666667 0.19791666666666666 0.17916666666666667 0.19166666666666668 0.17708333333333334 0.1875 0.17291666666666666 0.18333333333333332 0.17083333333333334 0.17708333333333334 0.16666666666666666 0.17083333333333334 0.15625 0.16666666666666666 0.14375 0.16458333333333333
0 0.18958333333333333 0.20833333333333334 0.18125 0.21041666666666667 0.15416666666666667 0.2375 0.15416666666666667 0.24791666666666667 0.15625 0.2604166666666667 0.17708333333333334 0.28125 0.20833333333333334 0.28125 0.22708333333333333 0.2625 0.22708333333333333 0.23333333333333334 0.22291666666666668 0.22708333333333333 0.21666666666666667 0.21875 0.2125 0.21458333333333332 0.20833333333333334 0.2125 0.20208333333333334 0.21041666666666667 0.19583333333333333 0.20833333333333334
0 0.00625 0.46875 0 0.475 0 0.51875 0.00625 0.525 0.025 0.525 0.03333333333333333 0.51875 0.03958333333333333 0.5125 0.041666666666666664 0.5020833333333333 0.041666666666666664 0.49166666666666664 0.0375 0.48541666666666666 0.029166666666666667 0.475 0.025 0.4708333333333333 0.014583333333333334 0.46875
0 0.2375 0.9770833333333333 0.23333333333333334 0.98125 0.22916666666666666 0.9875 0.22916666666666666 0.9979166666666667 0.27291666666666664 0.9979166666666667 0.27291666666666664 0.9895833333333334 0.2625 0.9791666666666666 0.25 0.9770833333333333
0 0.28125 0.9458333333333333 0.27708333333333335 0.95 0.275 0.9541666666666667 0.27291666666666664 0.9625 0.2708333333333333 0.9708333333333333 0.2708333333333333 0.975 0.27708333333333335 0.9875 0.2875 0.9916666666666667 0.3 0.99375 0.30625 0.99375 0.3125 0.9895833333333334 0.31666666666666665 0.9854166666666667 0.31666666666666665 0.95625 0.30625 0.94375 0.3 0.9416666666666667 0.29375 0.9416666666666667
0 0.36041666666666666 0.9270833333333334 0.35625 0.9291666666666667 0.34791666666666665 0.9354166666666667 0.3416666666666667 0.9395833333333333 0.3333333333333333 0.9458333333333333 0.32916666666666666 0.9541666666666667 0.32916666666666666 0.9625 0.33541666666666664 0.9729166666666667 0.33541666666666664 0.9770833333333333 0.3416666666666667 0.9895833333333334 0.34375 0.99375 0.35208333333333336 0.99375 0.36875 0.9958333333333333 0.37083333333333335 0.9979166666666667 0.3770833333333333 0.9979166666666667 0.3875 0.9895833333333334 0.39791666666666664 0.9791666666666666 0.4 0.975 0.40208333333333335 0.9666666666666667 0.40208333333333335 0.9604166666666667 0.40208333333333335 0.9520833333333333 0.39791666666666664 0.9479166666666666 0.3958333333333333 0.9416666666666667 0.39166666666666666 0.9375 0.3770833333333333 0.9270833333333334
0 0.32708333333333334 0.88125 0.3145833333333333 0.8833333333333333 0.30625 0.8854166666666666 0.28958333333333336 0.9020833333333333 0.28958333333333336 0.9166666666666666 0.29375 0.9333333333333333 0.30416666666666664 0.9375 0.30833333333333335 0.9416666666666667 0.31666666666666665 0.9458333333333333 0.32083333333333336 0.9458333333333333 0.33125 0.94375 0.3375 0.9416666666666667 0.34375 0.9375 0.35208333333333336 0.93125 0.35625 0.9270833333333334 0.35625 0.9104166666666667 0.35208333333333336 0.9041666666666667 0.34375 0.89375 0.3375 0.8854166666666666 0.3333333333333333 0.88125
0 0.17708333333333334 0.9333333333333333 0.16875 0.9416666666666667 0.1625 0.95 0.1625 0.9666666666666667 0.16666666666666666 0.975 0.17083333333333334 0.9791666666666666 0.17708333333333334 0.9833333333333333 0.18333333333333332 0.9875 0.1875 0.9895833333333334 0.19375 0.9895833333333334 0.20625 0.9875 0.2125 0.9854166666666667 0.21458333333333332 0.98125 0.22291666666666668 0.9645833333333333 0.22291666666666668 0.9541666666666667 0.22083333333333333 0.95 0.21458333333333332 0.9416666666666667 0.20833333333333334 0.9354166666666667 0.20416666666666666 0.9333333333333333
0 0.2375 0.8708333333333333 0.23125 0.875 0.22708333333333333 0.875 0.21875 0.8791666666666667 0.20625 0.8916666666666667 0.20416666666666666 0.9104166666666667 0.20416666666666666 0.9270833333333334 0.20833333333333334 0.9333333333333333 0.21666666666666667 0.94375 0.22083333333333333 0.9479166666666666 0.22916666666666666 0.9520833333333333 0.2520833333333333 0.9520833333333333 0.25833333333333336 0.9479166666666666 0.26666666666666666 0.9416666666666667 0.275 0.9354166666666667 0.2791666666666667 0.93125 0.28125 0.9229166666666667 0.2833333333333333 0.90625 0.2833333333333333 0.8979166666666667 0.28125 0.8895833333333333 0.2791666666666667 0.8854166666666666 0.27291666666666664 0.8791666666666667 0.26458333333333334 0.8729166666666667 0.2520833333333333 0.8708333333333333
0 0.28958333333333336 0.7895833333333333 0.2833333333333333 0.79375 0.2791666666666667 0.79375 0.275 0.7958333333333333 0.26666666666666666 0.8020833333333334 0.2625 0.80625 0.2520833333333333 0.8270833333333333 0.2520833333333333 0.8333333333333334 0.25416666666666665 0.8416666666666667 0.25625 0.85 0.25833333333333336 0.8583333333333333 0.2625 0.8666666666666667 0.2708333333333333 0.8729166666666667 0.2791666666666667 0.8791666666666667 0.28541666666666665 0.8833333333333333 0.2916666666666667 0.8833333333333333 0.30625 0.88125 0.32083333333333336 0.8791666666666667 0.32916666666666666 0.8770833333333333 0.3333333333333333 0.8729166666666667 0.33958333333333335 0.8645833333333334 0.34375 0.85625 0.3458333333333333 0.85 0.34791666666666665 0.84375 0.35 0.8375 0.35 0.8333333333333334 0.34791666666666665 0.825 0.3458333333333333 0.8166666666666667 0.34375 0.8125 0.3375 0.8041666666666667 0.33125 0.7979166666666667 0.3145833333333333 0.7895833333333333
0 0.09375 0.9145833333333333 0.0875 0.91875 0.08125 0.9229166666666667 0.075 0.9270833333333334 0.06875 0.93125 0.06458333333333334 0.9395833333333333 0.0625 0.9520833333333333 0.0625 0.9583333333333334 0.06666666666666667 0.9666666666666667 0.07291666666666667 0.9729166666666667 0.08125 0.9791666666666666 0.08958333333333333 0.98125 0.10208333333333333 0.9833333333333333 0.10833333333333334 0.9833333333333333 0.11458333333333333 0.9791666666666666 0.12708333333333333 0.96875 0.13333333333333333 0.9625 0.13541666666666666 0.9541666666666667 0.1375 0.9416666666666667 0.1375 0.9354166666666667 0.13125 0.9270833333333334 0.12708333333333333 0.9229166666666667 0.12291666666666666 0.9208333333333333 0.11875 0.9208333333333333 0.1125 0.9166666666666666 0.10625 0.9145833333333333 0.10208333333333333 0.9145833333333333
0 0.13125 0.81875 0.125 0.8208333333333333 0.11875 0.825 0.11458333333333333 0.825 0.10833333333333334 0.8270833333333333 0.10208333333333333 0.8333333333333334 0.09791666666666667 0.8375 0.09375 0.84375 0.09166666666666666 0.85 0.0875 0.8541666666666666 0.08541666666666667 0.8583333333333333 0.08541666666666667 0.8833333333333333 0.09375 0.8979166666666667 0.09583333333333334 0.9041666666666667 0.1 0.90625 0.10416666666666667 0.9083333333333333 0.10833333333333334 0.9083333333333333 0.11458333333333333 0.9125 0.11875 0.9125 0.125 0.9166666666666666 0.13125 0.9166666666666666 0.13958333333333334 0.9145833333333333 0.14583333333333334 0.9125 0.1625 0.8958333333333334 0.17083333333333334 0.8791666666666667 0.17083333333333334 0.85 0.16458333333333333 0.8375 0.15625 0.8291666666666667 0.14791666666666667 0.8229166666666666 0.14375 0.8208333333333333 0.13541666666666666 0.81875
0 0.1625 0.71875 0.15625 0.7229166666666667 0.15208333333333332 0.7229166666666667 0.14791666666666667 0.725 0.14375 0.7291666666666666 0.13333333333333333 0.7416666666666667 0.12916666666666668 0.7479166666666667 0.12916666666666668 0.7791666666666667 0.13333333333333333 0.7854166666666667 0.13958333333333334 0.79375 0.14583333333333334 0.8020833333333334 0.15 0.80625 0.15416666666666667 0.8083333333333333 0.1625 0.8104166666666667 0.17708333333333334 0.8104166666666667 0.19166666666666668 0.8083333333333333 0.20833333333333334 0.8 0.22083333333333333 0.7875 0.22916666666666666 0.7770833333333333 0.22916666666666666 0.7479166666666667 0.225 0.7416666666666667 0.21666666666666667 0.73125 0.21041666666666667 0.725 0.19791666666666666 0.71875
0 0.4354166666666667 0.8041666666666667 0.42916666666666664 0.80625 0.42291666666666666 0.8083333333333333 0.41875 0.8104166666666667 0.4083333333333333 0.8208333333333333 0.4 0.83125 0.39791666666666664 0.8416666666666667 0.39791666666666664 0.8541666666666666 0.4 0.8604166666666667 0.4041666666666667 0.86875 0.41041666666666665 0.8770833333333333 0.41458333333333336 0.88125 0.42083333333333334 0.8854166666666666 0.4270833333333333 0.8875 0.43125 0.8916666666666667 0.4354166666666667 0.89375 0.44375 0.89375 0.46041666666666664 0.8916666666666667 0.4708333333333333 0.8895833333333333 0.475 0.8854166666666666 0.48333333333333334 0.875 0.4895833333333333 0.8666666666666667 0.49375 0.8604166666666667 0.49583333333333335 0.8541666666666666 0.4979166666666667 0.84375 0.4979166666666667 0.8395833333333333 0.49375 0.83125 0.48541666666666666 0.8229166666666666 0.48125 0.8166666666666667 0.48125 0.8145833333333333 0.47708333333333336 0.8104166666666667 0.46875 0.80625 0.4625 0.8041666666666667
0 0.9375 0.7083333333333334 0.925 0.7104166666666667 0.9125 0.7125 0.9041666666666667 0.7145833333333333 0.89375 0.7229166666666667 0.8854166666666666 0.73125 0.8854166666666666 0.76875 0.8875 0.7729166666666667 0.8916666666666667 0.7770833333333333 0.9083333333333333 0.7854166666666667 0.9166666666666666 0.7875 0.925 0.7895833333333333 0.9333333333333333 0.7916666666666666 0.9416666666666667 0.7916666666666666 0.9520833333333333 0.7895833333333333 0.9583333333333334 0.7875 0.9625 0.7854166666666667 0.96875 0.78125 0.9729166666666667 0.7770833333333333 0.9791666666666666 0.76875 0.9833333333333333 0.7625 0.9854166666666667 0.7583333333333333 0.9875 0.7479166666666667 0.9875 0.7354166666666667 0.9791666666666666 0.725 0.9729166666666667 0.71875 0.9666666666666667 0.7145833333333333 0.9625 0.7125 0.95625 0.7104166666666667 0.9458333333333333 0.7083333333333334
0 0.8458333333333333 0.7708333333333334 0.8333333333333334 0.7770833333333333 0.8291666666666667 0.78125 0.8083333333333333 0.8041666666666667 0.80625 0.8166666666666667 0.80625 0.8291666666666667 0.8083333333333333 0.8354166666666667 0.8104166666666667 0.8416666666666667 0.8125 0.8458333333333333 0.8208333333333333 0.8541666666666666 0.83125 0.8625 0.8395833333333333 0.8645833333333334 0.85625 0.8666666666666667 0.8645833333333334 0.8666666666666667 0.8729166666666667 0.8625 0.8854166666666666 0.85 0.89375 0.8395833333333333 0.8979166666666667 0.83125 0.9 0.825 0.9 0.8104166666666667 0.8979166666666667 0.7958333333333333 0.875 0.7708333333333334
0 0.39166666666666666 0.7395833333333334 0.3875 0.7416666666666667 0.38333333333333336 0.7458333333333333 0.3770833333333333 0.7479166666666667 0.3729166666666667 0.7520833333333333 0.3645833333333333 0.76875 0.3625 0.775 0.36041666666666666 0.7854166666666667 0.36041666666666666 0.7916666666666666 0.3645833333333333 0.8 0.36875 0.8041666666666667 0.3770833333333333 0.8104166666666667 0.39166666666666666 0.8125 0.40625 0.8125 0.41041666666666665 0.8104166666666667 0.42291666666666666 0.7979166666666667 0.425 0.7875 0.4270833333333333 0.76875 0.4270833333333333 0.7604166666666666 0.41041666666666665 0.74375 0.4041666666666667 0.7416666666666667 0.3958333333333333 0.7395833333333334
0 0.6604166666666667 0.6854166666666667 0.6541666666666667 0.69375 0.6458333333333334 0.7 0.6375 0.70625 0.63125 0.7083333333333334 0.63125 0.7125 0.6333333333333333 0.7208333333333333 0.6354166666666666 0.7291666666666666 0.6416666666666667 0.7354166666666667 0.6458333333333334 0.7395833333333334 0.6520833333333333 0.74375 0.6583333333333333 0.7479166666666667 0.6625 0.75 0.6666666666666666 0.75 0.6791666666666667 0.7479166666666667 0.6854166666666667 0.7458333333333333 0.6875 0.7395833333333334 0.6895833333333333 0.7333333333333333 0.69375 0.7291666666666666 0.6958333333333333 0.725 0.6958333333333333 0.7208333333333333 0.6916666666666667 0.7166666666666667 0.6895833333333333 0.69375 0.66875 0.6833333333333333
0 0.7166666666666667 0.68125 0.7083333333333334 0.6833333333333333 0.7041666666666667 0.6854166666666667 0.6979166666666666 0.6895833333333333 0.69375 0.7041666666666667 0.6958333333333333 0.71875 0.7416666666666667 0.71875 0.7479166666666667 0.7125 0.7479166666666667 0.7083333333333334 0.7458333333333333 0.7 0.7416666666666667 0.6916666666666667 0.7354166666666667 0.6895833333333333 0.73125 0.6854166666666667 0.7229166666666667 0.68125
0 0.7270833333333333 0.7208333333333333 0.70625 0.7229166666666667 0.7020833333333333 0.725 0.6958333333333333 0.7291666666666666 0.6916666666666667 0.7333333333333333 0.6875 0.7416666666666667 0.6875 0.7708333333333334 0.6895833333333333 0.7770833333333333 0.69375 0.7854166666666667 0.6979166666666666 0.7895833333333333 0.70625 0.7958333333333333 0.7145833333333333 0.8020833333333334 0.7208333333333333 0.80625 0.7270833333333333 0.80625 0.74375 0.8041666666666667 0.7520833333333333 0.8020833333333334 0.7666666666666667 0.7875 0.775 0.7708333333333334 0.775 0.7625 0.7729166666666667 0.75 0.7708333333333334 0.7416666666666667 0.7645833333333333 0.7354166666666667 0.7520833333333333 0.725 0.7458333333333333 0.7208333333333333
0 0.5333333333333333 0.8333333333333334 0.5270833333333333 0.8354166666666667 0.5229166666666667 0.8395833333333333 0.51875 0.8458333333333333 0.51875 0.8520833333333333 0.5229166666666667 0.8604166666666667 0.53125 0.8645833333333334 0.5375 0.8645833333333334 0.5458333333333333 0.8625 0.5479166666666667 0.8583333333333333 0.5479166666666667 0.8520833333333333 0.5479166666666667 0.8458333333333333 0.5458333333333333 0.8395833333333333 0.5416666666666666 0.8354166666666667 0.5375 0.8333333333333334
0 0.5020833333333333 0.8916666666666667 0.49375 0.89375 0.4895833333333333 0.8958333333333334 0.48333333333333334 0.9 0.475 0.90625 0.4708333333333333 0.9104166666666667 0.4708333333333333 0.9145833333333333 0.46875 0.9229166666666667 0.4666666666666667 0.925 0.46458333333333335 0.9354166666666667 0.46458333333333335 0.9416666666666667 0.4666666666666667 0.9479166666666666 0.4708333333333333 0.9541666666666667 0.4708333333333333 0.9583333333333334 0.47291666666666665 0.9625 0.48125 0.9708333333333333 0.5020833333333333 0.98125 0.50625 0.98125 0.5166666666666667 0.9791666666666666 0.5229166666666667 0.9770833333333333 0.5270833333333333 0.9729166666666667 0.5375 0.9604166666666667 0.5416666666666666 0.9541666666666667 0.54375 0.9333333333333333 0.54375 0.9145833333333333 0.525 0.8958333333333334 0.51875 0.89375 0.5083333333333333 0.8916666666666667
0 0.58125 0.8895833333333333 0.575 0.89375 0.5708333333333333 0.89375 0.5666666666666667 0.8958333333333334 0.55625 0.9041666666666667 0.55 0.9104166666666667 0.5479166666666667 0.9145833333333333 0.5458333333333333 0.9208333333333333 0.5458333333333333 0.9625 0.5479166666666667 0.9666666666666667 0.5520833333333334 0.9729166666666667 0.5583333333333333 0.9791666666666666 0.5791666666666667 0.9916666666666667 0.5854166666666667 0.9916666666666667 0.5916666666666667 0.9916666666666667 0.6 0.9895833333333334 0.6041666666666666 0.9875 0.6104166666666667 0.98125 0.6208333333333333 0.96875 0.6270833333333333 0.9604166666666667 0.6291666666666667 0.95625 0.63125 0.9479166666666666 0.6333333333333333 0.9395833333333333 0.6333333333333333 0.93125 0.63125 0.91875 0.6291666666666667 0.9104166666666667 0.6229166666666667 0.9020833333333333 0.6166666666666667 0.8958333333333334 0.6041666666666666 0.8895833333333333
0 0.6395833333333333 0.9854166666666667 0.6333333333333333 0.9875 0.6270833333333333 0.9895833333333334 0.6229166666666667 0.9916666666666667 0.6166666666666667 0.9979166666666667 0.6708333333333333 0.9979166666666667 0.6645833333333333 0.9916666666666667 0.6604166666666667 0.9895833333333334 0.6520833333333333 0.9875 0.64375 0.9854166666666667
0 0.6729166666666667 0.9354166666666667 0.65625 0.9395833333333333 0.65 0.9520833333333333 0.65 0.9645833333333333 0.6520833333333333 0.9791666666666666 0.65625 0.98125 0.6729166666666667 0.9895833333333334 0.6791666666666667 0.9895833333333334 0.6916666666666667 0.9875 0.6979166666666666 0.9854166666666667 0.7020833333333333 0.98125 0.70625 0.975 0.70625 0.96875 0.7041666666666667 0.9541666666666667 0.7 0.94375 0.69375 0.9395833333333333 0.6854166666666667 0.9354166666666667
0 0.7395833333333334 0.9479166666666666 0.73125 0.95 0.725 0.9520833333333333 0.7208333333333333 0.95625 0.71875 0.9666666666666667 0.71875 0.9729166666666667 0.725 0.9791666666666666 0.7291666666666666 0.9833333333333333 0.74375 0.9833333333333333 0.75 0.9791666666666666 0.7541666666666667 0.975 0.7541666666666667 0.95625 0.75 0.9520833333333333 0.74375 0.9479166666666666
0 0.70625 0.8145833333333333 0.7 0.8145833333333333 0.69375 0.8166666666666667 0.6854166666666667 0.81875 0.68125 0.8208333333333333 0.6791666666666667 0.825 0.6770833333333334 0.8291666666666667 0.6770833333333334 0.8395833333333333 0.6791666666666667 0.85 0.69375 0.8645833333333334 0.7041666666666667 0.8645833333333334 0.7166666666666667 0.8604166666666667 0.7208333333333333 0.8541666666666666 0.725 0.8479166666666667 0.7270833333333333 0.84375 0.7270833333333333 0.8395833333333333 0.725 0.8291666666666667 0.7229166666666667 0.8229166666666666 0.7166666666666667 0.8166666666666667 0.7104166666666667 0.8125
0 0.9604166666666667 0.7875 0.9541666666666667 0.7895833333333333 0.9479166666666666 0.7916666666666666 0.94375 0.79375 0.9395833333333333 0.7958333333333333 0.9395833333333333 0.8020833333333334 0.9375 0.8145833333333333 0.9395833333333333 0.8229166666666666 0.9416666666666667 0.8270833333333333 0.9479166666666666 0.8229166666666666 0.9541666666666667 0.8229166666666666 0.9604166666666667 0.8208333333333333 0.9625 0.81875 0.96875 0.8166666666666667 0.9770833333333333 0.8145833333333333 0.9833333333333333 0.8166666666666667 0.9833333333333333 0.8041666666666667 0.9770833333333333 0.7958333333333333 0.9729166666666667 0.7916666666666666 0.96875 0.7895833333333333
0 0.9770833333333333 0.8166666666666667 0.96875 0.81875 0.9625 0.8208333333333333 0.95625 0.8229166666666666 0.9479166666666666 0.825 0.9416666666666667 0.83125 0.9375 0.8354166666666667 0.9354166666666667 0.8416666666666667 0.93125 0.8458333333333333 0.9291666666666667 0.85 0.9291666666666667 0.86875 0.9333333333333333 0.875 0.94375 0.8875 0.9479166666666666 0.8916666666666667 0.9520833333333333 0.89375 0.9583333333333334 0.8958333333333334 0.9645833333333333 0.8979166666666667 0.9708333333333333 0.8979166666666667 0.9791666666666666 0.8958333333333334 0.9875 0.89375 0.99375 0.8916666666666667 0.9979166666666667 0.8875 0.9979166666666667 0.8291666666666667 0.9895833333333334 0.8208333333333333 0.98125 0.8166666666666667
0 0.6145833333333334 0.6354166666666666 0.60625 0.6395833333333333 0.6020833333333333 0.64375 0.5916666666666667 0.6479166666666667 0.5875 0.6520833333333333 0.5833333333333334 0.6604166666666667 0.58125 0.6708333333333333 0.58125 0.68125 0.6166666666666667 0.70625 0.6333333333333333 0.70625 0.6375 0.7041666666666667 0.6458333333333334 0.6979166666666666 0.6541666666666667 0.6916666666666667 0.6583333333333333 0.6875 0.6625 0.6791666666666667 0.6625 0.6729166666666667 0.6604166666666667 0.6645833333333333 0.6583333333333333 0.6583333333333333 0.65625 0.6541666666666667 0.65 0.6458333333333334 0.6458333333333334 0.6416666666666667 0.6395833333333333 0.6395833333333333 0.6291666666666667 0.6375 0.61875 0.6354166666666666
0 0.14166666666666666 0.5520833333333334 0.12708333333333333 0.5625 0.12291666666666666 0.5666666666666667 0.11875 0.575 0.11666666666666667 0.58125 0.11458333333333333 0.5895833333333333 0.1125 0.6 0.1125 0.6354166666666666 0.11458333333333333 0.6395833333333333 0.11875 0.6458333333333334 0.12291666666666666 0.65 0.12916666666666668 0.65625 0.13333333333333333 0.65625 0.13958333333333334 0.6604166666666667 0.16041666666666668 0.6604166666666667 0.16666666666666666 0.65625 0.17083333333333334 0.65625 0.18333333333333332 0.65 0.1875 0.6458333333333334 0.19375 0.6375 0.19791666666666666 0.63125 0.19791666666666666 0.6 0.19583333333333333 0.5895833333333333 0.19375 0.5833333333333334 0.19166666666666668 0.5791666666666667 0.18541666666666667 0.5708333333333333 0.17916666666666667 0.5645833333333333 0.16875 0.55625 0.16458333333333333 0.55625 0.15833333333333333 0.5520833333333334
0 0.23541666666666666 0.5604166666666667 0.22708333333333333 0.5645833333333333 0.2125 0.5791666666666667 0.20625 0.5916666666666667 0.20416666666666666 0.6125 0.20416666666666666 0.6333333333333333 0.20625 0.6375 0.2125 0.64375 0.22083333333333333 0.65 0.22708333333333333 0.6541666666666667 0.2375 0.65625 0.24791666666666667 0.65625 0.25833333333333336 0.6541666666666667 0.26875 0.6520833333333333 0.27708333333333335 0.6479166666666667 0.2791666666666667 0.6416666666666667 0.2833333333333333 0.6375 0.2875 0.63125 0.2916666666666667 0.6229166666666667 0.2916666666666667 0.6041666666666666 0.28958333333333336 0.5979166666666667 0.28541666666666665 0.5895833333333333 0.2708333333333333 0.575 0.25625 0.5625 0.24583333333333332 0.5604166666666667
0 0.43125 0.64375 0.425 0.6458333333333334 0.41875 0.6479166666666667 0.41041666666666665 0.6583333333333333 0.40625 0.6625 0.40208333333333335 0.66875 0.39791666666666664 0.6770833333333334 0.39791666666666664 0.68125 0.4 0.6895833333333333 0.40208333333333335 0.6979166666666666 0.40625 0.70625 0.4125 0.7104166666666667 0.41875 0.7145833333333333 0.425 0.71875 0.42916666666666664 0.7208333333333333 0.44583333333333336 0.7229166666666667 0.46041666666666664 0.7229166666666667 0.4708333333333333 0.7145833333333333 0.475 0.7104166666666667 0.4791666666666667 0.7041666666666667 0.48333333333333334 0.6979166666666666 0.48541666666666666 0.69375 0.48541666666666666 0.6645833333333333 0.48333333333333334 0.6604166666666667 0.4791666666666667 0.65625 0.45416666666666666 0.64375
0 0.325 0.5791666666666667 0.32083333333333336 0.5833333333333334 0.31875 0.5875 0.31666666666666665 0.59375 0.31666666666666665 0.6 0.3145833333333333 0.6041666666666666 0.32916666666666666 0.61875 0.34375 0.61875 0.36041666666666666 0.6166666666666667 0.36666666666666664 0.6125 0.3729166666666667 0.60625 0.3729166666666667 0.6020833333333333 0.37083333333333335 0.59375 0.36666666666666664 0.5854166666666667 0.3625 0.5791666666666667 0.35625 0.5791666666666667 0.35208333333333336 0.5791666666666667 0.34375 0.5770833333333333 0.3416666666666667 0.575 0.3375 0.575
0 0.4 0.5645833333333333 0.3958333333333333 0.56875 0.38958333333333334 0.5770833333333333 0.3854166666666667 0.5833333333333334 0.38333333333333336 0.5895833333333333 0.38125 0.6 0.38125 0.6041666666666666 0.38958333333333334 0.6125 0.4041666666666667 0.61875 0.41041666666666665 0.61875 0.41875 0.6166666666666667 0.4270833333333333 0.6145833333333334 0.43333333333333335 0.6083333333333333 0.4375 0.6041666666666666 0.4395833333333333 0.6 0.4395833333333333 0.5791666666666667 0.425 0.5645833333333333
0 0.3375 0.5041666666666667 0.3333333333333333 0.50625 0.325 0.5125 0.31666666666666665 0.51875 0.3125 0.5354166666666667 0.3125 0.5416666666666666 0.31666666666666665 0.5479166666666667 0.325 0.5583333333333333 0.3333333333333333 0.56875 0.3375 0.5729166666666666 0.3416666666666667 0.5729166666666666 0.35 0.575 0.35208333333333336 0.5770833333333333 0.35625 0.5770833333333333 0.3625 0.5729166666666666 0.375 0.5625 0.38125 0.55625 0.38333333333333336 0.55 0.3854166666666667 0.5416666666666666 0.3854166666666667 0.5375 0.38125 0.53125 0.3729166666666667 0.5208333333333334 0.3645833333333333 0.5104166666666666 0.36041666666666666 0.50625 0.34791666666666665 0.5041666666666667
0 0.2791666666666667 0.49583333333333335 0.26458333333333334 0.5104166666666666 0.2625 0.5229166666666667 0.2625 0.5333333333333333 0.26666666666666666 0.5416666666666666 0.2708333333333333 0.5458333333333333 0.27291666666666664 0.5520833333333334 0.2791666666666667 0.5541666666666667 0.28958333333333336 0.5520833333333334 0.29583333333333334 0.55 0.3125 0.5333333333333333 0.3125 0.5125 0.30625 0.5041666666666667 0.29791666666666666 0.49583333333333335
0 0.3145833333333333 0.30416666666666664 0.30833333333333335 0.30833333333333335 0.30416666666666664 0.3125 0.29791666666666666 0.31875 0.29791666666666666 0.3229166666666667 0.29375 0.32916666666666666 0.29375 0.3333333333333333 0.29375 0.33958333333333335 0.30625 0.36666666666666664 0.31666666666666665 0.37083333333333335 0.33125 0.3729166666666667 0.33958333333333335 0.37083333333333335 0.35625 0.3375 0.35625 0.32083333333333336 0.35 0.3145833333333333 0.3416666666666667 0.30833333333333335 0.3375 0.30625 0.32916666666666666 0.30416666666666664 0.3229166666666667 0.30416666666666664
0 0.3875 0.325 0.37083333333333335 0.32708333333333334 0.35625 0.34375 0.35208333333333336 0.34791666666666665 0.34375 0.3645833333333333 0.34375 0.3854166666666667 0.35625 0.4 0.36875 0.4125 0.3770833333333333 0.41458333333333336 0.39166666666666666 0.4166666666666667 0.39791666666666664 0.4166666666666667 0.41458333333333336 0.4083333333333333 0.43333333333333335 0.38958333333333334 0.43333333333333335 0.3541666666666667 0.43125 0.35 0.425 0.3416666666666667 0.41875 0.33541666666666664 0.4125 0.3333333333333333 0.4083333333333333 0.32916666666666666 0.4 0.325
0 0.9833333333333333 0 0.9833333333333333 0.004166666666666667 0.9854166666666667 0.008333333333333333 0.9979166666666667 0.020833333333333332 0.9979166666666667 0
0 0.5020833333333333 0.010416666666666666 0.4895833333333333 0.0125 0.48125 0.01875 0.47291666666666665 0.027083333333333334 0.46458333333333335 0.04375 0.46458333333333335 0.06041666666666667 0.4791666666666667 0.08333333333333333 0.48541666666666666 0.08958333333333333 0.49375 0.09583333333333334 0.4979166666666667 0.09791666666666667 0.525 0.09791666666666667 0.5291666666666667 0.09583333333333334 0.5333333333333333 0.09166666666666666 0.5395833333333333 0.08958333333333333 0.5458333333333333 0.08541666666666667 0.55 0.08125 0.55625 0.06875 0.55625 0.06041666666666667 0.5541666666666667 0.04375 0.5520833333333334 0.035416666666666666 0.5458333333333333 0.029166666666666667 0.5333333333333333 0.01875 0.5270833333333333 0.014583333333333334 0.5229166666666667 0.0125 0.5145833333333333 0.010416666666666666
0 0.6 0.20833333333333334 0.5916666666666667 0.21041666666666667 0.5875 0.2125 0.58125 0.21666666666666667 0.5729166666666666 0.22291666666666668 0.5666666666666667 0.22708333333333333 0.5604166666666667 0.23125 0.55625 0.23541666666666666 0.5520833333333334 0.24375 0.5520833333333334 0.26666666666666666 0.55625 0.275 0.5604166666666667 0.2791666666666667 0.5833333333333334 0.29375 0.6083333333333333 0.29375 0.6229166666666667 0.2833333333333333 0.6270833333333333 0.2791666666666667 0.6333333333333333 0.2791666666666667 0.6375 0.27708333333333335 0.6458333333333334 0.26875 0.65 0.2604166666666667 0.65 0.24791666666666667 0.6479166666666667 0.23541666666666666 0.625 0.2125 0.61875 0.21041666666666667 0.6104166666666667 0.20833333333333334
0 0.4708333333333333 0.19791666666666666 0.46458333333333335 0.20208333333333334 0.46041666666666664 0.20208333333333334 0.45625 0.20416666666666666 0.44583333333333336 0.2125 0.4375 0.22083333333333333 0.43125 0.23333333333333334 0.43125 0.25833333333333336 0.4354166666666667 0.26666666666666666 0.44375 0.275 0.45416666666666666 0.2833333333333333 0.4625 0.28541666666666665 0.475 0.2875 0.48125 0.2875 0.49375 0.28125 0.4979166666666667 0.27708333333333335 0.5041666666666667 0.275 0.5083333333333333 0.2708333333333333 0.5145833333333333 0.2625 0.5208333333333334 0.25 0.5229166666666667 0.24375 0.5229166666666667 0.22083333333333333 0.50625 0.20416666666666666 0.5 0.20208333333333334 0.4895833333333333 0.2 0.47708333333333336 0.19791666666666666
0 0.35208333333333336 0.07916666666666666 0.33958333333333335 0.08541666666666667 0.32708333333333334 0.1 0.31875 0.10833333333333334 0.30833333333333335 0.11666666666666667 0.30833333333333335 0.14583333333333334 0.3145833333333333 0.15833333333333333 0.3333333333333333 0.17708333333333334 0.33958333333333335 0.17916666666666667 0.35208333333333336 0.18125 0.3625 0.18333333333333332 0.36875 0.18333333333333332 0.375 0.18125 0.37916666666666665 0.17916666666666667 0.39791666666666664 0.16041666666666668 0.4 0.15208333333333332 0.40208333333333335 0.13541666666666666 0.40208333333333335 0.12708333333333333 0.38958333333333334 0.10416666666666667 0.3875 0.09791666666666667 0.37083333333333335 0.08125 0.36041666666666666 0.07916666666666666
0 0.30625 0.04791666666666667 0.28541666666666665 0.06875 0.28541666666666665 0.075 0.2875 0.08958333333333333 0.28958333333333336 0.09791666666666667 0.30833333333333335 0.11041666666666666 0.31875 0.10625 0.325 0.1 0.33958333333333335 0.08333333333333333 0.3458333333333333 0.075 0.3458333333333333 0.06458333333333334 0.33958333333333335 0.05625 0.33125 0.04791666666666667
0 0.39791666666666664 0.03125 0.39166666666666666 0.03333333333333333 0.38333333333333336 0.0375 0.3770833333333333 0.041666666666666664 0.36875 0.05 0.36875 0.058333333333333334 0.37083333333333335 0.075 0.3729166666666667 0.08333333333333333 0.3854166666666667 0.09583333333333334 0.4 0.10833333333333334 0.4041666666666667 0.10833333333333334 0.4125 0.10625 0.42083333333333334 0.10416666666666667 0.425 0.10208333333333333 0.4354166666666667 0.09166666666666666 0.4395833333333333 0.08333333333333333 0.44166666666666665 0.07708333333333334 0.44166666666666665 0.07083333333333333 0.4395833333333333 0.058333333333333334 0.4354166666666667 0.04791666666666667 0.42916666666666664 0.04375 0.42083333333333334 0.0375 0.41458333333333336 0.03333333333333333 0.41041666666666665 0.03125
0 0.33958333333333335 0 0.3375 0.004166666666666667 0.33125 0.016666666666666666 0.32916666666666666 0.029166666666666667 0.32916666666666666 0.0375 0.34375 0.052083333333333336 0.3625 0.052083333333333336 0.36875 0.04791666666666667 0.3770833333333333 0.03958333333333333 0.38333333333333336 0.035416666666666666 0.39166666666666666 0.03125 0.3958333333333333 0.03125 0.4 0.029166666666666667 0.4041666666666667 0.027083333333333334 0.4041666666666667 0.022916666666666665 0.40625 0.014583333333333334 0.4083333333333333 0.0125 0.41041666666666665 0.004166666666666667 0.41041666666666665 0
0 0.20208333333333334 0 0.19583333333333333 0.008333333333333333 0.19166666666666668 0.010416666666666666 0.1875 0.010416666666666666 0.17916666666666667 0.014583333333333334 0.17083333333333334 0.020833333333333332 0.15625 0.03333333333333333 0.15 0.03958333333333333 0.15 0.05625 0.15625 0.06875 0.16041666666666668 0.07291666666666667 0.16666666666666666 0.075 0.17083333333333334 0.07916666666666666 0.18125 0.08333333333333333 0.18541666666666667 0.0875 0.19375 0.09166666666666666 0.20416666666666666 0.09375 0.21458333333333332 0.09375 0.23125 0.08541666666666667 0.23541666666666666 0.08125 0.23958333333333334 0.075 0.24375 0.06666666666666667 0.24583333333333332 0.06041666666666667 0.24791666666666667 0.05 0.25 0.0375 0.25 0.03333333333333333 0.24791666666666667 0.029166666666666667 0.24375 0.022916666666666665 0.23958333333333334 0.016666666666666666 0.23333333333333334 0.008333333333333333 0.22916666666666666 0.0020833333333333333
0 0.09166666666666666 0 0.09166666666666666 0.00625 0.09375 0.014583333333333334 0.1 0.020833333333333332 0.11458333333333333 0.020833333333333332 0.125 0.0125 0.13333333333333333 0.004166666666666667 0.13333333333333333 0
0 0.09791666666666667 0.025 0.09166666666666666 0.029166666666666667 0.0875 0.029166666666666667 0.07916666666666666 0.03333333333333333 0.06875 0.041666666666666664 0.06041666666666667 0.05 0.058333333333333334 0.05416666666666667 0.058333333333333334 0.058333333333333334 0.05416666666666667 0.06458333333333334 0.052083333333333336 0.07083333333333333 0.052083333333333336 0.08958333333333333 0.058333333333333334 0.10208333333333333 0.0625 0.10625 0.075 0.1125 0.08333333333333333 0.11458333333333333 0.08958333333333333 0.11666666666666667 0.09791666666666667 0.11875 0.11875 0.11875 0.13125 0.1125 0.13958333333333334 0.10416666666666667 0.14583333333333334 0.09583333333333334 0.14791666666666667 0.0875 0.15 0.07291666666666667 0.15 0.06666666666666667 0.14166666666666666 0.05625 0.12291666666666666 0.035416666666666666 0.11458333333333333 0.027083333333333334 0.10625 0.025
0 0.0625 0.1125 0.05 0.11458333333333333 0.04583333333333333 0.11875 0.03958333333333333 0.12708333333333333 0.03333333333333333 0.13541666666666666 0.029166666666666667 0.14166666666666666 0.029166666666666667 0.15 0.03125 0.16041666666666668 0.03333333333333333 0.16458333333333333 0.0375 0.17083333333333334 0.041666666666666664 0.17708333333333334 0.04583333333333333 0.18125 0.052083333333333336 0.18541666666666667 0.06041666666666667 0.19166666666666668 0.06458333333333334 0.19375 0.10208333333333333 0.19375 0.11875 0.17708333333333334 0.12291666666666666 0.16666666666666666 0.12291666666666666 0.16041666666666668 0.11666666666666667 0.14583333333333334 0.1125 0.14166666666666666 0.09583333333333334 0.12083333333333333 0.08958333333333333 0.11875 0.08541666666666667 0.11875 0.07916666666666666 0.11458333333333333 0.07291666666666667 0.1125
0 0.22083333333333333 0.11666666666666667 0.21458333333333332 0.12083333333333333 0.21041666666666667 0.12083333333333333 0.2 0.12916666666666668 0.19375 0.13541666666666666 0.1875 0.14375 0.18541666666666667 0.14791666666666667 0.18541666666666667 0.17708333333333334 0.1875 0.18541666666666667 0.18958333333333333 0.19166666666666668 0.2 0.2 0.20416666666666666 0.20416666666666666 0.21041666666666667 0.20833333333333334 0.21875 0.2125 0.24375 0.2125 0.2520833333333333 0.20833333333333334 0.2708333333333333 0.18958333333333333 0.2791666666666667 0.17291666666666666 0.2791666666666667 0.15416666666666667 0.27708333333333335 0.15 0.27291666666666664 0.14375 0.26875 0.1375 0.26458333333333334 0.13125 0.2604166666666667 0.12708333333333333 0.25 0.11875 0.24375 0.11666666666666667
0 0.602625 0.8327916666666667 0.5957916666666667 0.8259583333333332 0.5895625 0.817875 0.5845833333333333 0.8097916666666667 0.5852083333333333 0.8004583333333334 0.5889375 0.7917500000000001 0.5945416666666666 0.7830416666666667 0.602625 0.7774375 0.6119583333333334 0.7743333333333333 0.6212916666666667 0.7737083333333333 0.630625 0.7774375 0.6393333333333333 0.7817916666666667 0.6461666666666667 0.7892499999999999 0.6505208333333333 0.7979583333333333 0.6492916666666667 0.8072916666666666 0.6443125 0.815375 0.6362291666666666 0.8216041666666667 0.6275208333333333 0.8265833333333333 0.6188125 0.8303125
0 0.42285416666666664 0.9957916666666667 0.4309375 0.9908125 0.43964583333333335 0.9870833333333333 0.4477291666666667 0.9821041666666667 0.45768749999999997 0.9789791666666667 0.46702083333333333 0.975875 0.4769791666666666 0.974625 0.4862916666666666 0.9752500000000001 0.49624999999999997 0.9771249999999999 0.5049583333333333 0.9808541666666667 0.5099375 0.9889375 0.5111875 0.9982708333333333 0.5102708333333333 1 0.4267291666666667 1
0 0.28660416666666666 0.7177083333333333 0.2909583333333333 0.709 0.2965625 0.7009166666666666 0.3052708333333333 0.6965625000000001 0.31522916666666667 0.6965625000000001 0.3245625 0.6984375 0.33389583333333334 0.6990416666666667 0.3438541666666667 0.6990416666666667 0.3525625 0.7034166666666667 0.3606458333333334 0.7096250000000001 0.365625 0.7177083333333333 0.36872916666666666 0.7270416666666667 0.36935416666666665 0.736375 0.36685416666666665 0.7457083333333333 0.3612708333333333 0.7537916666666666 0.35504166666666664 0.761875 0.3469583333333333 0.7668541666666666 0.33825000000000005 0.7705833333333333 0.32891666666666663 0.7718333333333334 0.31895833333333334 0.7712083333333334 0.309625 0.7681041666666667 0.3015416666666667 0.761875 0.2940833333333333 0.7556666666666667 0.28972916666666665 0.7469583333333334 0.2884791666666667 0.737625
0 0.0020416666666666665 0.24679166666666666 0.007583333333333333 0.25233333333333335 0.013125 0.257875 0.018145833333333337 0.2644166666666667 0.021166666666666667 0.27145833333333336 0.023687499999999997 0.27902083333333333 0.023687499999999997 0.28708333333333336 0.022187500000000002 0.29462499999999997 0.018666666666666668 0.3016875 0.012604166666666666 0.30722916666666666 0.0055625 0.31074999999999997 0 0.3141666666666667 0 0.24835416666666665
0 0.026208333333333333 0.27247916666666666 0.03225 0.2674375 0.03829166666666666 0.26239583333333333 0.04535416666666667 0.259375 0.051875 0.25916666666666666 0.06166666666666667 0.2597916666666667 0.07020833333333334 0.25895833333333335 0.07729166666666668 0.2604166666666667 0.08262499999999999 0.2639166666666667 0.08764583333333334 0.2704583333333333 0.09116666666666666 0.2775208333333333 0.09420833333333332 0.28506250000000005 0.09620833333333333 0.292625 0.09822916666666666 0.3001666666666667 0.09822916666666666 0.30822916666666667 0.09570833333333333 0.3157916666666667 0.09168749999999999 0.3223333333333333 0.08664583333333334 0.32887500000000003 0.07958333333333334 0.3329166666666667 0.07204166666666666 0.3344166666666667 0.06447916666666667 0.33491666666666664 0.0564375 0.33491666666666664 0.048875 0.3329166666666667 0.042333333333333334 0.32887500000000003 0.03629166666666667 0.3233333333333333 0.03125 0.3172916666666667 0.026708333333333334 0.31074999999999997 0.024708333333333332 0.3031875 0.024187499999999997 0.29564583333333333 0.024187499999999997 0.2875833333333333