0 0.6770833333333334 0.2708333333333333 0.6666666666666666 0.28125 0.6604166666666667 0.28541666666666665 0.6541666666666667 0.28541666666666665 0.6466666666666666 0.29750000000000004 0.6479166666666667 0.31666666666666665 0.65625 0.3333333333333333 0.6604166666666667 0.3375 0.6708333333333333 0.3458333333333333 0.6770833333333334 0.35 0.6979166666666666 0.35 0.7020833333333333 0.34791666666666665 0.7083333333333334 0.34375 0.7166666666666667 0.3375 0.7208333333333333 0.325 0.7229166666666667 0.30833333333333335 0.7229166666666667 0.29791666666666666 0.71875 0.28958333333333336 0.70625 0.27708333333333335 0.6958333333333333 0.26875 0.6875 0.26875
0 0.58125 0.23125 0.5729166666666666 0.2375 0.5666666666666667 0.24375 0.5666666666666667 0.27291666666666664 0.5708333333333333 0.2791666666666667 0.5791666666666667 0.28958333333333336 0.5833333333333334 0.29375 0.5875 0.29375 0.5958333333333333 0.29583333333333334 0.6 0.29791666666666666 0.60625 0.29375 0.6166666666666667 0.28541666666666665 0.6208333333333333 0.28125 0.6229166666666667 0.27291666666666664 0.625 0.25833333333333336 0.625 0.2520833333333333 0.61875 0.24583333333333332 0.60625 0.23541666666666666 0.6 0.23125
0 0.9083333333333333 0.7083333333333334 0.9041666666666667 0.7104166666666667 0.8958333333333334 0.7166666666666667 0.8895833333333333 0.7208333333333333 0.8854166666666666 0.7333333333333333 0.8854166666666666 0.7416666666666667 0.8979166666666667 0.75625 0.9104166666666667 0.76875 0.9229166666666667 0.7708333333333334 0.93125 0.7708333333333334 0.9375 0.7645833333333333 0.9416666666666667 0.7583333333333333 0.9416666666666667 0.7229166666666667 0.9291666666666667 0.7104166666666667 0.91875 0.7083333333333334
0 0.48541666666666666 0.8625 0.4791666666666667 0.875 0.4791666666666667 0.88125 0.48125 0.89375 0.48541666666666666 0.9020833333333333 0.49166666666666664 0.90625 0.5 0.9125 0.5041666666666667 0.9145833333333333 0.5270833333333333 0.9145833333333333 0.53125 0.9104166666666667 0.5375 0.9020833333333333 0.5395833333333333 0.8979166666666667 0.5395833333333333 0.89375 0.5375 0.8854166666666666 0.5333333333333333 0.8770833333333333 0.5229166666666667 0.8729166666666667 0.51875 0.86875 0.50625 0.8625 0.49583333333333335 0.8604166666666667
0 0.0375 0.5916666666666667 0.029166666666666667 0.5979166666666667 0.025 0.6020833333333333 0.022916666666666665 0.6166666666666667 0.022916666666666665 0.6291666666666667 0.027083333333333334 0.6375 0.03125 0.64375 0.04375 0.6479166666666667 0.052083333333333336 0.6479166666666667 0.06875 0.63125 0.06875 0.6125 0.06666666666666667 0.6083333333333333 0.06041666666666667 0.6 0.05625 0.5958333333333333 0.052083333333333336 0.5958333333333333 0.04375 0.59375 0.041666666666666664 0.5916666666666667
0 0.6208333333333333 0.09791666666666667 0.6145833333333334 0.10208333333333333 0.6041666666666666 0.11041666666666666 0.5979166666666667 0.11666666666666667 0.59375 0.125 0.59375 0.1375 0.5958333333333333 0.15 0.6 0.15625 0.6104166666666667 0.16875 0.6145833333333334 0.17291666666666666 0.63125 0.18125 0.65 0.18125 0.6541666666666667 0.17916666666666667 0.6625 0.17291666666666666 0.66875 0.16666666666666666 0.6729166666666667 0.15833333333333333 0.675 0.14166666666666666 0.675 0.12916666666666668 0.6625 0.11458333333333333 0.65 0.10208333333333333 0.6416666666666667 0.1 0.6270833333333333 0.09791666666666667
0 0.5041666666666667 0.5041666666666667 0.48333333333333334 0.50625 0.47291666666666665 0.5083333333333333 0.47291666666666665 0.5229166666666667 0.475 0.5375 0.48125 0.5458333333333333 0.4875 0.5520833333333334 0.5104166666666666 0.5520833333333334 0.5208333333333334 0.5416666666666666 0.5208333333333334 0.5291666666666667 0.51875 0.5125 0.5166666666666667 0.5083333333333333 0.5125 0.5041666666666667
0 0.6604166666666667 0.22083333333333333 0.6479166666666667 0.22291666666666668 0.6416666666666667 0.225 0.6375 0.22916666666666666 0.63125 0.2375 0.6270833333333333 0.24375 0.6291666666666667 0.275 0.6354166666666666 0.2791666666666667 0.6391666666666667 0.2845833333333333 0.6458333333333334 0.28729166666666667 0.6520833333333333 0.28541666666666665 0.6604166666666667 0.2833333333333333 0.6666666666666666 0.2791666666666667 0.6791666666666667 0.26875 0.6833333333333333 0.26458333333333334 0.6833333333333333 0.25416666666666665 0.68125 0.23958333333333334 0.6729166666666667 0.22916666666666666 0.6645833333333333 0.22083333333333333
0 0 0 0 0.00625 0.004166666666666667 0.010416666666666666 0.01875 0.016666666666666666 0.022916666666666665 0.020833333333333332 0.035416666666666666 0.027083333333333334 0.03958333333333333 0.027083333333333334 0.05 0.025 0.058333333333333334 0.022916666666666665 0.06458333333333334 0.020833333333333332 0.07291666666666667 0.0125 0.07916666666666666 0.004166666666666667 0.07916666666666666 0
0 0 0.010416666666666666 0 0.10625 0.004166666666666667 0.10416666666666667 0.008333333333333333 0.10416666666666667 0.014583333333333334 0.1 0.027083333333333334 0.08958333333333333 0.03125 0.08541666666666667 0.03958333333333333 0.06875 0.03958333333333333 0.05 0.0375 0.041666666666666664 0.035416666666666666 0.03333333333333333 0.03333333333333333 0.029166666666666667 0.029166666666666667 0.025 0.022916666666666665 0.022916666666666665 0.01875 0.01875 0.004166666666666667 0.0125
0 0.48333333333333334 0.42916666666666664 0.46875 0.43125 0.45416666666666666 0.44583333333333336 0.4479166666666667 0.4583333333333333 0.4479166666666667 0.46875 0.45 0.48125 0.4583333333333333 0.4979166666666667 0.4625 0.5020833333333333 0.4708333333333333 0.5083333333333333 0.48333333333333334 0.5041666666666667 0.5041666666666667 0.5020833333333333 0.5145833333333333 0.5041666666666667 0.51875 0.5020833333333333 0.5229166666666667 0.4979166666666667 0.5291666666666667 0.4895833333333333 0.5333333333333333 0.48333333333333334 0.5333333333333333 0.47708333333333336 0.53125 0.46458333333333335 0.5291666666666667 0.45625 0.5229166666666667 0.4479166666666667 0.5166666666666667 0.44166666666666665 0.5104166666666666 0.4395833333333333 0.50625 0.4354166666666667 0.49375 0.42916666666666664
0 0.6333333333333333 0.375 0.625 0.3770833333333333 0.61875 0.38333333333333336 0.6125 0.39166666666666666 0.6125 0.41458333333333336 0.6291666666666667 0.43125 0.6458333333333334 0.43125 0.6625 0.41458333333333336 0.6625 0.40625 0.6604166666666667 0.3958333333333333 0.6583333333333333 0.39166666666666666 0.6520833333333333 0.38333333333333336 0.6458333333333334 0.3770833333333333 0.6416666666666667 0.375
0 0.5958333333333333 0.3104166666666667 0.5895833333333333 0.3145833333333333 0.5770833333333333 0.325 0.5666666666666667 0.3333333333333333 0.5625 0.3375 0.5604166666666667 0.3458333333333333 0.5604166666666667 0.3541666666666667 0.5729166666666666 0.37916666666666665 0.5770833333333333 0.38333333333333336 0.5854166666666667 0.3875 0.6 0.38958333333333334 0.6125 0.38958333333333334 0.6166666666666667 0.3854166666666667 0.625 0.375 0.63125 0.375 0.6333333333333333 0.37083333333333335 0.6333333333333333 0.35833333333333334 0.63125 0.34375 0.6208333333333333 0.3229166666666667 0.6125 0.3145833333333333 0.6083333333333333 0.3125 0.6 0.3104166666666667