0 0.9729166666666667 0.78125 0.9479166666666666 0.80625 0.9479166666666666 0.8333333333333334 0.9520833333333333 0.8416666666666667 0.95625 0.8458333333333333 0.9583333333333334 0.8520833333333333 0.9645833333333333 0.8583333333333333 0.9708333333333333 0.8625 0.9854166666666667 0.8645833333333334 0.9979166666666667 0.8645833333333334 0.9979166666666667 0.78125
0 0.90625 0.42291666666666666 0.8854166666666666 0.43333333333333335 0.8791666666666667 0.4354166666666667 0.8770833333333333 0.4395833333333333 0.875 0.44375 0.875 0.4479166666666667 0.8708333333333333 0.45416666666666666 0.8708333333333333 0.47291666666666665 0.875 0.48125 0.8791666666666667 0.4875 0.8833333333333333 0.49166666666666664 0.9083333333333333 0.5104166666666666 0.9145833333333333 0.5104166666666666 0.925 0.5083333333333333 0.93125 0.50625 0.9375 0.5 0.9458333333333333 0.4895833333333333 0.9520833333333333 0.47708333333333336 0.9520833333333333 0.45416666666666666 0.95 0.45 0.94375 0.44166666666666665 0.9375 0.43333333333333335 0.9333333333333333 0.42916666666666664 0.9291666666666667 0.4270833333333333 0.925 0.4270833333333333 0.91875 0.425 0.9166666666666666 0.42291666666666666 0.9125 0.42291666666666666
0 0.89375 0.4041666666666667 0.8875 0.4041666666666667 0.88125 0.40625 0.875 0.4125 0.875 0.42916666666666664 0.8770833333333333 0.43333333333333335 0.88125 0.43333333333333335 0.90625 0.42083333333333334 0.9104166666666667 0.41875 0.9104166666666667 0.41458333333333336 0.90625 0.40625 0.9 0.4041666666666667
0 0.8583333333333333 0.8479166666666667 0.8395833333333333 0.85 0.8291666666666667 0.8604166666666667 0.8208333333333333 0.8708333333333333 0.81875 0.875 0.8166666666666667 0.88125 0.8166666666666667 0.8895833333333333 0.81875 0.8979166666666667 0.8416666666666667 0.9208333333333333 0.8729166666666667 0.9208333333333333 0.8833333333333333 0.9104166666666667 0.89375 0.8979166666666667 0.8958333333333334 0.8875 0.8958333333333334 0.8729166666666667 0.89375 0.8645833333333334 0.8916666666666667 0.8604166666666667 0.8875 0.85625 0.8791666666666667 0.85 0.875 0.8479166666666667
0 0.9083333333333333 0.08333333333333333 0.9041666666666667 0.08541666666666667 0.8958333333333334 0.09166666666666666 0.8895833333333333 0.09583333333333334 0.8854166666666666 0.10833333333333334 0.8854166666666666 0.11666666666666667 0.8935416666666666 0.135625 0.9104166666666667 0.14375 0.9229166666666667 0.14583333333333334 0.93125 0.14583333333333334 0.9375 0.13958333333333334 0.9460416666666667 0.12020833333333333 0.9416666666666667 0.09791666666666667 0.9291666666666667 0.08541666666666667 0.91875 0.08333333333333333
0 0.8602083333333332 0.7820833333333332 0.8452083333333333 0.7899999999999999 0.8354166666666667 0.7916666666666666 0.83125 0.7979166666666667 0.8291666666666667 0.8020833333333334 0.8270833333333333 0.8104166666666667 0.825 0.81875 0.825 0.8229166666666666 0.8354166666666667 0.84375 0.8458333333333333 0.8458333333333333 0.8666666666666667 0.84375 0.86875 0.8416666666666667 0.8770833333333333 0.8416666666666667 0.8833333333333333 0.8435416666666666 0.8902083333333334 0.8433333333333334 0.8958333333333334 0.84125 0.9020833333333333 0.8333333333333334 0.90625 0.8291666666666667 0.9104166666666667 0.8208333333333333 0.9104166666666667 0.8166666666666667 0.9089583333333333 0.80125 0.896875 0.7908333333333334 0.8804166666666667 0.7914583333333333
0 0.48541666666666666 0.2375 0.4791666666666667 0.25 0.4791666666666667 0.25625 0.48125 0.26875 0.48541666666666666 0.27708333333333335 0.49166666666666664 0.28125 0.5 0.2875 0.5041666666666667 0.28958333333333336 0.5270833333333333 0.28958333333333336 0.53125 0.28541666666666665 0.5375 0.27708333333333335 0.5395833333333333 0.27291666666666664 0.5395833333333333 0.26875 0.5375 0.2604166666666667 0.5333333333333333 0.2520833333333333 0.5229166666666667 0.24791666666666667 0.51875 0.24375 0.50625 0.2375 0.49583333333333335 0.23541666666666666
0 0.33125 0.3729166666666667 0.31875 0.375 0.30833333333333335 0.38333333333333336 0.3020833333333333 0.38958333333333334 0.29791666666666666 0.39791666666666664 0.29791666666666666 0.4166666666666667 0.3110416666666667 0.439375 0.33520833333333333 0.44583333333333336 0.34791666666666665 0.44166666666666665 0.3645833333333333 0.42916666666666664 0.3645833333333333 0.425 0.36875 0.41875 0.369375 0.40375 0.36000000000000004 0.38229166666666664 0.33958333333333335 0.3729166666666667
0 0.022916666666666665 0 0.022916666666666665 0.004166666666666667 0.027083333333333334 0.0125 0.03125 0.01875 0.04375 0.022916666666666665 0.052083333333333336 0.022916666666666665 0.06875 0.00625 0.06875 0
0 0.39166666666666666 0.53125 0.3854166666666667 0.5354166666666667 0.38125 0.5354166666666667 0.375 0.5375 0.3625 0.54375 0.3541666666666667 0.55 0.3458333333333333 0.55625 0.3416666666666667 0.5666666666666667 0.3416666666666667 0.5729166666666666 0.3458333333333333 0.5791666666666667 0.35 0.5833333333333334 0.36666666666666664 0.5916666666666667 0.37916666666666665 0.59375 0.39375 0.59375 0.40208333333333335 0.5916666666666667 0.4083333333333333 0.5895833333333333 0.41458333333333336 0.5854166666666667 0.42083333333333334 0.5791666666666667 0.42291666666666666 0.575 0.425 0.56875 0.425 0.5479166666666667 0.42083333333333334 0.5395833333333333 0.41458333333333336 0.5333333333333333 0.41041666666666665 0.53125
0 0.00625 0.9541666666666667 0 0.95625 0 0.9979166666666667 0.020833333333333332 0.9979166666666667 0.022916666666666665 0.99375 0.029166666666666667 0.98125 0.029166666666666667 0.9770833333333333 0.027083333333333334 0.96875 0.022916666666666665 0.9604166666666667 0.010416666666666666 0.9541666666666667
0 0.7583333333333333 0.825 0.7458333333333333 0.83125 0.7395833333333334 0.8375 0.7333333333333333 0.8458333333333333 0.7291666666666666 0.8541666666666666 0.7270833333333333 0.8604166666666667 0.7270833333333333 0.8854166666666666 0.7291666666666666 0.8916666666666667 0.7333333333333333 0.9 0.7479166666666667 0.9145833333333333 0.7541666666666667 0.9166666666666666 0.7625 0.91875 0.76875 0.91875 0.7729166666666667 0.9208333333333333 0.7854166666666667 0.9104166666666667 0.7958333333333333 0.9 0.8041666666666667 0.8833333333333333 0.8041666666666667 0.8625 0.8020833333333334 0.85625 0.7979166666666667 0.8479166666666667 0.7916666666666666 0.8395833333333333 0.78125 0.8291666666666667 0.7729166666666667 0.825