0 0.8583333333333333 0.22291666666666668 0.8395833333333333 0.225 0.8291666666666667 0.23541666666666666 0.8208333333333333 0.24583333333333332 0.81875 0.25 0.8166666666666667 0.25625 0.8166666666666667 0.26458333333333334 0.81875 0.27291666666666664 0.8416666666666667 0.29583333333333334 0.8729166666666667 0.29583333333333334 0.8833333333333333 0.28541666666666665 0.89375 0.27291666666666664 0.8958333333333334 0.2625 0.8958333333333334 0.24791666666666667 0.89375 0.23958333333333334 0.8916666666666667 0.23541666666666666 0.8875 0.23125 0.8791666666666667 0.225 0.875 0.22291666666666668
0 0.9729166666666667 0.15625 0.9479166666666666 0.18125 0.9479166666666666 0.20833333333333334 0.9520833333333333 0.21666666666666667 0.95625 0.22083333333333333 0.9583333333333334 0.22708333333333333 0.9645833333333333 0.23333333333333334 0.9708333333333333 0.2375 0.9854166666666667 0.23958333333333334 0.9979166666666667 0.23958333333333334 0.9979166666666667 0.15625
0 0.9 0.9354166666666667 0.8875 0.9375 0.8833333333333333 0.9416666666666667 0.8770833333333333 0.95 0.875 0.9541666666666667 0.875 0.9666666666666667 0.8791666666666667 0.9729166666666667 0.8791666666666667 0.9770833333333333 0.8833333333333333 0.9833333333333333 0.8833333333333333 0.9875 0.8854166666666666 0.9916666666666667 0.8875 0.9958333333333333 0.90625 0.9979166666666667 0.9229166666666667 0.9958333333333333 0.9354166666666667 0.9708333333333333 0.9354166666666667 0.9666666666666667 0.9333333333333333 0.9583333333333334 0.93125 0.9520833333333333 0.9270833333333334 0.9479166666666666 0.9166666666666666 0.9395833333333333 0.9104166666666667 0.9354166666666667
0 0.7041666666666667 0.7895833333333333 0.7 0.79375 0.69375 0.8020833333333334 0.6895833333333333 0.8083333333333333 0.6895833333333333 0.83125 0.6979166666666666 0.8395833333333333 0.7104166666666667 0.85 0.71875 0.85 0.7291666666666666 0.8479166666666667 0.7416666666666667 0.8354166666666667 0.74375 0.8229166666666666 0.74375 0.8125 0.7395833333333334 0.80625 0.73125 0.7958333333333333 0.7270833333333333 0.7916666666666666 0.7145833333333333 0.7895833333333333
0 0.8641666666666666 0.16 0.845625 0.159375 0.8354166666666667 0.16666666666666666 0.83125 0.17291666666666666 0.8291666666666667 0.17708333333333334 0.8270833333333333 0.18541666666666667 0.825 0.19375 0.825 0.19791666666666666 0.8354166666666667 0.21875 0.8458333333333333 0.22083333333333333 0.8575 0.22062500000000002 0.8670833333333333 0.2185416666666667 0.8758333333333332 0.21979166666666666 0.8854166666666666 0.22291666666666668 0.8929166666666667 0.223125 0.8991666666666667 0.21541666666666667 0.9020833333333333 0.20833333333333334 0.90625 0.20416666666666666 0.9104166666666667 0.19583333333333333 0.9104166666666667 0.19166666666666668 0.9125 0.17604166666666668 0.8970833333333333 0.16229166666666667 0.8785416666666667 0.170625
0 0.7583333333333333 0.5083333333333333 0.7458333333333333 0.5145833333333333 0.73125 0.5291666666666667 0.725 0.5416666666666666 0.7229166666666667 0.5541666666666667 0.7229166666666667 0.5645833333333333 0.74375 0.5875 0.7479166666666667 0.5916666666666667 0.75625 0.5958333333333333 0.775 0.5958333333333333 0.7791666666666667 0.59375 0.7854166666666667 0.5895833333333333 0.7916666666666666 0.5854166666666667 0.7979166666666667 0.58125 0.8020833333333334 0.5770833333333333 0.80625 0.56875 0.80625 0.5333333333333333 0.8020833333333334 0.525 0.7979166666666667 0.5208333333333334 0.7958333333333333 0.5145833333333333 0.7916666666666666 0.5104166666666666 0.7875 0.5083333333333333
0 0.7583333333333333 0.2 0.7458333333333333 0.20625 0.7395833333333334 0.2125 0.7333333333333333 0.22083333333333333 0.7291666666666666 0.22916666666666666 0.7270833333333333 0.23541666666666666 0.7270833333333333 0.2604166666666667 0.7291666666666666 0.26666666666666666 0.7333333333333333 0.275 0.7479166666666667 0.28958333333333336 0.7541666666666667 0.2916666666666667 0.7625 0.29375 0.76875 0.29375 0.7729166666666667 0.29583333333333334 0.7854166666666667 0.28541666666666665 0.7958333333333333 0.275 0.8041666666666667 0.25833333333333336 0.8041666666666667 0.2375 0.8020833333333334 0.23125 0.7979166666666667 0.22291666666666668 0.7916666666666666 0.21458333333333332 0.78125 0.20416666666666666 0.7729166666666667 0.2
0 0.24791666666666667 0.9625 0.24166666666666667 0.96875 0.23333333333333334 0.9791666666666666 0.23125 0.9854166666666667 0.23125 0.9895833333333334 0.23333333333333334 0.99375 0.23541666666666666 0.9979166666666667 0.27708333333333335 0.9979166666666667 0.28125 0.99375 0.28125 0.9854166666666667 0.2791666666666667 0.975 0.27291666666666664 0.9666666666666667 0.26875 0.9625 0.26458333333333334 0.9604166666666667 0.25833333333333336 0.9604166666666667
0 0 0.83125 0 0.875 0.008333333333333333 0.8645833333333334 0.010416666666666666 0.8541666666666666 0.010416666666666666 0.84375 0.004166666666666667 0.8354166666666667
0 0.68125 0.9395833333333333 0.6645833333333333 0.9416666666666667 0.6541666666666667 0.95 0.6458333333333334 0.9583333333333334 0.6416666666666667 0.9666666666666667 0.6395833333333333 0.9729166666666667 0.6395833333333333 0.9895833333333334 0.6416666666666667 0.99375 0.6458333333333334 0.9979166666666667 0.7125 0.9979166666666667 0.7166666666666667 0.99375 0.71875 0.9895833333333334 0.71875 0.9604166666666667 0.7125 0.9541666666666667 0.7 0.94375 0.69375 0.9395833333333333
0 0.00625 0.32916666666666666 0 0.33125 0 0.375 0.008333333333333333 0.3770833333333333 0.014583333333333334 0.3770833333333333 0.029166666666666667 0.35625 0.029166666666666667 0.35208333333333336 0.027083333333333334 0.34375 0.022916666666666665 0.33541666666666664 0.010416666666666666 0.32916666666666666
0 0 0.3770833333333333 0 0.4041666666666667 0 0.39791666666666664 0.0020833333333333333 0.38958333333333334 0.004166666666666667 0.3875 0.004166666666666667 0.38333333333333336