0 0.2125 0.33541666666666664 0.20416666666666666 0.33958333333333335 0.19791666666666666 0.34375 0.19375 0.34791666666666665 0.17916666666666667 0.3645833333333333 0.17916666666666667 0.3854166666666667 0.18125 0.39375 0.18333333333333332 0.39791666666666664 0.19375 0.4083333333333333 0.20208333333333334 0.41041666666666665 0.21875 0.4125 0.225 0.4125 0.25 0.4 0.25416666666666665 0.3958333333333333 0.25833333333333336 0.3875 0.25833333333333336 0.36875 0.25416666666666665 0.36041666666666666 0.25 0.3541666666666667 0.24583333333333332 0.35 0.24375 0.34375 0.23541666666666666 0.33958333333333335 0.22708333333333333 0.3375 0.21666666666666667 0.33541666666666664
0 0.8375 0.7791666666666667 0.8270833333333333 0.78125 0.8208333333333333 0.7833333333333333 0.81875 0.7875 0.8166666666666667 0.7958333333333333 0.8166666666666667 0.8 0.83125 0.8208333333333333 0.8395833333333333 0.8208333333333333 0.8520833333333333 0.8166666666666667 0.8583333333333333 0.8041666666666667 0.8583333333333333 0.7979166666666667 0.8541666666666666 0.7875 0.8458333333333333 0.78125 0.8416666666666667 0.7791666666666667
0 0.7854166666666667 0.6125 0.7708333333333334 0.6145833333333334 0.75 0.6354166666666666 0.7479166666666667 0.6395833333333333 0.7458333333333333 0.6479166666666667 0.7458333333333333 0.6583333333333333 0.7479166666666667 0.6666666666666666 0.7583333333333333 0.6875 0.7729166666666667 0.7020833333333333 0.7895833333333333 0.7104166666666667 0.8 0.7104166666666667 0.8104166666666667 0.7083333333333334 0.81875 0.7041666666666667 0.8270833333333333 0.6958333333333333 0.83125 0.6895833333333333 0.8333333333333334 0.6854166666666667 0.8354166666666667 0.6770833333333334 0.8354166666666667 0.6604166666666667 0.8333333333333334 0.64375 0.8270833333333333 0.63125 0.8208333333333333 0.625 0.8125 0.61875 0.8041666666666667 0.6145833333333334 0.7979166666666667 0.6125
0 0.9520833333333333 0.07708333333333334 0.9458333333333333 0.07708333333333334 0.9375 0.07916666666666666 0.9291666666666667 0.08333333333333333 0.925 0.08958333333333333 0.9229166666666667 0.09375 0.9229166666666667 0.10833333333333334 0.9270833333333334 0.11666666666666667 0.9416666666666667 0.13125 0.9541666666666667 0.1375 0.9604166666666667 0.1375 0.96875 0.13541666666666666 0.9770833333333333 0.13125 0.9833333333333333 0.11875 0.9833333333333333 0.1 0.9791666666666666 0.09166666666666666 0.975 0.0875 0.9666666666666667 0.08125 0.9604166666666667 0.07708333333333334
0 0.2375 0.5854166666666667 0.22916666666666666 0.5875 0.22083333333333333 0.5895833333333333 0.21458333333333332 0.5916666666666667 0.20625 0.6 0.19791666666666666 0.6104166666666667 0.19583333333333333 0.6208333333333333 0.19583333333333333 0.6291666666666667 0.19791666666666666 0.6333333333333333 0.20416666666666666 0.6416666666666667 0.21041666666666667 0.6479166666666667 0.22083333333333333 0.65625 0.225 0.65625 0.23125 0.6541666666666667 0.2375 0.65 0.24166666666666667 0.65 0.24791666666666667 0.64375 0.2520833333333333 0.6395833333333333 0.25625 0.6333333333333333 0.25833333333333336 0.6270833333333333 0.2625 0.6229166666666667 0.2625 0.6145833333333334 0.2625 0.6083333333333333 0.2604166666666667 0.6 0.25416666666666665 0.59375 0.25 0.5895833333333333 0.24166666666666667 0.5854166666666667
0 0.20208333333333334 0.6770833333333334 0.19375 0.6791666666666667 0.19166666666666668 0.6833333333333333 0.1875 0.6916666666666667 0.1875 0.6958333333333333 0.18958333333333333 0.7 0.19166666666666668 0.7041666666666667 0.19791666666666666 0.70625 0.20416666666666666 0.7104166666666667 0.21041666666666667 0.7104166666666667 0.21875 0.70625 0.22083333333333333 0.7020833333333333 0.22083333333333333 0.69375 0.21666666666666667 0.68125 0.20833333333333334 0.6770833333333334
0 0.1125 0.825 0.09375 0.8375 0.08958333333333333 0.8416666666666667 0.08333333333333333 0.85 0.07916666666666666 0.85625 0.07708333333333334 0.8604166666666667 0.07708333333333334 0.8770833333333333 0.08333333333333333 0.8895833333333333 0.0875 0.89375 0.09166666666666666 0.9041666666666667 0.09583333333333334 0.9083333333333333 0.10208333333333333 0.9104166666666667 0.10625 0.9145833333333333 0.11458333333333333 0.91875 0.125 0.9208333333333333 0.13333333333333333 0.9208333333333333 0.1375 0.91875 0.14583333333333334 0.9125 0.15208333333333332 0.9083333333333333 0.15833333333333333 0.9020833333333333 0.16666666666666666 0.8916666666666667 0.16666666666666666 0.8875 0.17083333333333334 0.88125 0.17083333333333334 0.8729166666666667 0.16875 0.8645833333333334 0.16458333333333333 0.85625 0.16041666666666668 0.85 0.15416666666666667 0.84375 0.14583333333333334 0.8375 0.1375 0.83125 0.13125 0.8270833333333333 0.12083333333333333 0.825
0 0 0.7854166666666667 0 0.8291666666666667 0.00625 0.8208333333333333 0.010416666666666666 0.8145833333333333 0.0125 0.8083333333333333 0.0125 0.8 0.008333333333333333 0.7916666666666666 0.004166666666666667 0.7875
0 0.8041666666666667 0.14583333333333334 0.8 0.14791666666666667 0.7916666666666666 0.15416666666666667 0.7833333333333333 0.16041666666666668 0.7791666666666667 0.16458333333333333 0.775 0.17291666666666666 0.775 0.20416666666666666 0.7770833333333333 0.20833333333333334 0.7833333333333333 0.21666666666666667 0.7875 0.22083333333333333 0.80625 0.22083333333333333 0.8208333333333333 0.21875 0.825 0.2125 0.8291666666666667 0.20625 0.83125 0.2 0.8354166666666667 0.19583333333333333 0.8375 0.19166666666666668 0.8375 0.1625 0.8229166666666666 0.14791666666666667 0.8125 0.14583333333333334
0 0.8083333333333333 0.22083333333333333 0.7895833333333333 0.225 0.7854166666666667 0.23125 0.7833333333333333 0.23541666666666666 0.7833333333333333 0.25 0.7854166666666667 0.26458333333333334 0.8 0.2791666666666667 0.8166666666666667 0.2791666666666667 0.8354166666666667 0.2604166666666667 0.8375 0.25 0.8375 0.23958333333333334 0.8291666666666667 0.22916666666666666 0.8208333333333333 0.22083333333333333
0 0 0.51875 0 0.5729166666666666 0.00625 0.5791666666666667 0.016666666666666666 0.58125 0.025 0.58125 0.04375 0.5625 0.04583333333333333 0.55625 0.04791666666666667 0.54375 0.04791666666666667 0.5395833333333333 0.03958333333333333 0.5291666666666667 0.03125 0.5208333333333334 0.022916666666666665 0.51875 0.008333333333333333 0.5166666666666667
0 0 0.5770833333333333 0 0.625 0.0125 0.6145833333333334 0.014583333333333334 0.6104166666666667 0.016666666666666666 0.6041666666666666 0.016666666666666666 0.5979166666666667 0.014583333333333334 0.5895833333333333 0.00625 0.58125
0 0.1875 0.025 0.17083333333333334 0.03333333333333333 0.16666666666666666 0.041666666666666664 0.16458333333333333 0.052083333333333336 0.16458333333333333 0.05625 0.16875 0.0625 0.175 0.06875 0.18125 0.07083333333333333 0.19020833333333334 0.075625 0.20208333333333334 0.06458333333333334 0.21875 0.05 0.21875 0.04583333333333333 0.21875 0.0375 0.2125 0.03125 0.20416666666666666 0.025
0 0.6354166666666666 0.5729166666666666 0.6229166666666667 0.575 0.6145833333333334 0.5770833333333333 0.5895833333333333 0.6020833333333333 0.5875 0.6104166666666667 0.5875 0.61875 0.59375 0.63125 0.5979166666666667 0.6354166666666666 0.6166666666666667 0.6541666666666667 0.625 0.6541666666666667 0.6375 0.6520833333333333 0.6458333333333334 0.65 0.6541666666666667 0.6416666666666667 0.6604166666666667 0.6333333333333333 0.6645833333333333 0.625 0.6666666666666666 0.61875 0.6666666666666666 0.6083333333333333 0.6645833333333333 0.5958333333333333 0.6416666666666667 0.5729166666666666
0 0.225 0.010416666666666666 0.21875 0.016666666666666666 0.21666666666666667 0.027083333333333334 0.21875 0.03125 0.21875 0.035416666666666666 0.22083333333333333 0.03958333333333333 0.22416666666666665 0.041666666666666664 0.22708333333333333 0.04375 0.245 0.04291666666666667 0.2475 0.03729166666666666 0.24729166666666666 0.031875 0.24604166666666666 0.027083333333333334 0.24250000000000002 0.021041666666666667 0.23958333333333334 0.016666666666666666 0.2375 0.0125 0.23333333333333334 0.0125
0 0.22916666666666666 0.04375 0.21875 0.052083333333333336 0.20208333333333334 0.06666666666666667 0.19312500000000002 0.07708333333333334 0.19583333333333333 0.09583333333333334 0.2 0.10416666666666667 0.20416666666666666 0.10833333333333334 0.2125 0.11458333333333333 0.22916666666666666 0.11666666666666667 0.24583333333333332 0.11666666666666667 0.25416666666666665 0.1125 0.2604166666666667 0.10625 0.26666666666666666 0.09791666666666667 0.2708333333333333 0.09166666666666666 0.27291666666666664 0.07916666666666666 0.27291666666666664 0.06666666666666667 0.26458333333333334 0.05625 0.25625 0.04791666666666667 0.24791666666666667 0.04583333333333333 0.23541666666666666 0.04375
0 0.56875 0.9729166666666667 0.5625 0.9770833333333333 0.5583333333333333 0.9770833333333333 0.5541666666666667 0.9791666666666666 0.54375 0.9875 0.5333333333333333 0.9979166666666667 0.6125 0.9979166666666667 0.6041666666666666 0.9895833333333334 0.59375 0.98125 0.5875 0.9770833333333333 0.5833333333333334 0.975 0.575 0.9729166666666667
0 0.6791666666666667 0.525 0.6666666666666666 0.53125 0.6625 0.5354166666666667 0.65625 0.54375 0.65 0.5520833333333334 0.6479166666666667 0.55625 0.6458333333333334 0.5645833333333333 0.6458333333333334 0.5729166666666666 0.6479166666666667 0.5770833333333333 0.6708333333333333 0.6 0.675 0.6020833333333333 0.6791666666666667 0.6020833333333333 0.6895833333333333 0.6 0.6958333333333333 0.5979166666666667 0.7208333333333333 0.5729166666666666 0.7208333333333333 0.5479166666666667 0.7166666666666667 0.5395833333333333 0.7125 0.5354166666666667 0.70625 0.53125 0.7 0.5270833333333333 0.6958333333333333 0.525
0 0.9270833333333334 0.6979166666666666 0.91875 0.7020833333333333 0.9145833333333333 0.70625 0.9083333333333333 0.7145833333333333 0.9041666666666667 0.7208333333333333 0.9020833333333333 0.725 0.9 0.7333333333333333 0.9 0.74375 0.9020833333333333 0.75 0.9041666666666667 0.75625 0.90625 0.7625 0.9083333333333333 0.7666666666666667 0.9125 0.7708333333333334 0.91875 0.775 0.925 0.7770833333333333 0.9354166666666667 0.7791666666666667 0.9458333333333333 0.7791666666666667 0.9604166666666667 0.7770833333333333 0.96875 0.775 0.9729166666666667 0.7708333333333334 0.9833333333333333 0.7583333333333333 0.9875 0.7520833333333333 0.9875 0.73125 0.9833333333333333 0.7229166666666667 0.9791666666666666 0.71875 0.9729166666666667 0.7145833333333333 0.9645833333333333 0.7083333333333334 0.9583333333333334 0.7041666666666667 0.9520833333333333 0.7 0.9479166666666666 0.6979166666666666