0 0.1 0.71875 0.0875 0.725 0.08541666666666667 0.73125 0.09375 0.7375 0.1 0.75 0.09791666666666667 0.7583333333333333 0.10208333333333333 0.7583333333333333 0.1125 0.75625 0.125625 0.7558333333333334 0.12916666666666668 0.74375 0.12916666666666668 0.7395833333333334 0.12708333333333333 0.7354166666666667 0.11875 0.7270833333333333 0.11041666666666666 0.7208333333333333 0.10416666666666667 0.71875
0 0.393125 0.7204166666666667 0.38208333333333333 0.73625 0.3770833333333333 0.7541666666666667 0.37916666666666665 0.7604166666666666 0.38125 0.7666666666666667 0.3854166666666667 0.7729166666666667 0.3854166666666667 0.7770833333333333 0.3875 0.78125 0.40208333333333335 0.7958333333333333 0.40625 0.7979166666666667 0.4125 0.8 0.42083333333333334 0.8 0.4270833333333333 0.7979166666666667 0.4354166666666667 0.79375 0.4395833333333333 0.7895833333333333 0.44583333333333336 0.7875 0.45 0.7833333333333333 0.4583333333333333 0.7645833333333333 0.4583333333333333 0.7583333333333333 0.4583333333333333 0.7541666666666667 0.45416666666666666 0.7479166666666667 0.45416666666666666 0.74375 0.45208333333333334 0.7375 0.44583333333333336 0.73125 0.44166666666666665 0.7270833333333333 0.43333333333333335 0.7208333333333333 0.4270833333333333 0.7166666666666667 0.40979166666666667 0.713125
0 0.5056458333333333 0.6017291666666666 0.5135 0.5962916666666668 0.5225625 0.593875 0.531625 0.5944791666666667 0.5358541666666666 0.6029375 0.53525 0.612 0.5310208333333333 0.6204583333333333 0.5231666666666667 0.6259166666666667 0.5141041666666667 0.6247083333333333 0.50375 0.6141666666666666
0 0.035416666666666666 0.71875 0.020833333333333332 0.7291666666666666 0.016666666666666666 0.7333333333333333 0.014583333333333334 0.7395833333333334 0.010416666666666666 0.74375 0.00625 0.75 0.00625 0.76875 0.014583333333333334 0.7854166666666667 0.01875 0.7895833333333333 0.022916666666666665 0.8 0.06666666666666667 0.8020833333333334 0.07291666666666667 0.7979166666666667 0.08541666666666667 0.7875 0.08958333333333333 0.7833333333333333 0.09166666666666666 0.7791666666666667 0.09375 0.7708333333333334 0.09583333333333334 0.7625 0.09791666666666667 0.7541666666666667 0.09791666666666667 0.75 0.09166666666666666 0.7375 0.0875 0.7333333333333333 0.058333333333333334 0.71875
0 0.4791666666666667 0.4875 0.46458333333333335 0.4895833333333333 0.45625 0.4979166666666667 0.4479166666666667 0.5083333333333333 0.4479166666666667 0.5208333333333334 0.45 0.5354166666666667 0.46458333333333335 0.55 0.47291666666666665 0.5520833333333334 0.4875 0.5541666666666667 0.49583333333333335 0.5520833333333334 0.5 0.5458333333333333 0.50625 0.5375 0.5104166666666666 0.53125 0.5125 0.5270833333333333 0.5125 0.50625 0.5020833333333333 0.49583333333333335 0.49166666666666664 0.4875
0 0.12083333333333333 0.8916666666666667 0.10208333333333333 0.9104166666666667 0.10208333333333333 0.925 0.10416666666666667 0.9416666666666667 0.1125 0.9520833333333333 0.12291666666666666 0.9625 0.1375 0.9645833333333333 0.15 0.9645833333333333 0.16875 0.9458333333333333 0.16875 0.9145833333333333 0.14583333333333334 0.8916666666666667
0 0.14791666666666667 0.13541666666666666 0.14375 0.1375 0.13541666666666666 0.14375 0.12916666666666668 0.14791666666666667 0.125 0.15208333333333332 0.12291666666666666 0.15625 0.12291666666666666 0.1875 0.12708333333333333 0.19583333333333333 0.13333333333333333 0.20208333333333334 0.14166666666666666 0.20833333333333334 0.15416666666666667 0.21041666666666667 0.16458333333333333 0.21041666666666667 0.19166666666666668 0.18958333333333333 0.19375 0.18333333333333332 0.19375 0.1625 0.19166666666666668 0.15833333333333333 0.1875 0.15416666666666667 0.18541666666666667 0.14791666666666667 0.18125 0.14166666666666666 0.17083333333333334 0.1375 0.15416666666666667 0.13541666666666666
0 0.17291666666666666 0.49583333333333335 0.15 0.5145833333333333 0.15 0.51875 0.14583333333333334 0.525 0.14583333333333334 0.54375 0.14791666666666667 0.55 0.15 0.5541666666666667 0.16041666666666668 0.5645833333333333 0.16458333333333333 0.5666666666666667 0.17291666666666666 0.56875 0.18125 0.5708333333333333 0.18541666666666667 0.5708333333333333 0.19166666666666668 0.56875 0.19583333333333333 0.5666666666666667 0.20833333333333334 0.5541666666666667 0.21041666666666667 0.5479166666666667 0.2125 0.5354166666666667 0.2125 0.53125 0.20833333333333334 0.5229166666666667 0.20416666666666666 0.51875 0.2 0.5125 0.19791666666666666 0.50625 0.19375 0.5 0.18125 0.49583333333333335
0 0.22708333333333333 0.6583333333333333 0.21666666666666667 0.66875 0.21666666666666667 0.6854166666666667 0.225 0.69375 0.23958333333333334 0.69375 0.24583333333333332 0.6875 0.2520833333333333 0.6791666666666667 0.2520833333333333 0.675 0.25 0.66875 0.23958333333333334 0.6583333333333333
0 0.625 0.29583333333333334 0.61875 0.29791666666666666 0.6145833333333334 0.3 0.6020833333333333 0.3125 0.6 0.32708333333333334 0.6 0.3416666666666667 0.6041666666666666 0.35 0.6083333333333333 0.3541666666666667 0.6145833333333334 0.35833333333333334 0.6270833333333333 0.36041666666666666 0.6354166666666666 0.36041666666666666 0.64375 0.3541666666666667 0.6520833333333333 0.3458333333333333 0.6541666666666667 0.33958333333333335 0.65625 0.33125 0.6583333333333333 0.32083333333333336 0.6583333333333333 0.31666666666666665 0.65625 0.3125 0.6520833333333333 0.30833333333333335 0.6458333333333334 0.3020833333333333 0.6416666666666667 0.3020833333333333 0.6354166666666666 0.29791666666666666 0.6291666666666667 0.29583333333333334
0 0.4125 0.35208333333333336 0.40625 0.35833333333333334 0.40208333333333335 0.3645833333333333 0.40208333333333335 0.38333333333333336 0.4041666666666667 0.3875 0.41041666666666665 0.3958333333333333 0.42916666666666664 0.39791666666666664 0.44375 0.38333333333333336 0.44375 0.3645833333333333 0.4395833333333333 0.36041666666666666 0.43125 0.3541666666666667 0.4270833333333333 0.35208333333333336
0 0.425 0.275 0.41875 0.2791666666666667 0.41041666666666665 0.28541666666666665 0.40625 0.28958333333333336 0.40625 0.32083333333333336 0.41458333333333336 0.33125 0.42291666666666666 0.33958333333333335 0.4354166666666667 0.3416666666666667 0.44583333333333336 0.3416666666666667 0.45625 0.3333333333333333 0.46458333333333335 0.325 0.4666666666666667 0.31875 0.46875 0.30625 0.46875 0.3 0.4666666666666667 0.29375 0.46458333333333335 0.28958333333333336 0.45625 0.28125 0.4479166666666667 0.275
0 0.4041666666666667 0.5208333333333334 0.4 0.5229166666666667 0.39166666666666666 0.5291666666666667 0.38333333333333336 0.5354166666666667 0.37916666666666665 0.5458333333333333 0.3770833333333333 0.5625 0.3770833333333333 0.56875 0.3854166666666667 0.5791666666666667 0.39375 0.5875 0.40625 0.59375 0.425 0.59375 0.43333333333333335 0.5895833333333333 0.4375 0.5854166666666667 0.44375 0.5833333333333334 0.4479166666666667 0.575 0.45 0.5645833333333333 0.45208333333333334 0.5541666666666667 0.45208333333333334 0.55 0.4479166666666667 0.5416666666666666 0.44375 0.5375 0.4395833333333333 0.5270833333333333 0.42916666666666664 0.5229166666666667 0.4125 0.5208333333333334