0 0.18125 0 0.18125 0.00625 0.17916666666666667 0.016666666666666666 0.18125 0.022916666666666665 0.1875 0.027083333333333334 0.19375 0.03125 0.2 0.03333333333333333 0.20833333333333334 0.035416666666666666 0.22083333333333333 0.035416666666666666 0.22916666666666666 0.03125 0.23958333333333334 0.020833333333333332 0.24375 0.0125 0.24375 0
0 0 0.71875 0 0.7729166666666667 0.010416666666666666 0.7625 0.016666666666666666 0.75 0.016666666666666666 0.7395833333333334 0.014583333333333334 0.7291666666666666 0.0125 0.7229166666666667 0.010416666666666666 0.71875 0.00625 0.7166666666666667
0 0.16041666666666668 0.025 0.15416666666666667 0.027083333333333334 0.14791666666666667 0.03125 0.14375 0.03125 0.1375 0.03333333333333333 0.13333333333333333 0.035416666666666666 0.12916666666666668 0.03958333333333333 0.125 0.04791666666666667 0.125 0.075 0.12708333333333333 0.08125 0.12916666666666668 0.08541666666666667 0.13541666666666666 0.09166666666666666 0.13958333333333334 0.09583333333333334 0.14375 0.1 0.14791666666666667 0.10208333333333333 0.15416666666666667 0.10416666666666667 0.17083333333333334 0.10416666666666667 0.18125 0.10208333333333333 0.18958333333333333 0.1 0.19375 0.09791666666666667 0.2 0.09375 0.21041666666666667 0.08333333333333333 0.2125 0.07708333333333334 0.21458333333333332 0.06875 0.2125 0.0625 0.21666666666666667 0.05 0.21666666666666667 0.04375 0.21458333333333332 0.03958333333333333 0.20625 0.035416666666666666 0.2 0.035416666666666666 0.19375 0.03333333333333333 0.18958333333333333 0.029166666666666667 0.18333333333333332 0.025
0 0.11458333333333333 0.09166666666666666 0.10833333333333334 0.09583333333333334 0.1 0.10208333333333333 0.09166666666666666 0.10833333333333334 0.08541666666666667 0.11458333333333333 0.07708333333333334 0.13125 0.075 0.15208333333333332 0.07708333333333334 0.16041666666666668 0.08125 0.16875 0.08958333333333333 0.17708333333333334 0.09791666666666667 0.18333333333333332 0.10416666666666667 0.1875 0.10833333333333334 0.1875 0.11458333333333333 0.1875 0.11666666666666667 0.18125 0.12083333333333333 0.17708333333333334 0.1375 0.1625 0.14166666666666666 0.1625 0.15 0.16041666666666668 0.15416666666666667 0.15833333333333333 0.15416666666666667 0.14791666666666667 0.15 0.14375 0.15 0.13125 0.15625 0.12083333333333333 0.15625 0.1125 0.14583333333333334 0.10208333333333333 0.13958333333333334 0.09791666666666667 0.12708333333333333 0.09166666666666666
0 0.06875 0.08541666666666667 0.052083333333333336 0.0875 0.027083333333333334 0.1 0.020833333333333332 0.10625 0.016666666666666666 0.1125 0.014583333333333334 0.11666666666666667 0.014583333333333334 0.12291666666666666 0.01875 0.13125 0.025 0.13541666666666666 0.03125 0.1375 0.0375 0.14166666666666666 0.04791666666666667 0.15208333333333332 0.05416666666666667 0.15416666666666667 0.0625 0.15416666666666667 0.075 0.15 0.075 0.13125 0.08333333333333333 0.11458333333333333 0.0875 0.11041666666666666 0.09166666666666666 0.10416666666666667 0.09166666666666666 0.1 0.0875 0.09166666666666666 0.075 0.08541666666666667
0 0 0 0 0.025 0.004166666666666667 0.029166666666666667 0.010416666666666666 0.03125 0.03958333333333333 0.03125 0.05 0.029166666666666667 0.0625 0.022916666666666665 0.0625 0
0 0.09791666666666667 0.9145833333333333 0.09166666666666666 0.91875 0.08333333333333333 0.925 0.08333333333333333 0.93125 0.08333333333333333 0.9354166666666667 0.0875 0.9416666666666667 0.0875 0.9458333333333333 0.08958333333333333 0.95 0.09375 0.9520833333333333 0.09791666666666667 0.9520833333333333 0.10416666666666667 0.9520833333333333 0.11041666666666666 0.95 0.11458333333333333 0.9458333333333333 0.12083333333333333 0.94375 0.125 0.9333333333333333 0.125 0.9270833333333334 0.12291666666666666 0.9229166666666667 0.11875 0.9166666666666666
0 0.11041666666666666 0.8645833333333334 0.09375 0.86875 0.08958333333333333 0.875 0.08958333333333333 0.8833333333333333 0.08958333333333333 0.8875 0.09375 0.8958333333333334 0.1 0.9020833333333333 0.11041666666666666 0.9020833333333333 0.12291666666666666 0.9 0.12708333333333333 0.8958333333333334 0.13125 0.8895833333333333 0.13125 0.8854166666666666 0.12916666666666668 0.875 0.12708333333333333 0.86875 0.12291666666666666 0.8645833333333334
0 0.0875 0.7416666666666667 0.07916666666666666 0.7479166666666667 0.075 0.7520833333333333 0.07291666666666667 0.7645833333333333 0.07291666666666667 0.7770833333333333 0.07708333333333334 0.7833333333333333 0.08333333333333333 0.7895833333333333 0.09791666666666667 0.7895833333333333 0.10833333333333334 0.78125 0.11666666666666667 0.7729166666666667 0.11875 0.7625 0.11875 0.7520833333333333 0.11458333333333333 0.7479166666666667 0.11041666666666666 0.7458333333333333 0.10416666666666667 0.74375 0.09166666666666666 0.7416666666666667
0 0.11458333333333333 0.6916666666666667 0.10625 0.69375 0.10208333333333333 0.6958333333333333 0.09583333333333334 0.7 0.09583333333333334 0.7291666666666666 0.10625 0.7333333333333333 0.11041666666666666 0.7375 0.11875 0.7416666666666667 0.13125 0.7416666666666667 0.14375 0.7395833333333334 0.15625 0.7270833333333333 0.15625 0.7229166666666667 0.15416666666666667 0.7145833333333333 0.15 0.70625 0.12083333333333333 0.6916666666666667
0 0.16458333333333333 0.7791666666666667 0.15833333333333333 0.7833333333333333 0.15 0.7895833333333333 0.14166666666666666 0.7958333333333333 0.1375 0.8 0.13125 0.8125 0.13125 0.8291666666666667 0.13333333333333333 0.8333333333333334 0.1375 0.8395833333333333 0.14166666666666666 0.8458333333333333 0.14583333333333334 0.8520833333333333 0.15 0.85625 0.16458333333333333 0.8666666666666667 0.18958333333333333 0.8666666666666667 0.19375 0.8645833333333334 0.20208333333333334 0.8583333333333333 0.21041666666666667 0.8520833333333333 0.21458333333333332 0.8479166666666667 0.21666666666666667 0.84375 0.21875 0.8375 0.22083333333333333 0.8291666666666667 0.22083333333333333 0.81875 0.21875 0.8083333333333333 0.21666666666666667 0.8041666666666667 0.21041666666666667 0.7958333333333333 0.20416666666666666 0.7875 0.19791666666666666 0.78125 0.19375 0.7791666666666667
0 0.19583333333333333 0.6229166666666667 0.19166666666666668 0.625 0.18541666666666667 0.6291666666666667 0.17916666666666667 0.6333333333333333 0.17291666666666666 0.6375 0.16875 0.6416666666666667 0.15833333333333333 0.65625 0.15833333333333333 0.68125 0.16041666666666668 0.6875 0.16458333333333333 0.6958333333333333 0.17708333333333334 0.7083333333333334 0.19375 0.7166666666666667 0.2125 0.7166666666666667 0.21875 0.7125 0.22708333333333333 0.70625 0.2375 0.6979166666666666 0.24166666666666667 0.69375 0.24166666666666667 0.6895833333333333 0.24375 0.68125 0.24583333333333332 0.6729166666666667 0.24791666666666667 0.6708333333333333 0.25 0.6625 0.25 0.6583333333333333 0.24791666666666667 0.6541666666666667 0.24166666666666667 0.6479166666666667 0.2375 0.6416666666666667 0.2375 0.6395833333333333 0.23125 0.63125 0.22708333333333333 0.6270833333333333 0.21875 0.6229166666666667
0 0.020833333333333332 0.5791666666666667 0.0125 0.5833333333333334 0.008333333333333333 0.5875 0.0020833333333333333 0.5895833333333333 0 0.65625 0.004166666666666667 0.6583333333333333 0.010416666666666666 0.6583333333333333 0.016666666666666666 0.6604166666666667 0.022916666666666665 0.6625 0.025 0.6645833333333333 0.03333333333333333 0.6666666666666666 0.0375 0.6666666666666666 0.05 0.6604166666666667 0.058333333333333334 0.6520833333333333 0.0625 0.6458333333333334 0.06458333333333334 0.6416666666666667 0.06666666666666667 0.6354166666666666 0.06875 0.6270833333333333 0.07083333333333333 0.6208333333333333 0.07083333333333333 0.6166666666666667 0.06875 0.6104166666666667 0.06666666666666667 0.60625 0.06041666666666667 0.5979166666666667 0.05 0.5875 0.03333333333333333 0.5791666666666667
0 0.14583333333333334 0.1625 0.12083333333333333 0.18125 0.11666666666666667 0.18541666666666667 0.1125 0.19375 0.1125 0.19791666666666666 0.11458333333333333 0.20833333333333334 0.11666666666666667 0.21666666666666667 0.11875 0.22708333333333333 0.12291666666666666 0.23541666666666666 0.13125 0.24166666666666667 0.13958333333333334 0.24791666666666667 0.14791666666666667 0.25416666666666665 0.15208333333333332 0.25625 0.16666666666666666 0.25833333333333336 0.17916666666666667 0.25833333333333336 0.18541666666666667 0.25625 0.19166666666666668 0.25416666666666665 0.19791666666666666 0.24791666666666667 0.20208333333333334 0.24375 0.20625 0.2375 0.20833333333333334 0.23333333333333334 0.20833333333333334 0.19375 0.19375 0.17916666666666667 0.16458333333333333 0.16458333333333333 0.15625 0.1625
0 0.22708333333333333 0.10625 0.20833333333333334 0.10833333333333334 0.19583333333333333 0.12083333333333333 0.18333333333333332 0.13541666666666666 0.18125 0.14375 0.18125 0.15208333333333332 0.18333333333333332 0.15833333333333333 0.18541666666666667 0.16458333333333333 0.19166666666666668 0.17083333333333334 0.19791666666666666 0.17708333333333334 0.20625 0.18333333333333332 0.2125 0.1875 0.22916666666666666 0.1875 0.2375 0.18333333333333332 0.24166666666666667 0.17916666666666667 0.24791666666666667 0.17708333333333334 0.2520833333333333 0.17291666666666666 0.2625 0.15208333333333332 0.2625 0.12916666666666668 0.2520833333333333 0.11666666666666667 0.24166666666666667 0.10625
0 0.13333333333333333 0.30833333333333335 0.1125 0.3104166666666667 0.1 0.31666666666666665 0.09166666666666666 0.3229166666666667 0.0875 0.32708333333333334 0.08333333333333333 0.33541666666666664 0.08125 0.3416666666666667 0.08125 0.36875 0.08333333333333333 0.375 0.08541666666666667 0.38125 0.0875 0.3875 0.08958333333333333 0.39375 0.09166666666666666 0.4 0.125 0.42083333333333334 0.13125 0.42083333333333334 0.14375 0.41875 0.15 0.4166666666666667 0.15833333333333333 0.4125 0.16458333333333333 0.4083333333333333 0.18333333333333332 0.38958333333333334 0.18541666666666667 0.3854166666666667 0.18541666666666667 0.38125 0.18958333333333333 0.375 0.19166666666666668 0.36875 0.19166666666666668 0.3625 0.18958333333333333 0.35 0.1875 0.3375 0.18541666666666667 0.33125 0.17708333333333334 0.3229166666666667 0.16875 0.31666666666666665 0.16041666666666668 0.3125 0.15625 0.3125 0.15 0.30833333333333335
0 0.2520833333333333 0.17708333333333334 0.22291666666666668 0.19166666666666668 0.21875 0.19583333333333333 0.21458333333333332 0.20416666666666666 0.2125 0.21875 0.2125 0.23125 0.22083333333333333 0.24791666666666667 0.22916666666666666 0.2520833333333333 0.2375 0.25416666666666665 0.24791666666666667 0.25625 0.25625 0.25833333333333336 0.2604166666666667 0.25833333333333336 0.26875 0.25416666666666665 0.27291666666666664 0.25 0.2791666666666667 0.24791666666666667 0.2833333333333333 0.24375 0.28958333333333336 0.23125 0.2916666666666667 0.21666666666666667 0.2916666666666667 0.20416666666666666 0.28958333333333336 0.2 0.2833333333333333 0.19166666666666668 0.27708333333333335 0.18333333333333332 0.26875 0.17916666666666667 0.25625 0.17708333333333334
0 0.20625 0.25416666666666665 0.20208333333333334 0.25625 0.19791666666666666 0.2604166666666667 0.18541666666666667 0.27291666666666664 0.18333333333333332 0.2791666666666667 0.18333333333333332 0.2833333333333333 0.17916666666666667 0.28958333333333336 0.17916666666666667 0.29375 0.18958333333333333 0.3145833333333333 0.19791666666666666 0.31875 0.20625 0.32083333333333336 0.2125 0.32083333333333336 0.21875 0.32083333333333336 0.225 0.31875 0.23125 0.3145833333333333 0.23541666666666666 0.3104166666666667 0.24166666666666667 0.30833333333333335 0.24583333333333332 0.3 0.24791666666666667 0.2875 0.24791666666666667 0.2791666666666667 0.24583333333333332 0.27291666666666664 0.24375 0.26875 0.23333333333333334 0.25833333333333336 0.225 0.25625 0.2125 0.25416666666666665
0 0.23333333333333334 0.32083333333333336 0.22708333333333333 0.325 0.22291666666666668 0.3333333333333333 0.22291666666666668 0.3416666666666667 0.22708333333333333 0.35 0.23958333333333334 0.3541666666666667 0.24791666666666667 0.3541666666666667 0.2520833333333333 0.35208333333333336 0.25416666666666665 0.3416666666666667 0.25 0.3229166666666667 0.24583333333333332 0.32083333333333336 0.24166666666666667 0.32083333333333336
0 0.23958333333333334 0.4166666666666667 0.22916666666666666 0.41875 0.225 0.42083333333333334 0.22083333333333333 0.425 0.21458333333333332 0.4270833333333333 0.21041666666666667 0.43125 0.20625 0.44166666666666665 0.20208333333333334 0.44583333333333336 0.19583333333333333 0.4583333333333333 0.19583333333333333 0.46458333333333335 0.19791666666666666 0.47708333333333336 0.2 0.48333333333333334 0.20416666666666666 0.4895833333333333 0.20833333333333334 0.49375 0.225 0.5020833333333333 0.24791666666666667 0.5020833333333333 0.26458333333333334 0.49375 0.27291666666666664 0.48541666666666666 0.27708333333333335 0.4791666666666667 0.2791666666666667 0.4666666666666667 0.2791666666666667 0.45208333333333334 0.27708333333333335 0.44583333333333336 0.275 0.44166666666666665 0.2708333333333333 0.4354166666666667 0.2625 0.425 0.25833333333333336 0.42083333333333334 0.25 0.4166666666666667
0 0.3145833333333333 0.4 0.3145833333333333 0.4125 0.31666666666666665 0.4270833333333333 0.32083333333333336 0.43125 0.32916666666666666 0.4375 0.3541666666666667 0.4375 0.35833333333333334 0.43333333333333335 0.3625 0.4270833333333333 0.3645833333333333 0.41875 0.3645833333333333 0.41041666666666665 0.3625 0.40625 0.35833333333333334 0.40208333333333335 0.35625 0.3958333333333333 0.35208333333333336 0.39166666666666666 0.3416666666666667 0.38333333333333336 0.3375 0.38333333333333336
0 0.31875 0.4395833333333333 0.3020833333333333 0.4479166666666667 0.29583333333333334 0.45416666666666666 0.28541666666666665 0.4666666666666667 0.28125 0.47291666666666665 0.2791666666666667 0.48333333333333334 0.2791666666666667 0.49583333333333335 0.28125 0.5020833333333333 0.28541666666666665 0.5104166666666666 0.3 0.5270833333333333 0.3145833333333333 0.5416666666666666 0.32083333333333336 0.54375 0.32916666666666666 0.5458333333333333 0.3375 0.5458333333333333 0.35 0.54375 0.35833333333333334 0.5416666666666666 0.37083333333333335 0.5354166666666667 0.375 0.53125 0.38125 0.5229166666666667 0.3875 0.5145833333333333 0.38958333333333334 0.5104166666666666 0.39166666666666666 0.5020833333333333 0.39166666666666666 0.49166666666666664 0.3854166666666667 0.48125 0.3854166666666667 0.47708333333333336 0.38125 0.4708333333333333 0.38125 0.4666666666666667 0.3770833333333333 0.46041666666666664 0.375 0.45416666666666666 0.36875 0.45208333333333334 0.3458333333333333 0.4395833333333333
0 0.4375 0.39791666666666664 0.43125 0.4 0.42291666666666666 0.40208333333333335 0.4166666666666667 0.4041666666666667 0.4125 0.40625 0.40208333333333335 0.41458333333333336 0.39375 0.42291666666666666 0.3854166666666667 0.4395833333333333 0.3854166666666667 0.4666666666666667 0.3875 0.47291666666666665 0.39166666666666666 0.4791666666666667 0.39166666666666666 0.48333333333333334 0.39375 0.4875 0.39791666666666664 0.49375 0.4041666666666667 0.5 0.4125 0.5020833333333333 0.425 0.5041666666666667 0.42916666666666664 0.5041666666666667 0.44583333333333336 0.49583333333333335 0.45 0.49166666666666664 0.46041666666666664 0.4875 0.46458333333333335 0.48333333333333334 0.4708333333333333 0.46875 0.475 0.46458333333333335 0.4791666666666667 0.45416666666666666 0.48333333333333334 0.45 0.49166666666666664 0.43333333333333335 0.49166666666666664 0.42083333333333334 0.475 0.40208333333333335 0.4708333333333333 0.40208333333333335 0.46458333333333335 0.39791666666666664
0 0.5041666666666667 0.3375 0.49583333333333335 0.3416666666666667 0.49166666666666664 0.3458333333333333 0.48125 0.3541666666666667 0.4791666666666667 0.36041666666666666 0.47708333333333336 0.36666666666666664 0.47708333333333336 0.3729166666666667 0.4791666666666667 0.38125 0.48125 0.3875 0.4895833333333333 0.3958333333333333 0.5020833333333333 0.39791666666666664 0.5104166666666666 0.39791666666666664 0.53125 0.38333333333333336 0.53125 0.37916666666666665 0.5354166666666667 0.3729166666666667 0.5375 0.36666666666666664 0.5375 0.36041666666666666 0.5354166666666667 0.3541666666666667 0.5270833333333333 0.3458333333333333 0.51875 0.33958333333333335 0.5104166666666666 0.3375
0 0.63125 0.2375 0.625 0.24166666666666667 0.6125 0.2520833333333333 0.60625 0.25833333333333336 0.6020833333333333 0.26666666666666666 0.6020833333333333 0.275 0.6041666666666666 0.2875 0.60625 0.29375 0.6166666666666667 0.30416666666666664 0.625 0.30625 0.6375 0.30833333333333335 0.6416666666666667 0.30833333333333335 0.6625 0.2875 0.6645833333333333 0.2791666666666667 0.6666666666666666 0.2625 0.6666666666666666 0.25416666666666665 0.65 0.2375
0 0.6333333333333333 0.052083333333333336 0.625 0.05625 0.61875 0.058333333333333334 0.6166666666666667 0.0625 0.6145833333333334 0.07083333333333333 0.6145833333333334 0.075 0.61875 0.08333333333333333 0.6229166666666667 0.0875 0.625 0.09375 0.6395833333333333 0.09791666666666667 0.65 0.09791666666666667 0.65625 0.09375 0.6604166666666667 0.08958333333333333 0.6625 0.07916666666666666 0.6625 0.06875 0.6479166666666667 0.05416666666666667 0.64375 0.05416666666666667 0.6395833333333333 0.052083333333333336
0 0.6208333333333333 0 0.6208333333333333 0.020833333333333332 0.6333333333333333 0.0375 0.6416666666666667 0.03958333333333333 0.6479166666666667 0.041666666666666664 0.6520833333333333 0.041666666666666664 0.6583333333333333 0.03958333333333333 0.6625 0.0375 0.6708333333333333 0.03125 0.6791666666666667 0.022916666666666665 0.68125 0.01875 0.6833333333333333 0.010416666666666666 0.6854166666666667 0
0 0.475 0 0.475 0.025 0.48125 0.0375 0.49375 0.05 0.50625 0.05625 0.5354166666666667 0.05625 0.54375 0.052083333333333336 0.55 0.04791666666666667 0.5541666666666667 0.04375 0.5604166666666667 0.041666666666666664 0.5666666666666667 0.0375 0.5708333333333333 0.03333333333333333 0.575 0.027083333333333334 0.5791666666666667 0.01875 0.58125 0.008333333333333333 0.58125 0
0 0.04375 0.90625 0.0375 0.9104166666666667 0.025 0.9208333333333333 0.020833333333333332 0.925 0.01875 0.93125 0.016666666666666666 0.94375 0.016666666666666666 0.95 0.022916666666666665 0.9625 0.027083333333333334 0.9666666666666667 0.035416666666666666 0.9708333333333333 0.04583333333333333 0.9729166666666667 0.05625 0.9729166666666667 0.0625 0.9708333333333333 0.06666666666666667 0.96875 0.07708333333333334 0.9583333333333334 0.08125 0.95 0.08333333333333333 0.94375 0.08333333333333333 0.9395833333333333 0.07083333333333333 0.9145833333333333 0.06666666666666667 0.9104166666666667 0.058333333333333334 0.90625
0 0.26666666666666666 0.7875 0.25416666666666665 0.7895833333333333 0.225 0.81875 0.22291666666666668 0.8291666666666667 0.22291666666666668 0.8416666666666667 0.22708333333333333 0.85 0.23958333333333334 0.8625 0.25833333333333336 0.8729166666666667 0.26458333333333334 0.8729166666666667 0.2708333333333333 0.8708333333333333 0.27708333333333335 0.86875 0.28541666666666665 0.8666666666666667 0.2916666666666667 0.8604166666666667 0.29583333333333334 0.85625 0.3 0.85 0.3020833333333333 0.84375 0.30625 0.8395833333333333 0.30833333333333335 0.8354166666666667 0.30833333333333335 0.83125 0.30625 0.81875 0.30416666666666664 0.8104166666666667 0.29791666666666666 0.8041666666666667 0.28541666666666665 0.79375 0.27708333333333335 0.7875
0 0.4125 0.78125 0.4083333333333333 0.7833333333333333 0.40208333333333335 0.7895833333333333 0.3958333333333333 0.79375 0.38958333333333334 0.8 0.3875 0.80625 0.3854166666666667 0.8145833333333333 0.38333333333333336 0.8208333333333333 0.38333333333333336 0.825 0.38958333333333334 0.8354166666666667 0.38958333333333334 0.8395833333333333 0.4 0.8541666666666666 0.40625 0.8604166666666667 0.4125 0.8645833333333334 0.425 0.8645833333333334 0.4395833333333333 0.8520833333333333 0.45416666666666666 0.8375 0.45625 0.8333333333333334 0.4583333333333333 0.8270833333333333 0.46041666666666664 0.8208333333333333 0.46041666666666664 0.8166666666666667 0.4583333333333333 0.8104166666666667 0.45625 0.8041666666666667 0.45416666666666666 0.8 0.4479166666666667 0.7916666666666666 0.44166666666666665 0.7854166666666667 0.43333333333333335 0.78125
0 0.35625 0.8458333333333333 0.35 0.85 0.3458333333333333 0.85 0.3333333333333333 0.8666666666666667 0.3333333333333333 0.8729166666666667 0.33541666666666664 0.88125 0.3375 0.8854166666666666 0.34375 0.8875 0.35 0.8916666666666667 0.35625 0.8916666666666667 0.36666666666666664 0.8895833333333333 0.375 0.8875 0.38125 0.8854166666666666 0.3854166666666667 0.8833333333333333 0.38958333333333334 0.8791666666666667 0.3958333333333333 0.8729166666666667 0.3958333333333333 0.86875 0.39791666666666664 0.8645833333333334 0.39375 0.8604166666666667 0.38125 0.85 0.375 0.8458333333333333
0 0.48333333333333334 0.89375 0.4708333333333333 0.9 0.4625 0.90625 0.45416666666666666 0.9145833333333333 0.45 0.9229166666666667 0.45 0.9354166666666667 0.45208333333333334 0.9458333333333333 0.45416666666666666 0.95 0.46041666666666664 0.9583333333333334 0.4666666666666667 0.9666666666666667 0.4708333333333333 0.9708333333333333 0.475 0.9708333333333333 0.48333333333333334 0.9729166666666667 0.48541666666666666 0.975 0.49166666666666664 0.975 0.4979166666666667 0.9729166666666667 0.5041666666666667 0.96875 0.5083333333333333 0.96875 0.5145833333333333 0.9666666666666667 0.525 0.9583333333333334 0.5291666666666667 0.9541666666666667 0.5333333333333333 0.9458333333333333 0.5333333333333333 0.9395833333333333 0.53125 0.9208333333333333 0.5270833333333333 0.9083333333333333 0.5208333333333334 0.90625 0.5166666666666667 0.9020833333333333 0.5104166666666666 0.8979166666666667 0.5020833333333333 0.89375
0 0.55625 0.8958333333333334 0.5520833333333334 0.8979166666666667 0.54375 0.9041666666666667 0.5354166666666667 0.9104166666666667 0.5333333333333333 0.9375 0.55 0.95 0.5708333333333333 0.95 0.575 0.9479166666666666 0.5833333333333334 0.9416666666666667 0.5875 0.9375 0.5875 0.9333333333333333 0.5895833333333333 0.925 0.5916666666666667 0.9229166666666667 0.59375 0.9145833333333333 0.59375 0.9104166666666667 0.5854166666666667 0.9020833333333333 0.5770833333333333 0.8958333333333334
0 0.5708333333333333 0.9520833333333333 0.5645833333333333 0.9541666666666667 0.5583333333333333 0.9604166666666667 0.5520833333333334 0.96875 0.5520833333333334 0.9895833333333334 0.5541666666666667 0.99375 0.5583333333333333 0.9979166666666667 0.6041666666666666 0.9979166666666667 0.6041666666666666 0.99375 0.60625 0.9833333333333333 0.6083333333333333 0.98125 0.6083333333333333 0.9770833333333333 0.60625 0.9729166666666667 0.6 0.9666666666666667 0.5770833333333333 0.9520833333333333
0 0.14583333333333334 0.8979166666666667 0.13125 0.91875 0.14166666666666666 0.9291666666666667 0.14583333333333334 0.9333333333333333 0.15 0.9354166666666667 0.15416666666666667 0.9333333333333333 0.15833333333333333 0.93125 0.1625 0.9270833333333334 0.16666666666666666 0.9208333333333333 0.17083333333333334 0.9145833333333333 0.17291666666666666 0.9104166666666667 0.16875 0.9083333333333333 0.1625 0.9020833333333333 0.15833333333333333 0.9 0.15208333333333332 0.8979166666666667
0 0.225 0.9645833333333333 0.21666666666666667 0.96875 0.21041666666666667 0.9729166666666667 0.20625 0.9770833333333333 0.2 0.9791666666666666 0.19583333333333333 0.9979166666666667 0.25416666666666665 0.9979166666666667 0.25625 0.9895833333333334 0.25416666666666665 0.98125 0.2520833333333333 0.9729166666666667 0.25 0.96875 0.24583333333333332 0.96875 0.23333333333333334 0.9666666666666667 0.23125 0.9645833333333333
0 0.01875 0.76875 0.010416666666666666 0.7729166666666667 0.0020833333333333333 0.7791666666666667 0.0020833333333333333 0.8125 0.010416666666666666 0.8166666666666667 0.029166666666666667 0.8166666666666667 0.041666666666666664 0.8041666666666667 0.04375 0.8 0.04583333333333333 0.79375 0.04583333333333333 0.7895833333333333 0.04375 0.7833333333333333 0.03958333333333333 0.7791666666666667 0.03125 0.7729166666666667 0.027083333333333334 0.76875
0 0.12708333333333333 0.9541666666666667 0.12083333333333333 0.9583333333333334 0.1125 0.9645833333333333 0.10833333333333334 0.96875 0.09791666666666667 0.9895833333333334 0.1 0.9979166666666667 0.17291666666666666 0.9979166666666667 0.17291666666666666 0.9770833333333333 0.1625 0.9645833333333333 0.15416666666666667 0.95625 0.13958333333333334 0.9541666666666667
0 0 0.5 0 0.5479166666666667 0.004166666666666667 0.5458333333333333 0.010416666666666666 0.54375 0.014583333333333334 0.5395833333333333 0.014583333333333334 0.5354166666666667 0.01875 0.5291666666666667 0.01875 0.525 0.01875 0.51875 0.01875 0.5125 0.0125 0.50625 0.004166666666666667 0.5020833333333333
0 0.00625 0.8354166666666667 0 0.8375 0 0.9458333333333333 0.0125 0.9458333333333333 0.016666666666666666 0.9416666666666667 0.016666666666666666 0.93125 0.01875 0.925 0.025 0.91875 0.03958333333333333 0.9083333333333333 0.04375 0.9041666666666667 0.04791666666666667 0.9 0.05 0.8958333333333334 0.052083333333333336 0.8895833333333333 0.052083333333333336 0.8770833333333333 0.05 0.8645833333333334 0.04791666666666667 0.85625 0.041666666666666664 0.85 0.03333333333333333 0.8416666666666667 0.027083333333333334 0.8375 0.022916666666666665 0.8354166666666667
0 0.9895833333333334 0.8916666666666667 0.9770833333333333 0.9041666666666667 0.9666666666666667 0.9166666666666666 0.96875 0.9479166666666666 0.975 0.95 0.9791666666666666 0.9541666666666667 0.9854166666666667 0.95625 0.9895833333333334 0.9604166666666667 0.99375 0.9625 0.9979166666666667 0.9645833333333333 0.9979166666666667 0.8916666666666667
0 0.9583333333333334 0.9541666666666667 0.9541666666666667 0.95625 0.9458333333333333 0.9625 0.9375 0.96875 0.9354166666666667 0.9895833333333334 0.9395833333333333 0.9958333333333333 0.9979166666666667 0.9979166666666667 0.9958333333333333 0.9645833333333333 0.9791666666666666 0.95625 0.9666666666666667 0.9541666666666667
0 0.014583333333333334 0.03333333333333333 0.0020833333333333333 0.03958333333333333 0 0.09375 0.004166666666666667 0.09583333333333334 0.008333333333333333 0.09791666666666667 0.014583333333333334 0.1 0.025 0.1 0.029166666666666667 0.09791666666666667 0.03333333333333333 0.09583333333333334 0.035416666666666666 0.09166666666666666 0.03958333333333333 0.08958333333333333 0.04583333333333333 0.08958333333333333 0.052083333333333336 0.08541666666666667 0.06666666666666667 0.08541666666666667 0.07083333333333333 0.08125 0.07291666666666667 0.07291666666666667 0.07291666666666667 0.06458333333333334 0.07083333333333333 0.05416666666666667 0.06666666666666667 0.04583333333333333 0.058333333333333334 0.0375 0.05416666666666667 0.035416666666666666 0.04791666666666667 0.03333333333333333
0 0.18541666666666667 0.10208333333333333 0.175 0.10416666666666667 0.16875 0.10625 0.16458333333333333 0.11041666666666666 0.15833333333333333 0.11875 0.15208333333333332 0.13125 0.15208333333333332 0.14375 0.15625 0.14791666666666667 0.16041666666666668 0.15208333333333332 0.16458333333333333 0.15625 0.17083333333333334 0.15833333333333333 0.175 0.15833333333333333 0.18125 0.15416666666666667 0.17916666666666667 0.13541666666666666 0.19166666666666668 0.12291666666666666 0.2 0.10625 0.2 0.10416666666666667
0 0.16875 0.2875 0.16458333333333333 0.28958333333333336 0.15416666666666667 0.3 0.15416666666666667 0.30625 0.15833333333333333 0.3104166666666667 0.16875 0.3145833333333333 0.17291666666666666 0.31875 0.18125 0.31875 0.1875 0.31666666666666665 0.1875 0.3125 0.17708333333333334 0.29375 0.175 0.2875
0 0.008333333333333333 0.5458333333333333 0.004166666666666667 0.5479166666666667 0 0.55 0 0.5875 0.004166666666666667 0.5875 0.008333333333333333 0.5854166666666667 0.01875 0.575 0.022916666666666665 0.5666666666666667 0.022916666666666665 0.5625 0.01875 0.55625 0.01875 0.55 0.014583333333333334 0.5458333333333333
0 0.5666666666666667 0.38958333333333334 0.5625 0.39166666666666666 0.5541666666666667 0.39791666666666664 0.5479166666666667 0.4041666666666667 0.5395833333333333 0.41458333333333336 0.5395833333333333 0.42291666666666666 0.5416666666666666 0.43125 0.5458333333333333 0.4375 0.5541666666666667 0.4479166666666667 0.5583333333333333 0.45208333333333334 0.5645833333333333 0.45416666666666666 0.5770833333333333 0.45625 0.5833333333333334 0.45625 0.5916666666666667 0.45208333333333334 0.6 0.44375 0.6041666666666666 0.4375 0.60625 0.425 0.60625 0.41458333333333336 0.6020833333333333 0.4083333333333333 0.59375 0.39791666666666664 0.5895833333333333 0.39375 0.5833333333333334 0.39166666666666666 0.5708333333333333 0.38958333333333334
0 0.6729166666666667 0.37083333333333335 0.66875 0.37083333333333335 0.6604166666666667 0.3729166666666667 0.6541666666666667 0.375 0.6479166666666667 0.38125 0.64375 0.3854166666666667 0.6395833333333333 0.39166666666666666 0.6375 0.3958333333333333 0.6375 0.4041666666666667 0.6395833333333333 0.41458333333333336 0.6458333333333334 0.42083333333333334 0.6541666666666667 0.4270833333333333 0.68125 0.4270833333333333 0.6979166666666666 0.41041666666666665 0.6979166666666666 0.4 0.6958333333333333 0.3875 0.6770833333333334 0.36875
0 0.81875 0.15625 0.8020833333333334 0.16041666666666668 0.7958333333333333 0.16875 0.79375 0.17291666666666666 0.79375 0.18333333333333332 0.7979166666666667 0.19583333333333333 0.8041666666666667 0.2 0.8125 0.20625 0.8166666666666667 0.20833333333333334 0.8208333333333333 0.20833333333333334 0.83125 0.20625 0.8395833333333333 0.20208333333333334 0.8479166666666667 0.18541666666666667 0.8479166666666667 0.18125 0.8458333333333333 0.17291666666666666 0.84375 0.16875 0.8375 0.1625 0.8291666666666667 0.15625
0 0.8 0 0.7979166666666667 0.004166666666666667 0.7916666666666666 0.016666666666666666 0.7916666666666666 0.020833333333333332 0.7854166666666667 0.03125 0.7854166666666667 0.052083333333333336 0.79375 0.06875 0.8 0.075 0.8104166666666667 0.08333333333333333 0.8166666666666667 0.0875 0.8208333333333333 0.08541666666666667 0.8354166666666667 0.07708333333333334 0.8416666666666667 0.075 0.85 0.075 0.8583333333333333 0.07291666666666667 0.8625 0.07083333333333333 0.86875 0.06458333333333334 0.875 0.05625 0.8770833333333333 0.052083333333333336 0.8770833333333333 0.027083333333333334 0.8708333333333333 0.016666666666666666 0.8708333333333333 0.0125 0.8666666666666667 0.004166666666666667 0.8645833333333334 0
0 0.7625 0.3541666666666667 0.75625 0.35625 0.7520833333333333 0.35833333333333334 0.7395833333333334 0.37083333333333335 0.7375 0.3770833333333333 0.7354166666666667 0.38958333333333334 0.7354166666666667 0.3958333333333333 0.7375 0.4 0.74375 0.4083333333333333 0.7479166666666667 0.4125 0.75625 0.41458333333333336 0.76875 0.4166666666666667 0.775 0.4166666666666667 0.78125 0.4125 0.7895833333333333 0.40625 0.79375 0.40208333333333335 0.7958333333333333 0.39375 0.7979166666666667 0.38125 0.7979166666666667 0.375 0.7958333333333333 0.37083333333333335 0.7895833333333333 0.3625 0.7854166666666667 0.35833333333333334 0.7791666666666667 0.35625 0.76875 0.3541666666666667
0 0.8604166666666667 0.07291666666666667 0.8520833333333333 0.075 0.8416666666666667 0.07708333333333334 0.8354166666666667 0.07916666666666666 0.8125 0.09791666666666667 0.8125 0.10416666666666667 0.8145833333333333 0.11666666666666667 0.8166666666666667 0.125 0.8229166666666666 0.13333333333333333 0.83125 0.14166666666666666 0.84375 0.14791666666666667 0.8479166666666667 0.14791666666666667 0.85625 0.14583333333333334 0.8645833333333334 0.14375 0.86875 0.14166666666666666 0.8729166666666667 0.1375 0.8791666666666667 0.12916666666666668 0.8854166666666666 0.12083333333333333 0.8875 0.11666666666666667 0.8875 0.10833333333333334 0.8854166666666666 0.09583333333333334 0.875 0.08333333333333333 0.8645833333333334 0.07291666666666667
0 0.5020833333333333 0.6375 0.49583333333333335 0.6416666666666667 0.4895833333333333 0.64375 0.48333333333333334 0.64375 0.475 0.6458333333333334 0.4666666666666667 0.6479166666666667 0.45208333333333334 0.6625 0.45208333333333334 0.6770833333333334 0.4666666666666667 0.7 0.47291666666666665 0.70625 0.48125 0.7125 0.48541666666666666 0.7145833333333333 0.5020833333333333 0.7145833333333333 0.5104166666666666 0.7104166666666667 0.525 0.6958333333333333 0.53125 0.6833333333333333 0.53125 0.6708333333333333 0.5291666666666667 0.65625 0.525 0.6520833333333333 0.5125 0.6416666666666667 0.50625 0.6375
0 0.5979166666666667 0.6 0.5895833333333333 0.6041666666666666 0.5854166666666667 0.6083333333333333 0.5708333333333333 0.61875 0.56875 0.625 0.5666666666666667 0.63125 0.5645833333333333 0.6375 0.5625 0.64375 0.5625 0.6479166666666667 0.5645833333333333 0.6541666666666667 0.56875 0.6625 0.5729166666666666 0.6666666666666666 0.58125 0.6729166666666667 0.5875 0.6770833333333334 0.6104166666666667 0.6770833333333334 0.6166666666666667 0.6729166666666667 0.625 0.6666666666666666 0.6333333333333333 0.6604166666666667 0.6375 0.65625 0.6395833333333333 0.6520833333333333 0.6416666666666667 0.64375 0.6416666666666667 0.6375 0.6395833333333333 0.63125 0.6375 0.6229166666666667 0.6354166666666666 0.61875 0.61875 0.6020833333333333 0.6083333333333333 0.6
0 0.7208333333333333 0.4583333333333333 0.7104166666666667 0.46041666666666664 0.7020833333333333 0.4666666666666667 0.6895833333333333 0.47708333333333336 0.6854166666666667 0.48125 0.6833333333333333 0.4875 0.68125 0.4979166666666667 0.68125 0.5145833333333333 0.6833333333333333 0.5270833333333333 0.6854166666666667 0.53125 0.6895833333333333 0.5375 0.69375 0.54375 0.6979166666666666 0.5479166666666667 0.7041666666666667 0.5520833333333334 0.7083333333333334 0.5541666666666667 0.7270833333333333 0.55625 0.74375 0.55625 0.7604166666666666 0.5395833333333333 0.7625 0.5354166666666667 0.7645833333333333 0.5270833333333333 0.7666666666666667 0.5208333333333334 0.76875 0.5145833333333333 0.76875 0.5083333333333333 0.76875 0.5020833333333333 0.7666666666666667 0.49583333333333335 0.7625 0.49166666666666664 0.7604166666666666 0.48541666666666666 0.75625 0.48125 0.7541666666666667 0.475 0.75 0.4708333333333333 0.74375 0.46875 0.7395833333333334 0.46458333333333335 0.7270833333333333 0.4583333333333333
0 0.8145833333333333 0.4125 0.8083333333333333 0.4166666666666667 0.7979166666666667 0.425 0.7895833333333333 0.43125 0.7854166666666667 0.4354166666666667 0.7854166666666667 0.4395833333333333 0.7833333333333333 0.4479166666666667 0.78125 0.45 0.7791666666666667 0.4583333333333333 0.7791666666666667 0.46458333333333335 0.7833333333333333 0.4708333333333333 0.7833333333333333 0.475 0.7875 0.48333333333333334 0.7895833333333333 0.4875 0.7958333333333333 0.4875 0.8104166666666667 0.4895833333333333 0.8125 0.49166666666666664 0.8270833333333333 0.49375 0.8333333333333334 0.49375 0.8395833333333333 0.4895833333333333 0.8479166666666667 0.48333333333333334 0.8520833333333333 0.4791666666666667 0.8583333333333333 0.4666666666666667 0.8583333333333333 0.44375 0.85625 0.4395833333333333 0.8520833333333333 0.4354166666666667 0.85 0.42916666666666664 0.8458333333333333 0.42291666666666666 0.8416666666666667 0.41875 0.8291666666666667 0.4125
0 0.7895833333333333 0.49583333333333335 0.76875 0.5229166666666667 0.7666666666666667 0.5375 0.7666666666666667 0.55 0.7770833333333333 0.5625 0.7875 0.5729166666666666 0.7958333333333333 0.575 0.8125 0.5770833333333333 0.8208333333333333 0.5770833333333333 0.8270833333333333 0.575 0.8333333333333334 0.5729166666666666 0.8375 0.5708333333333333 0.84375 0.5666666666666667 0.85 0.5604166666666667 0.8520833333333333 0.55625 0.8541666666666666 0.5479166666666667 0.85625 0.5395833333333333 0.85625 0.5333333333333333 0.85625 0.5270833333333333 0.8520833333333333 0.5166666666666667 0.8479166666666667 0.5125 0.84375 0.5020833333333333 0.8395833333333333 0.4979166666666667 0.8354166666666667 0.49583333333333335
0 0.775 0.6 0.7583333333333333 0.6145833333333334 0.7458333333333333 0.6270833333333333 0.7458333333333333 0.6645833333333333 0.75 0.6729166666666667 0.7541666666666667 0.6770833333333334 0.7666666666666667 0.6833333333333333 0.7854166666666667 0.6833333333333333 0.8041666666666667 0.68125 0.8125 0.6729166666666667 0.8229166666666666 0.6604166666666667 0.8291666666666667 0.6479166666666667 0.8291666666666667 0.6270833333333333 0.825 0.61875 0.8208333333333333 0.6145833333333334 0.8145833333333333 0.6104166666666667 0.8083333333333333 0.60625 0.8041666666666667 0.6041666666666666 0.7958333333333333 0.6020833333333333 0.78125 0.6
0 0.7875 0.6833333333333333 0.7666666666666667 0.6854166666666667 0.7583333333333333 0.6916666666666667 0.7520833333333333 0.6979166666666666 0.75 0.70625 0.7479166666666667 0.7208333333333333 0.7479166666666667 0.7270833333333333 0.7583333333333333 0.7395833333333334 0.76875 0.75 0.775 0.7520833333333333 0.7833333333333333 0.7541666666666667 0.7895833333333333 0.7541666666666667 0.8020833333333334 0.7520833333333333 0.8104166666666667 0.75 0.81875 0.7458333333333333 0.8229166666666666 0.7416666666666667 0.8291666666666667 0.7333333333333333 0.83125 0.7291666666666666 0.83125 0.71875 0.8291666666666667 0.7041666666666667 0.8229166666666666 0.6979166666666666 0.8104166666666667 0.6875 0.8041666666666667 0.6833333333333333
0 0.7041666666666667 0.625 0.6979166666666666 0.6270833333333333 0.6916666666666667 0.6291666666666667 0.6854166666666667 0.63125 0.68125 0.6333333333333333 0.6666666666666666 0.6479166666666667 0.6645833333333333 0.6541666666666667 0.6625 0.6625 0.6604166666666667 0.6708333333333333 0.6604166666666667 0.6770833333333334 0.675 0.70625 0.6791666666666667 0.7104166666666667 0.6916666666666667 0.7166666666666667 0.7041666666666667 0.71875 0.7166666666666667 0.71875 0.7291666666666666 0.7125 0.7375 0.7041666666666667 0.74375 0.6958333333333333 0.7458333333333333 0.6895833333333333 0.7479166666666667 0.6770833333333334 0.7479166666666667 0.6708333333333333 0.7416666666666667 0.6604166666666667 0.7416666666666667 0.65625 0.7333333333333333 0.6395833333333333 0.7270833333333333 0.6333333333333333 0.7208333333333333 0.6291666666666667 0.7166666666666667 0.6270833333333333 0.7083333333333334 0.625
0 0.93125 0.47291666666666665 0.9104166666666667 0.48333333333333334 0.8979166666666667 0.49375 0.8875 0.5041666666666667 0.88125 0.5125 0.8770833333333333 0.51875 0.875 0.5229166666666667 0.875 0.53125 0.8770833333333333 0.5395833333333333 0.88125 0.54375 0.8895833333333333 0.55 0.9 0.5583333333333333 0.90625 0.5625 0.9125 0.5645833333333333 0.9208333333333333 0.5666666666666667 0.9291666666666667 0.5666666666666667 0.9375 0.5645833333333333 0.94375 0.5625 0.9625 0.54375 0.96875 0.5354166666666667 0.96875 0.5 0.9416666666666667 0.47291666666666665
0 0.9708333333333333 0.21666666666666667 0.9645833333333333 0.22083333333333333 0.95625 0.22708333333333333 0.9520833333333333 0.23125 0.95 0.23958333333333334 0.9479166666666666 0.2520833333333333 0.9479166666666666 0.25833333333333336 0.95 0.2625 0.9541666666666667 0.26875 0.9604166666666667 0.27708333333333335 0.96875 0.28125 0.9791666666666666 0.2833333333333333 0.9895833333333334 0.28541666666666665 0.99375 0.28541666666666665 0.9979166666666667 0.2833333333333333 0.9958333333333333 0.21875 0.9833333333333333 0.21666666666666667
0 0.9583333333333334 0.3104166666666667 0.9520833333333333 0.31666666666666665 0.9416666666666667 0.32916666666666666 0.9375 0.33541666666666664 0.9375 0.36666666666666664 0.9458333333333333 0.3770833333333333 0.9541666666666667 0.3854166666666667 0.9625 0.3875 0.975 0.38958333333333334 0.98125 0.38958333333333334 0.9854166666666667 0.3875 0.9916666666666667 0.38333333333333336 0.9979166666666667 0.37916666666666665 0.9979166666666667 0.32916666666666666 0.9833333333333333 0.3145833333333333 0.9770833333333333 0.3125 0.9645833333333333 0.3104166666666667
0 0.9625 0.4041666666666667 0.9479166666666666 0.40625 0.9395833333333333 0.41041666666666665 0.9354166666666667 0.41458333333333336 0.9291666666666667 0.4270833333333333 0.9291666666666667 0.4375 0.93125 0.45416666666666666 0.9354166666666667 0.46458333333333335 0.9416666666666667 0.46875 0.9479166666666666 0.47291666666666665 0.9541666666666667 0.47708333333333336 0.9604166666666667 0.48125 0.9645833333333333 0.48333333333333334 0.9833333333333333 0.48333333333333334 0.9916666666666667 0.4791666666666667 0.9958333333333333 0.475 0.9979166666666667 0.4708333333333333 0.9958333333333333 0.41458333333333336 0.975 0.4041666666666667
0 0.28375 0.250625 0.27166666666666667 0.26104166666666667 0.26666666666666666 0.2708333333333333 0.2625 0.2791666666666667 0.2604166666666667 0.2875 0.25833333333333336 0.29583333333333334 0.25625 0.30416666666666664 0.25416666666666665 0.3125 0.25416666666666665 0.33958333333333335 0.2604166666666667 0.35 0.2604166666666667 0.3541666666666667 0.26458333333333334 0.36041666666666666 0.26458333333333334 0.3645833333333333 0.275 0.37916666666666665 0.28125 0.3854166666666667 0.28541666666666665 0.3875 0.29791666666666666 0.38958333333333334 0.30833333333333335 0.38958333333333334 0.32083333333333336 0.38333333333333336 0.325 0.37916666666666665 0.3416666666666667 0.3645833333333333 0.34375 0.35833333333333334 0.34375 0.3541666666666667 0.34791666666666665 0.34791666666666665 0.35 0.3416666666666667 0.35 0.3375 0.3541666666666667 0.33125 0.3541666666666667 0.29791666666666666 0.3458333333333333 0.28125 0.33958333333333335 0.275 0.33125 0.26875 0.31875 0.2625 0.3145833333333333 0.2625 0.30833333333333335 0.25833333333333336
0 0.35833333333333334 0.0125 0.3458333333333333 0.025 0.3416666666666667 0.029166666666666667 0.3375 0.03958333333333333 0.3333333333333333 0.04375 0.33125 0.04791666666666667 0.32916666666666666 0.052083333333333336 0.3333333333333333 0.058333333333333334 0.3333333333333333 0.06645833333333333 0.3375 0.07312500000000001 0.3454166666666667 0.08520833333333333 0.3579166666666667 0.09000000000000001 0.36895833333333333 0.09041666666666666 0.3802083333333333 0.08875000000000001 0.39166666666666666 0.08333333333333333 0.39729166666666665 0.0775 0.40208333333333335 0.06895833333333333 0.40729166666666666 0.058333333333333334 0.4060416666666667 0.036458333333333336 0.39958333333333335 0.021249999999999998 0.38999999999999996 0.011875 0.380625 0.008333333333333333 0.3729166666666667 0.01 0.3645833333333333 0.0125
0 0.4354166666666667 0.6020833333333333 0.43125 0.6041666666666666 0.4270833333333333 0.6083333333333333 0.42083333333333334 0.6104166666666667 0.41458333333333336 0.6145833333333334 0.41041666666666665 0.6229166666666667 0.4083333333333333 0.6354166666666666 0.4083333333333333 0.6395833333333333 0.41041666666666665 0.64375 0.41458333333333336 0.65 0.41875 0.65625 0.42916666666666664 0.6604166666666667 0.44166666666666665 0.6625 0.45041666666666663 0.6610416666666666 0.45416666666666666 0.6541666666666667 0.4583333333333333 0.6479166666666667 0.46041666666666664 0.6229166666666667 0.46041666666666664 0.6104166666666667 0.45625 0.6041666666666666
0 0.875 0.8979166666666667 0.8645833333333334 0.9041666666666667 0.8604166666666667 0.9041666666666667 0.85 0.9125 0.8458333333333333 0.9166666666666666 0.8416666666666667 0.9229166666666667 0.8416666666666667 0.93125 0.8458333333333333 0.9416666666666667 0.85 0.9458333333333333 0.85625 0.9479166666666666 0.8604166666666667 0.9520833333333333 0.8666666666666667 0.9541666666666667 0.8708333333333333 0.9583333333333334 0.8791666666666667 0.9625 0.9 0.9625 0.9041666666666667 0.9604166666666667 0.9104166666666667 0.9541666666666667 0.9145833333333333 0.9458333333333333 0.9145833333333333 0.925 0.9125 0.9208333333333333 0.9083333333333333 0.9166666666666666 0.90625 0.9104166666666667 0.9020833333333333 0.9041666666666667 0.89375 0.9 0.88125 0.8979166666666667
0 0.06875 0.0020833333333333333 0.06479166666666666 0.007083333333333333 0.06416666666666666 0.01625 0.06041666666666667 0.025 0.06041666666666667 0.03125 0.06041666666666667 0.035416666666666666 0.07291666666666667 0.04583333333333333 0.07916666666666666 0.04583333333333333 0.0875 0.04375 0.09375 0.041666666666666664 0.09791666666666667 0.0375 0.10208333333333333 0.03125 0.10416666666666667 0.027083333333333334 0.10416666666666667 0.022916666666666665 0.10166666666666666 0.014375 0.09375 0.008333333333333333 0.08958333333333333 0
0 0.09166666666666666 0 0.09166666666666666 0.004166666666666667 0.09791666666666667 0.009583333333333333 0.10416666666666667 0.015416666666666667 0.106875 0.021041666666666667 0.11729166666666666 0.023125 0.125 0.022916666666666665 0.12916666666666668 0.020833333333333332 0.13791666666666666 0.018541666666666668 0.14479166666666668 0.01375 0.15041666666666667 0.008958333333333334 0.15208333333333332 0
0 0.06458333333333334 0.2791666666666667 0.05229166666666667 0.278125 0.04583333333333333 0.2833333333333333 0.05 0.2916666666666667 0.05 0.29583333333333334 0.058333333333333334 0.3104166666666667 0.058333333333333334 0.3145833333333333 0.05416666666666667 0.32083333333333336 0.05625 0.32708333333333334 0.06041666666666667 0.32916666666666666 0.07083333333333333 0.33125 0.07916666666666666 0.33125 0.08541666666666667 0.325 0.0875 0.31875 0.0875 0.3125 0.08125 0.30625 0.07291666666666667 0.28958333333333336 0.07291666666666667 0.2833333333333333 0.07083333333333333 0.2791666666666667
0 0.47291666666666665 0.5958333333333333 0.46458333333333335 0.6 0.46041666666666664 0.625 0.46145833333333336 0.6375 0.46604166666666663 0.6439583333333334 0.47291666666666665 0.6458333333333334 0.48125 0.64375 0.4895833333333333 0.6416666666666667 0.49583333333333335 0.6395833333333333 0.5083333333333333 0.6333333333333333 0.5104166666666666 0.6125 0.50625 0.6041666666666666 0.5020833333333333 0.6 0.49375 0.5958333333333333
0 0.6645833333333333 0.5208333333333334 0.6520833333333333 0.5229166666666667 0.6458333333333334 0.525 0.6416666666666667 0.5270833333333333 0.6375 0.53125 0.63125 0.5333333333333333 0.625 0.5395833333333333 0.61875 0.5479166666666667 0.6145833333333334 0.5541666666666667 0.6125 0.5583333333333333 0.6104166666666667 0.5645833333333333 0.6104166666666667 0.575 0.6125 0.5854166666666667 0.6229166666666667 0.5979166666666667 0.6333333333333333 0.6083333333333333 0.6520833333333333 0.6104166666666667 0.66875 0.6104166666666667 0.6854166666666667 0.6020833333333333 0.6916666666666667 0.5958333333333333 0.6958333333333333 0.5895833333333333 0.7022916666666668 0.5708333333333333 0.7022916666666668 0.5549999999999999 0.6916666666666667 0.5416666666666666 0.6875 0.5354166666666667 0.6833333333333333 0.5291666666666667 0.6791666666666667 0.525 0.6708333333333333 0.5208333333333334
0 0.050625 0.669375 0.04520833333333333 0.6664583333333333 0.035 0.6695833333333333 0.025208333333333333 0.6702083333333333 0.0175 0.6722916666666666 0.0022916666666666667 0.6966666666666667 0.0025 0.7102083333333333 0.013125 0.7174999999999999 0.016666666666666666 0.73125 0.01875 0.7416666666666667 0.020833333333333332 0.7458333333333333 0.025 0.75 0.0375 0.75625 0.05416666666666667 0.75625 0.075 0.7458333333333333 0.07916666666666666 0.7416666666666667 0.08958333333333333 0.7208333333333333 0.08958333333333333 0.7041666666666667 0.08541666666666667 0.6979166666666666 0.07708333333333334 0.6875 0.07291666666666667 0.6833333333333333 0.05625 0.675
0 0.05625 0.5083333333333333 0.04791666666666667 0.5104166666666666 0.03958333333333333 0.5125 0.03125 0.5145833333333333 0.025 0.5166666666666667 0.022916666666666665 0.5208333333333334 0.020833333333333332 0.525 0.020833333333333332 0.5291666666666667 0.016666666666666666 0.5354166666666667 0.016666666666666666 0.5395833333333333 0.01875 0.5479166666666667 0.020833333333333332 0.55625 0.022916666666666665 0.5604166666666667 0.027708333333333335 0.5722916666666666 0.035416666666666666 0.5768749999999999 0.046875 0.580625 0.06020833333333333 0.5795833333333333 0.07166666666666667 0.5754166666666667 0.075 0.56875 0.08312499999999999 0.5629166666666666 0.08583333333333334 0.5558333333333334 0.0875 0.5458333333333333 0.0875 0.5333333333333333 0.08541666666666667 0.5291666666666667 0.08125 0.5229166666666667 0.07708333333333334 0.51875 0.07083333333333333 0.5145833333333333 0.06458333333333334 0.5104166666666666 0.06041666666666667 0.5083333333333333
0 0.01875 0.44166666666666665 0.0125 0.44583333333333336 0.008333333333333333 0.44583333333333336 0.004166666666666667 0.4479166666666667 0 0.45 0.0020833333333333333 0.5 0.0125 0.5041666666666667 0.016666666666666666 0.5083333333333333 0.020833333333333332 0.5104166666666666 0.025 0.5125 0.036458333333333336 0.5097916666666666 0.04583333333333333 0.50625 0.05625 0.5041666666666667 0.06041666666666667 0.5020833333333333 0.06458333333333334 0.4979166666666667 0.06458333333333334 0.48333333333333334 0.0625 0.47708333333333336 0.06041666666666667 0.4708333333333333 0.05625 0.46458333333333335 0.05625 0.4583333333333333 0.052083333333333336 0.45 0.05 0.44583333333333336 0.04375 0.44583333333333336 0.029166666666666667 0.44375 0.027083333333333334 0.44166666666666665
0 0.08333333333333333 0.42916666666666664 0.07708333333333334 0.43125 0.06875 0.43333333333333335 0.06458333333333334 0.4354166666666667 0.06458333333333334 0.4395833333333333 0.059375 0.44645833333333335 0.056875 0.4502083333333333 0.058333333333333334 0.4583333333333333 0.058333333333333334 0.46458333333333335 0.0625 0.4708333333333333 0.0625 0.475 0.06458333333333334 0.48125 0.06875 0.4895833333333333 0.07708333333333334 0.4979166666666667 0.0875 0.5 0.09791666666666667 0.5 0.10208333333333333 0.4979166666666667 0.11875 0.48125 0.12083333333333333 0.47708333333333336 0.12291666666666666 0.46875 0.125 0.46041666666666664 0.125 0.45625 0.11666666666666667 0.44166666666666665 0.11458333333333333 0.4354166666666667 0.10833333333333334 0.43333333333333335 0.10208333333333333 0.42916666666666664
0 0.15625 0.4583333333333333 0.13125 0.4875 0.13125 0.49375 0.13333333333333333 0.5 0.1375 0.5083333333333333 0.14166666666666666 0.5145833333333333 0.14583333333333334 0.51875 0.16666666666666666 0.5291666666666667 0.17916666666666667 0.5291666666666667 0.19375 0.525 0.19791666666666666 0.51875 0.20208333333333334 0.5125 0.20416666666666666 0.5083333333333333 0.20416666666666666 0.4979166666666667 0.20041666666666666 0.49125 0.19729166666666667 0.4858333333333333 0.19479166666666667 0.48020833333333335 0.19166666666666668 0.47291666666666665 0.17083333333333334 0.4583333333333333
0 0.625 0.8125 0.6166666666666667 0.8145833333333333 0.6104166666666667 0.8166666666666667 0.6041666666666666 0.8208333333333333 0.5958333333333333 0.8270833333333333 0.5895833333333333 0.8333333333333334 0.5833333333333334 0.8458333333333333 0.5833333333333334 0.875 0.5875 0.88125 0.5875 0.8854166666666666 0.5916666666666667 0.89375 0.6020833333333333 0.9041666666666667 0.60625 0.90625 0.6125 0.9083333333333333 0.61875 0.9104166666666667 0.6229166666666667 0.9154166666666667 0.6277083333333333 0.9185416666666666 0.6354166666666666 0.9145833333333333 0.6583333333333333 0.9020833333333333 0.6625 0.9020833333333333 0.675 0.8854166666666666 0.6770833333333334 0.8729166666666667 0.6770833333333334 0.8604166666666667 0.675 0.8541666666666666 0.6708333333333333 0.8479166666666667 0.6708333333333333 0.84375 0.66875 0.8375 0.6666666666666666 0.8333333333333334 0.6583333333333333 0.825 0.6479166666666667 0.8166666666666667 0.6416666666666667 0.8145833333333333 0.6333333333333333 0.8125
0 0.6583333333333333 0.9041666666666667 0.6295833333333333 0.9195833333333333 0.6229166666666667 0.9333333333333333 0.6208333333333333 0.9416666666666667 0.6208333333333333 0.9458333333333333 0.636875 0.9716666666666666 0.651875 0.9777083333333334 0.6731250000000001 0.9760416666666667 0.6875 0.9645833333333333 0.6916666666666667 0.9541666666666667 0.69375 0.9416666666666667 0.69375 0.9354166666666667 0.6895833333333333 0.9270833333333334 0.6854166666666667 0.9208333333333333 0.68125 0.9166666666666666 0.6791666666666667 0.9104166666666667 0.6708333333333333 0.90625 0.6625 0.9041666666666667
0 0.6491666666666667 0.97875 0.6425 0.981875 0.636875 0.9847916666666666 0.6333333333333333 0.9895833333333334 0.6270833333333333 0.9979166666666667 0.69375 0.9979166666666667 0.6895833333333333 0.99375 0.6799999999999999 0.9827083333333333 0.6716666666666666 0.9777083333333334 0.6602083333333333 0.9772916666666667
0 0.3958333333333333 0.9416666666666667 0.39166666666666666 0.94375 0.38333333333333336 0.95 0.3770833333333333 0.9541666666666667 0.3720833333333333 0.966875 0.37 0.9774999999999999 0.37083333333333335 0.9875 0.37083333333333335 0.9916666666666667 0.3754166666666666 0.9972916666666667 0.42291666666666666 0.9979166666666667 0.425 0.99375 0.425 0.9875 0.4270833333333333 0.9791666666666666 0.42916666666666664 0.9770833333333333 0.42916666666666664 0.9708333333333333 0.4270833333333333 0.9645833333333333 0.425 0.9604166666666667 0.41875 0.9520833333333333 0.4125 0.9458333333333333 0.4083333333333333 0.94375 0.4 0.9416666666666667
0 0.3333333333333333 0.9291666666666667 0.325 0.9375 0.31875 0.9458333333333333 0.31666666666666665 0.9520833333333333 0.3145833333333333 0.9604166666666667 0.3125 0.96875 0.3125 0.975 0.31666666666666665 0.9833333333333333 0.32083333333333336 0.9895833333333334 0.325 0.99375 0.3333333333333333 0.9979166666666667 0.34375 0.9979166666666667 0.35 0.9958333333333333 0.36041666666666666 0.9895833333333334 0.3645833333333333 0.9895833333333334 0.36916666666666664 0.9870833333333333 0.366875 0.9804166666666667 0.37041666666666667 0.9672916666666667 0.375 0.9520833333333333 0.35833333333333334 0.9354166666666667 0.3541666666666667 0.9333333333333333 0.3458333333333333 0.93125 0.3375 0.9291666666666667
0 0.275 0.8708333333333333 0.2625 0.8770833333333333 0.25416666666666665 0.8854166666666666 0.24791666666666667 0.89375 0.24583333333333332 0.9 0.24375 0.9104166666666667 0.24166666666666667 0.91875 0.23604166666666665 0.9239583333333333 0.235 0.9339583333333333 0.23770833333333333 0.94 0.24375 0.9458333333333333 0.24791666666666667 0.9520833333333333 0.24791666666666667 0.95625 0.25 0.9604166666666667 0.2520833333333333 0.9645833333333333 0.25833333333333336 0.9666666666666667 0.27291666666666664 0.975 0.29583333333333334 0.975 0.3020833333333333 0.9729166666666667 0.30625 0.9708333333333333 0.3104166666666667 0.9666666666666667 0.3145833333333333 0.9583333333333334 0.31666666666666665 0.95 0.31875 0.9416666666666667 0.3252083333333333 0.9329166666666667 0.3229166666666667 0.925 0.3229166666666667 0.89375 0.32083333333333336 0.8895833333333333 0.3145833333333333 0.88125 0.3104166666666667 0.8770833333333333 0.29020833333333335 0.8677083333333333
0 0.18958333333333333 0.9041666666666667 0.18541666666666667 0.90625 0.17916666666666667 0.9104166666666667 0.17291666666666666 0.9145833333333333 0.16875 0.91875 0.16458333333333333 0.925 0.16041666666666668 0.93125 0.16041666666666668 0.9375 0.1625 0.9458333333333333 0.16875 0.9583333333333334 0.17291666666666666 0.9625 0.17916666666666667 0.9645833333333333 0.18333333333333332 0.96875 0.19166666666666668 0.9729166666666667 0.20833333333333334 0.9729166666666667 0.225 0.9600000000000001 0.23125 0.9410416666666667 0.23125 0.9195833333333333 0.221875 0.9114583333333334 0.206875 0.9027083333333333
0 0.28833333333333333 0.9768749999999999 0.271875 0.9825 0.26125000000000004 0.99 0.25625 0.9979166666666667 0.325 0.9979166666666667 0.31666666666666665 0.9875 0.3070833333333333 0.98
0 0.725 0.5583333333333333 0.7125 0.5645833333333333 0.7083333333333334 0.56875 0.7020833333333333 0.58125 0.7020833333333333 0.5958333333333333 0.7041666666666667 0.6020833333333333 0.70625 0.6083333333333333 0.7083333333333334 0.6145833333333334 0.7104166666666667 0.61875 0.7145833333333333 0.6229166666666667 0.7229166666666667 0.6291666666666667 0.7345833333333334 0.6320833333333333 0.7416666666666667 0.6270833333333333 0.75 0.6208333333333333 0.7583333333333333 0.6125 0.7645833333333333 0.6041666666666666 0.7666666666666667 0.6 0.76875 0.59375 0.76875 0.5875 0.7625 0.5791666666666667 0.7520833333333333 0.5666666666666667 0.7458333333333333 0.5604166666666667 0.7354166666666667 0.5583333333333333
0 0.65625 0.7125 0.64375 0.7145833333333333 0.6395833333333333 0.7166666666666667 0.63125 0.7229166666666667 0.625 0.7270833333333333 0.6208333333333333 0.7354166666666667 0.61875 0.7479166666666667 0.61875 0.7520833333333333 0.6208333333333333 0.75625 0.625 0.7604166666666666 0.6270833333333333 0.7666666666666667 0.63125 0.7729166666666667 0.64375 0.7770833333333333 0.6604166666666667 0.7791666666666667 0.6666666666666666 0.7791666666666667 0.6708333333333333 0.775 0.6770833333333334 0.770625 0.6816666666666666 0.7635416666666667 0.68125 0.75625 0.6833333333333333 0.7458333333333333 0.6854166666666667 0.7375 0.6875 0.7270833333333333 0.6791666666666667 0.71875 0.6666666666666666 0.7125
0 0.7 0.7229166666666667 0.6916666666666667 0.7270833333333333 0.6879166666666666 0.73375 0.6839583333333333 0.75 0.685 0.7614583333333333 0.696875 0.7677083333333333 0.7083333333333334 0.7625 0.7145833333333333 0.7583333333333333 0.7208333333333333 0.7520833333333333 0.7229166666666667 0.74375 0.7229166666666667 0.7354166666666667 0.7208333333333333 0.73125 0.71875 0.7270833333333333 0.7145833333333333 0.725 0.70625 0.7229166666666667
0 0.975 0.5333333333333333 0.96875 0.5375 0.9645833333333333 0.5416666666666666 0.9645833333333333 0.5645833333333333 0.9729166666666667 0.5729166666666666 0.9854166666666667 0.575 0.9966666666666666 0.5708333333333333 0.9958333333333333 0.5354166666666667 0.9854166666666667 0.5333333333333333
0 0.06458333333333334 0.15416666666666667 0.052083333333333336 0.15833333333333333 0.052083333333333336 0.16458333333333333 0.05416666666666667 0.19375 0.06041666666666667 0.19791666666666666 0.06666666666666667 0.2 0.075 0.20208333333333334 0.08958333333333333 0.20604166666666668 0.09583333333333334 0.19791666666666666 0.09583333333333334 0.18333333333333332 0.08958333333333333 0.17916666666666667 0.0875 0.17916666666666667 0.08333333333333333 0.175 0.07916666666666666 0.16875 0.075 0.15833333333333333 0.07291666666666667 0.15416666666666667
0 0.04583333333333333 0.346875 0.035833333333333335 0.3489583333333333 0.022500000000000003 0.35520833333333335 0.0125 0.36354166666666665 0.0125 0.3770833333333333 0.010416666666666666 0.39375 0.010416666666666666 0.4041666666666667 0.03333333333333333 0.4354166666666667 0.058333333333333334 0.4354166666666667 0.0625 0.43333333333333335 0.07083333333333333 0.4270833333333333 0.07916666666666666 0.42083333333333334 0.08541666666666667 0.41458333333333336 0.08958333333333333 0.40625 0.08958333333333333 0.3958333333333333 0.0875 0.38958333333333334 0.08541666666666667 0.38333333333333336 0.08125 0.3770833333333333 0.07708333333333334 0.3729166666666667 0.075 0.36666666666666664 0.07083333333333333 0.36041666666666666 0.06666666666666667 0.35625 0.058333333333333334 0.35208333333333336
0 0 0.26666666666666666 0 0.35208333333333336 0.011041666666666667 0.35562499999999997 0.02020833333333333 0.353125 0.027083333333333334 0.3489583333333333 0.041041666666666664 0.3422916666666667 0.04375 0.3333333333333333 0.04791666666666667 0.32916666666666666 0.052083333333333336 0.3229166666666667 0.05416666666666667 0.31666666666666665 0.05416666666666667 0.3104166666666667 0.052083333333333336 0.30625 0.052083333333333336 0.3020833333333333 0.04583333333333333 0.2916666666666667 0.04583333333333333 0.2875 0.030208333333333334 0.27020833333333333 0.010416666666666666 0.26666666666666666
0 0 0.13708333333333333 0 0.20625 0.022500000000000003 0.20979166666666668 0.041666666666666664 0.20124999999999998 0.052083333333333336 0.19125 0.04833333333333333 0.15541666666666665 0.03958333333333333 0.14583333333333334 0.03333333333333333 0.14375 0.029166666666666667 0.13958333333333334 0.020833333333333332 0.13541666666666666 0.013958333333333333 0.13270833333333334 0.0037500000000000003 0.13479166666666667
0 0.05 0.2 0.04375 0.20416666666666666 0.03958333333333333 0.20416666666666666 0.035416666666666666 0.20625 0.025 0.21458333333333332 0.016666666666666666 0.22291666666666668 0.014583333333333334 0.23541666666666666 0.014583333333333334 0.24791666666666667 0.01875 0.25416666666666665 0.02375 0.265625 0.03333333333333333 0.2708333333333333 0.041666666666666664 0.275 0.05416666666666667 0.275 0.06937499999999999 0.275625 0.075 0.2604166666666667 0.08125 0.2520833333333333 0.08958333333333333 0.24583333333333332 0.09375 0.24166666666666667 0.09729166666666668 0.22979166666666667 0.09375 0.21125000000000002 0.07708333333333334 0.20416666666666666 0.07083333333333333 0.20208333333333334 0.058333333333333334 0.2
0 0.09791666666666667 0.24166666666666667 0.09375 0.24375 0.0875 0.24791666666666667 0.08333333333333333 0.2520833333333333 0.07291666666666667 0.27291666666666664 0.07291666666666667 0.28125 0.075 0.28958333333333336 0.08333333333333333 0.30625 0.09583333333333334 0.31375 0.12916666666666668 0.30625 0.139375 0.305 0.145625 0.30083333333333334 0.15145833333333333 0.2952083333333333 0.15208333333333332 0.2791666666666667 0.15208333333333332 0.26458333333333334 0.14583333333333334 0.25625 0.13958333333333334 0.25 0.13541666666666666 0.24791666666666667 0.13125 0.24791666666666667 0.125 0.24375 0.11875 0.24166666666666667
0 0.23541666666666666 0.035416666666666666 0.23125 0.0375 0.22708333333333333 0.041666666666666664 0.22083333333333333 0.04375 0.21666666666666667 0.052083333333333336 0.21458333333333332 0.0625 0.21458333333333332 0.06666666666666667 0.22083333333333333 0.07916666666666666 0.22916666666666666 0.08333333333333333 0.2375 0.08541666666666667 0.24166666666666667 0.08541666666666667 0.25416666666666665 0.07916666666666666 0.25833333333333336 0.075 0.2710416666666667 0.0725 0.27458333333333335 0.06458333333333334 0.26875 0.05625 0.2625 0.05 0.24791666666666667 0.0375 0.24166666666666667 0.035416666666666666
0 0.24791666666666667 0 0.24791666666666667 0.035416666666666666 0.2604166666666667 0.04791666666666667 0.275 0.06041666666666667 0.28125 0.06041666666666667 0.29583333333333334 0.058333333333333334 0.3104166666666667 0.05625 0.31875 0.05416666666666667 0.33541666666666664 0.03958333333333333 0.33958333333333335 0.03125 0.34375 0.025 0.3458333333333333 0.01875 0.3470833333333333 0.009583333333333333 0.34312499999999996 0.000625
0 0.26125000000000004 0.07604166666666666 0.2502083333333333 0.08291666666666667 0.24541666666666667 0.08604166666666666 0.24375 0.09166666666666666 0.24583333333333332 0.09583333333333334 0.24583333333333332 0.1 0.24791666666666667 0.10625 0.25 0.11041666666666666 0.25854166666666667 0.11895833333333333 0.2689583333333333 0.12854166666666667 0.28 0.129375 0.29416666666666663 0.12583333333333332 0.30124999999999996 0.11104166666666666 0.30083333333333334 0.10041666666666667 0.29791666666666666 0.09166666666666666 0.29375 0.08333333333333333 0.27416666666666667 0.07458333333333332
0 0.0015416666666666667 0.65925 0.009583333333333333 0.65925 0.015125 0.6647916666666667 0.015625 0.6723333333333333 0.011604166666666667 0.678875 0.008083333333333333 0.6859375 0.0025416666666666665 0.6914791666666668 0 0.6913125 0 0.6601666666666667
0 0.21979166666666666 0.9035 0.22364583333333332 0.8996666666666666 0.22747916666666665 0.8958125 0.23237500000000003 0.8937083333333333 0.237625 0.8923125 0.24252083333333332 0.8944166666666666 0.24497916666666666 0.8993125000000001 0.24497916666666666 0.9049166666666667 0.24497916666666666 0.9105000000000001 0.24322916666666666 0.91575 0.2404375 0.9202916666666667 0.2351875 0.9213541666666667 0.23029166666666667 0.9188958333333334 0.22575 0.9161041666666667 0.22225 0.9118958333333332
0 0.22889583333333335 0.9482708333333334 0.2316875 0.9437291666666667 0.2369375 0.9423333333333334 0.24183333333333332 0.9444374999999999 0.244625 0.9489791666666666 0.24602083333333333 0.9542291666666666 0.246375 0.9594583333333334 0.24354166666666668 0.96625 0.2341666666666667 0.9647916666666667 0.23064583333333333 0.9608541666666667 0.22922916666666668 0.955625
0 0.25458333333333333 0.9725 0.25708333333333333 0.9702083333333333 0.2602083333333333 0.9691666666666666 0.2635416666666667 0.9691666666666666 0.26666666666666666 0.9702083333333333 0.26979166666666665 0.9725 0.27125 0.9754166666666666 0.27166666666666667 0.9785416666666666 0.2704166666666667 0.9816666666666667 0.2685416666666667 0.984375 0.2658333333333333 0.9860416666666667 0.2629166666666667 0.9875 0.2597916666666667 0.9879166666666667 0.2575 0.9856250000000001 0.2554166666666667 0.9829166666666667 0.25437499999999996 0.9797916666666667
0 0 0.3615833333333333 0.0033541666666666668 0.36364583333333333 0.008020833333333333 0.370375 0.010604166666666666 0.3781666666666667 0.012166666666666666 0.3859375 0.012166666666666666 0.39422916666666663 0.011645833333333333 0.402 0.010104166666666666 0.40979166666666667 0.004916666666666666 0.41652083333333334 0 0.41862499999999997
0 0.0006875000000000001 0.21129166666666668 0.006083333333333333 0.2134375 0.010395833333333333 0.2170416666666667 0.013270833333333334 0.22172916666666667 0.014354166666666666 0.227125 0.014729166666666666 0.23252083333333334 0.014729166666666666 0.23827083333333335 0.014354166666666666 0.2436875 0.013270833333333334 0.24908333333333335 0.011125 0.2544791666666667 0.008604166666666666 0.2595208333333333 0.0032083333333333334 0.26239583333333333 0 0.264 0 0.21170833333333333
0 0.09752083333333333 0.20120833333333332 0.10077083333333332 0.19652083333333334 0.10652083333333334 0.19543750000000001 0.11191666666666666 0.19725 0.11479166666666667 0.20191666666666666 0.11695833333333333 0.20695833333333333 0.1176875 0.21235416666666668 0.1176875 0.218125 0.11804166666666666 0.223875 0.11695833333333333 0.22927083333333334 0.11227083333333333 0.23216666666666666 0.106875 0.23179166666666667 0.10220833333333333 0.22856249999999997 0.09860416666666666 0.223875 0.09752083333333333 0.21847916666666667 0.09716666666666667 0.21308333333333335
0 0 0.09358333333333334 0.005729166666666666 0.09572916666666667 0.010770833333333334 0.09787499999999999 0.015083333333333334 0.10183333333333335 0.016874999999999998 0.10725 0.017604166666666664 0.11264583333333333 0.017604166666666664 0.11839583333333333 0.016520833333333332 0.12379166666666667 0.013645833333333333 0.12847916666666667 0.008958333333333334 0.13172916666666665 0.0035625 0.13387500000000002 0 0.13458333333333333
0 0.08375 0.08666666666666667 0.09395833333333334 0.08604166666666666 0.09854166666666667 0.08375 0.10291666666666667 0.07979166666666666 0.10895833333333332 0.07729166666666668 0.11437499999999999 0.071875 0.11979166666666667 0.06625 0.12208333333333334 0.058958333333333335 0.12416666666666668 0.055 0.12200000000000001 0.04927083333333333 0.12452083333333334 0.04425 0.1266875 0.03883333333333334 0.12704166666666666 0.0334375 0.12416666666666668 0.028395833333333335 0.11947916666666666 0.025520833333333333 0.11408333333333333 0.024083333333333335 0.1086875 0.0244375 0.10472916666666668 0.028395833333333335 0.10183333333333335 0.03308333333333333 0.09860416666666666 0.03777083333333333 0.09427083333333333 0.042083333333333334 0.08960416666666667 0.04495833333333333 0.08420833333333334 0.04677083333333333 0.07916666666666666 0.04927083333333333 0.0755625 0.0543125 0.07520833333333334 0.060083333333333336 0.07447916666666667 0.06547916666666667 0.07520833333333334 0.07087500000000001 0.07591666666666666 0.07664583333333333 0.07735416666666667 0.08204166666666667
0 0.21595833333333334 0.079875 0.22172916666666667 0.08025 0.227125 0.0813125 0.23216666666666666 0.08347916666666667 0.23720833333333333 0.08564583333333334 0.2404375 0.0903125 0.24008333333333332 0.09572916666666667 0.23539583333333333 0.09895833333333333 0.23108333333333334 0.10256249999999999 0.2253125 0.10435416666666668 0.21991666666666668 0.1054375 0.21452083333333333 0.10435416666666668 0.21056249999999999 0.10039583333333332 0.2076875 0.09535416666666667 0.20839583333333334 0.08995833333333333
0 0.3923125 0 0.3905625 0.0017708333333333332 0.38625000000000004 0.005354166666666666 0.38047916666666665 0.007520833333333333 0.37543750000000004 0.010041666666666667 0.37004166666666666 0.011125 0.36464583333333334 0.011479166666666667 0.35925 0.010770833333333334 0.35420833333333335 0.00825 0.34952083333333334 0.005354166666666666 0.3452083333333333 0.0017708333333333332 0.34472916666666664 0