0 0.26666666666666666 0.45 0.24583333333333332 0.45208333333333334 0.23541666666666666 0.45416666666666666 0.22291666666666668 0.46458333333333335 0.21666666666666667 0.4708333333333333 0.21458333333333332 0.475 0.21458333333333332 0.48333333333333334 0.21666666666666667 0.49583333333333335 0.22083333333333333 0.5020833333333333 0.22708333333333333 0.5104166666666666 0.23541666666666666 0.5208333333333334 0.23958333333333334 0.525 0.26875 0.525 0.2833333333333333 0.5104166666666666 0.29791666666666666 0.49375 0.29791666666666666 0.4895833333333333 0.29583333333333334 0.47708333333333336 0.29375 0.4666666666666667 0.28958333333333336 0.4583333333333333 0.2833333333333333 0.45416666666666666 0.275 0.45
0 0.95 0 0.95 0.029166666666666667 0.9541666666666667 0.0375 0.9583333333333334 0.041666666666666664 0.9645833333333333 0.04583333333333333 0.96875 0.04791666666666667 0.9916666666666667 0.04791666666666667 0.9958333333333333 0.04583333333333333 0.9979166666666667 0
0 0.9541666666666667 0.22916666666666666 0.9479166666666666 0.23333333333333334 0.94375 0.23333333333333334 0.9354166666666667 0.2375 0.9291666666666667 0.24166666666666667 0.9208333333333333 0.24791666666666667 0.9145833333333333 0.25416666666666665 0.9083333333333333 0.26666666666666666 0.9083333333333333 0.30416666666666664 0.9104166666666667 0.30833333333333335 0.9145833333333333 0.3125 0.9166666666666666 0.31875 0.9208333333333333 0.325 0.9291666666666667 0.3333333333333333 0.9375 0.33958333333333335 0.9791666666666666 0.33958333333333335 0.9854166666666667 0.33541666666666664 0.9895833333333334 0.33541666666666664 0.9979166666666667 0.33125 0.9979166666666667 0.24166666666666667 0.99375 0.2375 0.9854166666666667 0.23125 0.98125 0.22916666666666666
0 0.9875 0.12083333333333333 0.9729166666666667 0.125 0.9708333333333333 0.13125 0.9666666666666667 0.13541666666666666 0.9625 0.14375 0.9625 0.14791666666666667 0.9645833333333333 0.15625 0.9666666666666667 0.1625 0.9708333333333333 0.16666666666666666 0.9791666666666666 0.17291666666666666 0.9854166666666667 0.17708333333333334 0.9979166666666667 0.175 0.9958333333333333 0.12083333333333333
0 0.8166666666666667 0.15 0.8125 0.15208333333333332 0.8041666666666667 0.15833333333333333 0.7979166666666667 0.16458333333333333 0.7895833333333333 0.175 0.7875 0.18125 0.7875 0.21041666666666667 0.7895833333333333 0.21666666666666667 0.79375 0.225 0.8020833333333334 0.23333333333333334 0.80625 0.23541666666666666 0.8145833333333333 0.2375 0.8229166666666666 0.23958333333333334 0.8270833333333333 0.23958333333333334 0.8333333333333334 0.23541666666666666 0.8375 0.23541666666666666 0.84375 0.23125 0.85 0.22916666666666666 0.8520833333333333 0.225 0.8520833333333333 0.22083333333333333 0.8541666666666666 0.21458333333333332 0.85625 0.2125 0.8583333333333333 0.20625 0.8583333333333333 0.175 0.8479166666666667 0.1625 0.8395833333333333 0.15416666666666667 0.8333333333333334 0.15208333333333332 0.8208333333333333 0.15
0 0.44166666666666665 0.4979166666666667 0.42916666666666664 0.5 0.4270833333333333 0.5041666666666667 0.42083333333333334 0.5166666666666667 0.42083333333333334 0.5229166666666667 0.42291666666666666 0.5270833333333333 0.42916666666666664 0.5270833333333333 0.44375 0.5354166666666667 0.45 0.5354166666666667 0.45625 0.5333333333333333 0.46041666666666664 0.5291666666666667 0.46458333333333335 0.5229166666666667 0.46458333333333335 0.5145833333333333 0.46041666666666664 0.5041666666666667 0.45416666666666666 0.5 0.45 0.4979166666666667
0 0.3 0.8791666666666667 0.2916666666666667 0.8875 0.28541666666666665 0.8958333333333334 0.28541666666666665 0.9 0.2875 0.9083333333333333 0.28958333333333336 0.9125 0.29583333333333334 0.91875 0.30416666666666664 0.925 0.325 0.925 0.33958333333333335 0.9104166666666667 0.3375 0.8895833333333333 0.32916666666666666 0.8833333333333333 0.325 0.88125 0.3125 0.8791666666666667
0 0.41041666666666665 0.5291666666666667 0.39375 0.5375 0.38958333333333334 0.5416666666666666 0.3854166666666667 0.55 0.3854166666666667 0.56875 0.3958333333333333 0.5791666666666667 0.40208333333333335 0.58125 0.41041666666666665 0.5833333333333334 0.41458333333333336 0.5833333333333334 0.41875 0.58125 0.425 0.5770833333333333 0.43333333333333335 0.5708333333333333 0.4375 0.5666666666666667 0.44166666666666665 0.5583333333333333 0.44166666666666665 0.5416666666666666 0.42916666666666664 0.5291666666666667
0 0.32916666666666666 0.6333333333333333 0.32083333333333336 0.6375 0.31666666666666665 0.6416666666666667 0.30625 0.6458333333333334 0.3020833333333333 0.65 0.29583333333333334 0.6625 0.29583333333333334 0.6833333333333333 0.3020833333333333 0.69375 0.3020833333333333 0.6979166666666666 0.30833333333333335 0.7104166666666667 0.31666666666666665 0.71875 0.32916666666666666 0.725 0.3541666666666667 0.725 0.36041666666666666 0.7208333333333333 0.3729166666666667 0.7104166666666667 0.37916666666666665 0.7041666666666667 0.38333333333333336 0.6958333333333333 0.38333333333333336 0.6645833333333333 0.38125 0.6604166666666667 0.375 0.6520833333333333 0.36875 0.6458333333333334 0.35 0.6333333333333333
0 0.47291666666666665 0.6166666666666667 0.4666666666666667 0.6208333333333333 0.4625 0.6208333333333333 0.45416666666666666 0.625 0.44375 0.6333333333333333 0.4354166666666667 0.6416666666666667 0.43125 0.65 0.42916666666666664 0.65625 0.42916666666666664 0.68125 0.43125 0.6875 0.4354166666666667 0.6958333333333333 0.44166666666666665 0.7041666666666667 0.45 0.7125 0.4625 0.71875 0.49583333333333335 0.71875 0.5020833333333333 0.7166666666666667 0.50625 0.7145833333333333 0.525 0.6958333333333333 0.525 0.6854166666666667 0.5229166666666667 0.6708333333333333 0.525 0.6625 0.5270833333333333 0.6583333333333333 0.5291666666666667 0.6479166666666667 0.5229166666666667 0.6416666666666667 0.5145833333333333 0.6354166666666666 0.5125 0.6354166666666666 0.5020833333333333 0.625 0.49375 0.61875 0.48125 0.6166666666666667
0 0.5833333333333334 0.6270833333333333 0.54375 0.6458333333333334 0.5354166666666667 0.6520833333333333 0.5291666666666667 0.6583333333333333 0.5270833333333333 0.6625 0.525 0.6708333333333333 0.525 0.6833333333333333 0.5270833333333333 0.69375 0.5395833333333333 0.7083333333333334 0.5520833333333334 0.7208333333333333 0.5583333333333333 0.7229166666666667 0.5666666666666667 0.725 0.575 0.725 0.5875 0.7229166666666667 0.5958333333333333 0.7208333333333333 0.6083333333333333 0.7145833333333333 0.6125 0.7104166666666667 0.61875 0.7020833333333333 0.625 0.69375 0.6270833333333333 0.6895833333333333 0.6291666666666667 0.68125 0.6291666666666667 0.6729166666666667 0.6270833333333333 0.6666666666666666 0.6229166666666667 0.6604166666666667 0.6229166666666667 0.65625 0.6208333333333333 0.65 0.61875 0.6458333333333334 0.6145833333333334 0.6416666666666667 0.60625 0.6354166666666666 0.5979166666666667 0.6291666666666667 0.59375 0.6270833333333333 0.5895833333333333 0.6270833333333333
0 0.53125 0.54375 0.5229166666666667 0.5479166666666667 0.51875 0.5520833333333334 0.5125 0.5541666666666667 0.5083333333333333 0.5583333333333333 0.49375 0.575 0.49375 0.5791666666666667 0.4895833333333333 0.5854166666666667 0.4895833333333333 0.6083333333333333 0.49375 0.6166666666666667 0.5 0.6229166666666667 0.5125 0.6333333333333333 0.5208333333333334 0.6395833333333333 0.5270833333333333 0.6416666666666667 0.5395833333333333 0.64375 0.5458333333333333 0.64375 0.5958333333333333 0.6083333333333333 0.5979166666666667 0.59375 0.5979166666666667 0.5791666666666667 0.5916666666666667 0.5666666666666667 0.5833333333333334 0.5583333333333333 0.575 0.5520833333333334 0.5708333333333333 0.55 0.5666666666666667 0.55 0.5604166666666667 0.5458333333333333 0.5541666666666667 0.54375
0 0.6645833333333333 0.28541666666666665 0.6604166666666667 0.2875 0.6541666666666667 0.2916666666666667 0.6458333333333334 0.3 0.6395833333333333 0.3020833333333333 0.6333333333333333 0.30625 0.6291666666666667 0.3104166666666667 0.6229166666666667 0.31666666666666665 0.6208333333333333 0.3229166666666667 0.61875 0.33125 0.61875 0.33958333333333335 0.6208333333333333 0.34791666666666665 0.6270833333333333 0.36041666666666666 0.6333333333333333 0.36666666666666664 0.6416666666666667 0.3729166666666667 0.6479166666666667 0.3770833333333333 0.6583333333333333 0.37916666666666665 0.66875 0.37916666666666665 0.675 0.3770833333333333 0.68125 0.3729166666666667 0.6854166666666667 0.3729166666666667 0.6895833333333333 0.37083333333333335 0.69375 0.36666666666666664 0.7020833333333333 0.35625 0.7083333333333334 0.34791666666666665 0.7125 0.3416666666666667 0.7125 0.325 0.7104166666666667 0.3104166666666667 0.7083333333333334 0.30625 0.7041666666666667 0.3020833333333333 0.6916666666666667 0.2916666666666667 0.6833333333333333 0.28541666666666665
0 0.7229166666666667 0.2708333333333333 0.7125 0.28125 0.70625 0.29583333333333334 0.70625 0.3 0.7083333333333334 0.30416666666666664 0.7104166666666667 0.30833333333333335 0.7208333333333333 0.3104166666666667 0.7291666666666666 0.3104166666666667 0.7333333333333333 0.30833333333333335 0.7416666666666667 0.3020833333333333 0.7458333333333333 0.2916666666666667 0.7458333333333333 0.2833333333333333 0.7354166666666667 0.27291666666666664 0.7291666666666666 0.2708333333333333
0 0.7541666666666667 0.55 0.74375 0.5520833333333334 0.7145833333333333 0.5666666666666667 0.70625 0.575 0.7 0.5833333333333334 0.6875 0.6083333333333333 0.6875 0.63125 0.6895833333333333 0.6354166666666666 0.69375 0.6416666666666667 0.6979166666666666 0.6458333333333334 0.7375 0.66875 0.7666666666666667 0.66875 0.76875 0.6604166666666667 0.7729166666666667 0.6541666666666667 0.7770833333333333 0.6479166666666667 0.8041666666666667 0.6208333333333333 0.80625 0.6125 0.8083333333333333 0.6 0.8083333333333333 0.5916666666666667 0.7958333333333333 0.5666666666666667 0.7916666666666666 0.5625 0.7833333333333333 0.55625 0.7791666666666667 0.5541666666666667 0.7729166666666667 0.5520833333333334 0.7645833333333333 0.55
0 0.8020833333333334 0.6291666666666667 0.7979166666666667 0.6333333333333333 0.7895833333333333 0.6395833333333333 0.7875 0.6395833333333333 0.78125 0.6458333333333334 0.775 0.6541666666666667 0.7708333333333334 0.6604166666666667 0.76875 0.6645833333333333 0.7666666666666667 0.6708333333333333 0.7666666666666667 0.6791666666666667 0.76875 0.6854166666666667 0.7729166666666667 0.6916666666666667 0.7729166666666667 0.6958333333333333 0.775 0.7020833333333333 0.7791666666666667 0.7083333333333334 0.7791666666666667 0.7125 0.7854166666666667 0.71875 0.7895833333333333 0.7229166666666667 0.7979166666666667 0.7291666666666666 0.8020833333333334 0.73125 0.8145833333333333 0.7333333333333333 0.825 0.7333333333333333 0.83125 0.73125 0.8395833333333333 0.7270833333333333 0.85 0.71875 0.8604166666666667 0.7083333333333334 0.8666666666666667 0.6958333333333333 0.86875 0.6854166666666667 0.86875 0.6729166666666667 0.8666666666666667 0.6645833333333333 0.8645833333333334 0.6604166666666667 0.8458333333333333 0.6416666666666667 0.8333333333333334 0.6354166666666666 0.8270833333333333 0.6333333333333333 0.8166666666666667 0.63125 0.80625 0.6291666666666667
0 0.9604166666666667 0.875 0.9520833333333333 0.88125 0.9395833333333333 0.8916666666666667 0.9354166666666667 0.8958333333333334 0.9354166666666667 0.9020833333333333 0.9375 0.9145833333333333 0.9416666666666667 0.925 0.9479166666666666 0.9291666666666667 0.9541666666666667 0.9333333333333333 0.9583333333333334 0.9354166666666667 0.9625 0.9354166666666667 0.9729166666666667 0.9333333333333333 0.9791666666666666 0.93125 0.9979166666666667 0.9125 0.9958333333333333 0.8854166666666666 0.9895833333333334 0.88125 0.9833333333333333 0.8770833333333333 0.9791666666666666 0.875
0 0.9979166666666667 0.7541666666666667 0.9916666666666667 0.7583333333333333 0.9875 0.7625 0.9854166666666667 0.7666666666666667 0.9833333333333333 0.7729166666666667 0.98125 0.78125 0.9791666666666666 0.7875 0.9791666666666666 0.7916666666666666 0.98125 0.7979166666666667 0.9854166666666667 0.80625 0.9979166666666667 0.8166666666666667
0 0.3645833333333333 0 0.3645833333333333 0.004166666666666667 0.36666666666666664 0.014583333333333334 0.3729166666666667 0.022916666666666665 0.37916666666666665 0.029166666666666667 0.38125 0.035416666666666666 0.40208333333333335 0.035416666666666666 0.40625 0.03333333333333333 0.4125 0.029166666666666667 0.4166666666666667 0.01875 0.41875 0.00625 0.41875 0
0 0.35833333333333334 0.2375 0.35208333333333336 0.2375 0.34375 0.23958333333333334 0.33958333333333335 0.24166666666666667 0.3333333333333333 0.24791666666666667 0.32916666666666666 0.25416666666666665 0.32916666666666666 0.25833333333333336 0.33125 0.2708333333333333 0.33541666666666664 0.2791666666666667 0.3416666666666667 0.2833333333333333 0.34791666666666665 0.2875 0.35625 0.2875 0.3625 0.2875 0.36875 0.28541666666666665 0.3729166666666667 0.2833333333333333 0.37916666666666665 0.27708333333333335 0.38333333333333336 0.2708333333333333 0.38333333333333336 0.2604166666666667 0.37916666666666665 0.24583333333333332 0.3729166666666667 0.24166666666666667 0.36666666666666664 0.2375
0 0.26458333333333334 0.13958333333333334 0.25625 0.14166666666666666 0.2520833333333333 0.14375 0.24583333333333332 0.14791666666666667 0.2375 0.15416666666666667 0.22916666666666666 0.16041666666666668 0.225 0.17083333333333334 0.22291666666666668 0.18541666666666667 0.22291666666666668 0.2125 0.22916666666666666 0.22083333333333333 0.23541666666666666 0.22916666666666666 0.23958333333333334 0.23333333333333334 0.25625 0.24166666666666667 0.26666666666666666 0.24375 0.27708333333333335 0.24375 0.3020833333333333 0.23125 0.30625 0.22708333333333333 0.3145833333333333 0.21666666666666667 0.31875 0.21041666666666667 0.32083333333333336 0.18958333333333333 0.32083333333333336 0.17083333333333334 0.31875 0.16666666666666666 0.3145833333333333 0.1625 0.3125 0.15625 0.30833333333333335 0.15 0.3 0.14583333333333334 0.28958333333333336 0.14375 0.28125 0.14166666666666666 0.2708333333333333 0.13958333333333334
0 0.55625 0.22291666666666668 0.5520833333333334 0.225 0.5479166666666667 0.225 0.5416666666666666 0.22708333333333333 0.5375 0.22916666666666666 0.5333333333333333 0.23333333333333334 0.5291666666666667 0.23541666666666666 0.5208333333333334 0.23541666666666666 0.5166666666666667 0.2375 0.5104166666666666 0.24375 0.5041666666666667 0.2520833333333333 0.5020833333333333 0.26666666666666666 0.5020833333333333 0.28125 0.5041666666666667 0.28541666666666665 0.5083333333333333 0.2916666666666667 0.5125 0.29791666666666666 0.5166666666666667 0.3020833333333333 0.5229166666666667 0.30625 0.53125 0.3125 0.5354166666666667 0.3145833333333333 0.5416666666666666 0.3145833333333333 0.5541666666666667 0.3125 0.5625 0.3104166666666667 0.575 0.29791666666666666 0.5854166666666667 0.28541666666666665 0.5854166666666667 0.26666666666666666 0.5833333333333334 0.24375 0.5604166666666667 0.22083333333333333
0 0.6333333333333333 0.21875 0.625 0.22083333333333333 0.61875 0.22291666666666668 0.6166666666666667 0.225 0.6 0.225 0.59375 0.23125 0.5875 0.23958333333333334 0.5875 0.2604166666666667 0.5916666666666667 0.2833333333333333 0.5979166666666667 0.2875 0.60625 0.29375 0.6125 0.29791666666666666 0.6166666666666667 0.3 0.6270833333333333 0.3020833333333333 0.6375 0.3020833333333333 0.6458333333333334 0.29791666666666666 0.6520833333333333 0.2916666666666667 0.6625 0.2791666666666667 0.6666666666666666 0.27291666666666664 0.66875 0.2625 0.66875 0.25 0.6666666666666666 0.24375 0.6645833333333333 0.23958333333333334 0.6583333333333333 0.23333333333333334 0.6458333333333334 0.22291666666666668 0.6395833333333333 0.21875
0 0.6 0.15208333333333332 0.59375 0.15416666666666667 0.5895833333333333 0.15625 0.5833333333333334 0.16041666666666668 0.5729166666666666 0.16875 0.56875 0.17291666666666666 0.5666666666666667 0.1875 0.5666666666666667 0.20208333333333334 0.5708333333333333 0.21041666666666667 0.575 0.21458333333333332 0.5833333333333334 0.22083333333333333 0.6 0.22291666666666668 0.6166666666666667 0.22291666666666668 0.6229166666666667 0.22083333333333333 0.6291666666666667 0.21875 0.6354166666666666 0.21666666666666667 0.6395833333333333 0.21458333333333332 0.64375 0.21041666666666667 0.6458333333333334 0.20625 0.6479166666666667 0.19166666666666668 0.6479166666666667 0.17708333333333334 0.6416666666666667 0.16458333333333333 0.6354166666666666 0.15833333333333333 0.6291666666666667 0.15416666666666667 0.6145833333333334 0.15208333333333332
0 0.5208333333333334 0.15208333333333332 0.49583333333333335 0.16875 0.49375 0.17708333333333334 0.49166666666666664 0.18958333333333333 0.4895833333333333 0.20208333333333334 0.4895833333333333 0.21041666666666667 0.4979166666666667 0.22708333333333333 0.5020833333333333 0.23125 0.5083333333333333 0.23541666666666666 0.51875 0.23541666666666666 0.5291666666666667 0.23333333333333334 0.5333333333333333 0.23125 0.5395833333333333 0.22708333333333333 0.5458333333333333 0.22291666666666668 0.5541666666666667 0.21666666666666667 0.5604166666666667 0.2125 0.5645833333333333 0.19375 0.5645833333333333 0.17708333333333334 0.5604166666666667 0.17083333333333334 0.5541666666666667 0.1625 0.5479166666666667 0.15625 0.5395833333333333 0.15208333333333332
0 0.4395833333333333 0.11458333333333333 0.43333333333333335 0.11666666666666667 0.4270833333333333 0.11875 0.42083333333333334 0.125 0.4166666666666667 0.12916666666666668 0.4125 0.13541666666666666 0.41041666666666665 0.13958333333333334 0.41041666666666665 0.14583333333333334 0.4125 0.15833333333333333 0.41458333333333336 0.16666666666666666 0.41875 0.17083333333333334 0.43125 0.18125 0.4395833333333333 0.1875 0.46041666666666664 0.1875 0.46875 0.18333333333333332 0.47291666666666665 0.17916666666666667 0.475 0.17291666666666666 0.4791666666666667 0.16875 0.48541666666666666 0.15625 0.48541666666666666 0.14166666666666666 0.48125 0.12291666666666666 0.46458333333333335 0.11458333333333333
0 0.020833333333333332 0.3958333333333333 0.016666666666666666 0.39791666666666664 0.008333333333333333 0.4041666666666667 0.0020833333333333333 0.4083333333333333 0.0020833333333333333 0.475 0.008333333333333333 0.4791666666666667 0.014583333333333334 0.48333333333333334 0.01875 0.48541666666666666 0.022916666666666665 0.48541666666666666 0.03125 0.48333333333333334 0.03958333333333333 0.48125 0.04375 0.4791666666666667 0.05625 0.4666666666666667 0.058333333333333334 0.4625 0.06041666666666667 0.45625 0.0625 0.45 0.0625 0.43333333333333335 0.06041666666666667 0.4166666666666667 0.03958333333333333 0.3958333333333333
0 0.5166666666666667 0.035416666666666666 0.5 0.04375 0.48333333333333334 0.06041666666666667 0.48125 0.06666666666666667 0.4791666666666667 0.075 0.47708333333333336 0.08333333333333333 0.47708333333333336 0.08958333333333333 0.4791666666666667 0.09791666666666667 0.48125 0.10208333333333333 0.5020833333333333 0.12291666666666666 0.5145833333333333 0.12916666666666668 0.5416666666666666 0.12916666666666668 0.55 0.125 0.5541666666666667 0.12083333333333333 0.5604166666666667 0.1125 0.5625 0.10833333333333334 0.5645833333333333 0.10208333333333333 0.5666666666666667 0.09375 0.5666666666666667 0.08125 0.5645833333333333 0.06666666666666667 0.5583333333333333 0.05416666666666667 0.5416666666666666 0.0375 0.5291666666666667 0.035416666666666666
0 0.28958333333333336 0.41458333333333336 0.28125 0.42083333333333334 0.275 0.4270833333333333 0.27291666666666664 0.43125 0.27291666666666664 0.4375 0.2708333333333333 0.44166666666666665 0.28125 0.45208333333333334 0.2875 0.45625 0.29375 0.46041666666666664 0.29791666666666666 0.4625 0.3020833333333333 0.4625 0.30833333333333335 0.4625 0.31666666666666665 0.45208333333333334 0.3229166666666667 0.44375 0.32916666666666666 0.4354166666666667 0.33125 0.43125 0.32708333333333334 0.42916666666666664 0.32083333333333336 0.42291666666666666 0.3125 0.4166666666666667 0.30833333333333335 0.41458333333333336
0 0.3375 0.4354166666666667 0.3229166666666667 0.4479166666666667 0.3104166666666667 0.46041666666666664 0.30833333333333335 0.47291666666666665 0.30625 0.4979166666666667 0.30625 0.5083333333333333 0.30833333333333335 0.5125 0.3145833333333333 0.5208333333333334 0.31875 0.525 0.33125 0.53125 0.35833333333333334 0.53125 0.37083333333333335 0.525 0.375 0.5208333333333334 0.38333333333333336 0.5104166666666666 0.39166666666666666 0.5 0.3958333333333333 0.49375 0.39791666666666664 0.4895833333333333 0.4 0.48333333333333334 0.4 0.4708333333333333 0.39791666666666664 0.4583333333333333 0.3854166666666667 0.44583333333333336 0.3729166666666667 0.4354166666666667
0 0.18958333333333333 0.50625 0.17291666666666666 0.51875 0.17083333333333334 0.5270833333333333 0.16875 0.5354166666666667 0.16666666666666666 0.54375 0.16666666666666666 0.55 0.16458333333333333 0.5541666666666667 0.17291666666666666 0.5645833333333333 0.18125 0.5729166666666666 0.19375 0.575 0.20416666666666666 0.575 0.21041666666666667 0.5729166666666666 0.21458333333333332 0.5708333333333333 0.225 0.5604166666666667 0.22708333333333333 0.55625 0.22916666666666666 0.55 0.23125 0.54375 0.23333333333333334 0.5375 0.23333333333333334 0.5333333333333333 0.23125 0.5270833333333333 0.22916666666666666 0.5229166666666667 0.21875 0.5125 0.2125 0.5104166666666666 0.20416666666666666 0.5083333333333333 0.19375 0.50625
0 0.11458333333333333 0.4625 0.10208333333333333 0.46458333333333335 0.09375 0.46875 0.0875 0.475 0.07708333333333334 0.4875 0.06875 0.4979166666666667 0.06458333333333334 0.5041666666666667 0.06458333333333334 0.5083333333333333 0.06666666666666667 0.5166666666666667 0.06875 0.525 0.07083333333333333 0.5291666666666667 0.09791666666666667 0.55625 0.125 0.55625 0.1375 0.55 0.14166666666666666 0.5458333333333333 0.14791666666666667 0.5375 0.15416666666666667 0.5291666666666667 0.15625 0.525 0.15625 0.4895833333333333 0.15416666666666667 0.48541666666666666 0.14791666666666667 0.47708333333333336 0.14166666666666666 0.4708333333333333 0.125 0.4625
0 0.020833333333333332 0.50625 0.0020833333333333333 0.525 0.0020833333333333333 0.5458333333333333 0.008333333333333333 0.55625 0.008333333333333333 0.5604166666666667 0.0125 0.56875 0.022916666666666665 0.5729166666666666 0.03958333333333333 0.575 0.04583333333333333 0.575 0.06666666666666667 0.5541666666666667 0.06666666666666667 0.5416666666666666 0.06458333333333334 0.525 0.058333333333333334 0.5166666666666667 0.05416666666666667 0.5125 0.04791666666666667 0.5104166666666666 0.0375 0.5083333333333333 0.025 0.50625
0 0 0.24375 0 0.3229166666666667 0.00625 0.3229166666666667 0.0125 0.31875 0.025 0.30833333333333335 0.03125 0.3020833333333333 0.03333333333333333 0.29791666666666666 0.03333333333333333 0.2708333333333333 0.03125 0.26666666666666666 0.025 0.25833333333333336 0.01875 0.25 0.010416666666666666 0.24583333333333332
0 0.24791666666666667 0.2708333333333333 0.24166666666666667 0.275 0.2375 0.275 0.23333333333333334 0.27708333333333335 0.22916666666666666 0.28125 0.21875 0.29375 0.21458333333333332 0.3 0.2125 0.30625 0.21041666666666667 0.3145833333333333 0.21041666666666667 0.33541666666666664 0.2125 0.35625 0.21458333333333332 0.3625 0.21875 0.37083333333333335 0.22708333333333333 0.37916666666666665 0.23958333333333334 0.38958333333333334 0.2520833333333333 0.3958333333333333 0.26875 0.3958333333333333 0.27291666666666664 0.39375 0.27708333333333335 0.38958333333333334 0.2833333333333333 0.3875 0.28958333333333336 0.38333333333333336 0.29375 0.37916666666666665 0.3 0.3770833333333333 0.30625 0.3729166666666667 0.30833333333333335 0.36041666666666666 0.3145833333333333 0.34791666666666665 0.31875 0.34375 0.32083333333333336 0.33958333333333335 0.32083333333333336 0.3104166666666667 0.3125 0.29375 0.3 0.28125 0.2916666666666667 0.27708333333333335 0.28541666666666665 0.275 0.28125 0.275 0.275 0.2708333333333333
0 0.34791666666666665 0.38333333333333336 0.34375 0.38333333333333336 0.3375 0.3875 0.32916666666666666 0.39166666666666666 0.325 0.39375 0.31666666666666665 0.41041666666666665 0.31666666666666665 0.4166666666666667 0.325 0.42291666666666666 0.32916666666666666 0.425 0.35208333333333336 0.425 0.3625 0.4125 0.3645833333333333 0.40625 0.3645833333333333 0.4 0.3625 0.39166666666666666 0.36041666666666666 0.3875 0.35625 0.38333333333333336
0 0.3333333333333333 0.34375 0.31666666666666665 0.34791666666666665 0.3104166666666667 0.36041666666666666 0.3104166666666667 0.36666666666666664 0.3125 0.375 0.31875 0.38125 0.325 0.3875 0.32916666666666666 0.38958333333333334 0.33541666666666664 0.3854166666666667 0.3416666666666667 0.38333333333333336 0.35208333333333336 0.375 0.35625 0.3645833333333333 0.3541666666666667 0.36041666666666666 0.3541666666666667 0.35625 0.34375 0.34375
0 0.3770833333333333 0.375 0.3729166666666667 0.38333333333333336 0.3729166666666667 0.39166666666666666 0.375 0.40208333333333335 0.37916666666666665 0.40625 0.38333333333333336 0.40625 0.39166666666666666 0.4041666666666667 0.39791666666666664 0.40208333333333335 0.40208333333333335 0.39791666666666664 0.40208333333333335 0.39375 0.4 0.38333333333333336 0.3958333333333333 0.375 0.39166666666666666 0.3729166666666667
0 0.37916666666666665 0.28125 0.3645833333333333 0.29375 0.35208333333333336 0.30625 0.34791666666666665 0.3145833333333333 0.34791666666666665 0.3416666666666667 0.35 0.3458333333333333 0.35625 0.3541666666666667 0.3625 0.3625 0.36666666666666664 0.36666666666666664 0.3729166666666667 0.36875 0.38333333333333336 0.37083333333333335 0.39375 0.3729166666666667 0.4 0.37083333333333335 0.4 0.36666666666666664 0.41875 0.34791666666666665 0.42291666666666666 0.3416666666666667 0.42916666666666664 0.32916666666666666 0.42916666666666664 0.3104166666666667 0.42291666666666666 0.29791666666666666 0.41041666666666665 0.28541666666666665 0.40208333333333335 0.2833333333333333 0.3854166666666667 0.28125
0 0.42916666666666664 0.33958333333333335 0.40208333333333335 0.36666666666666664 0.40208333333333335 0.37916666666666665 0.4041666666666667 0.39166666666666666 0.4083333333333333 0.3958333333333333 0.42083333333333334 0.40625 0.42916666666666664 0.4125 0.45625 0.4125 0.4666666666666667 0.4041666666666667 0.475 0.3958333333333333 0.4791666666666667 0.3875 0.48125 0.38125 0.48125 0.375 0.4791666666666667 0.36666666666666664 0.47708333333333336 0.3625 0.4708333333333333 0.3541666666666667 0.4666666666666667 0.34791666666666665 0.4583333333333333 0.34375 0.44583333333333336 0.3416666666666667 0.43333333333333335 0.33958333333333335
0 0.004166666666666667 0.08333333333333333 0 0.08541666666666667 0 0.15 0.03333333333333333 0.14791666666666667 0.0375 0.14583333333333334 0.041666666666666664 0.14166666666666666 0.04583333333333333 0.13333333333333333 0.04791666666666667 0.12083333333333333 0.04791666666666667 0.11041666666666666 0.03958333333333333 0.1 0.03333333333333333 0.09375 0.027083333333333334 0.08958333333333333 0.01875 0.08541666666666667 0.0125 0.08333333333333333
0 0.025 0.15208333333333332 0.010416666666666666 0.15416666666666667 0.0020833333333333333 0.16041666666666668 0 0.21041666666666667 0.00625 0.21666666666666667 0.014583333333333334 0.22083333333333333 0.022916666666666665 0.22291666666666668 0.03125 0.22291666666666668 0.0375 0.22083333333333333 0.04375 0.21666666666666667 0.05416666666666667 0.20625 0.06041666666666667 0.2 0.0625 0.18958333333333333 0.0625 0.17916666666666667 0.035416666666666666 0.15208333333333332
0 0.09583333333333334 0.17083333333333334 0.07291666666666667 0.18333333333333332 0.06666666666666667 0.18541666666666667 0.06458333333333334 0.18958333333333333 0.06458333333333334 0.19375 0.0625 0.2 0.06041666666666667 0.20208333333333334 0.058333333333333334 0.20833333333333334 0.058333333333333334 0.2125 0.06041666666666667 0.21875 0.06458333333333334 0.22708333333333333 0.07708333333333334 0.23958333333333334 0.08958333333333333 0.24583333333333332 0.11041666666666666 0.24583333333333332 0.11458333333333333 0.24375 0.12083333333333333 0.23958333333333334 0.12708333333333333 0.23541666666666666 0.13125 0.22708333333333333 0.13333333333333333 0.21458333333333332 0.13541666666666666 0.20208333333333334 0.13541666666666666 0.19583333333333333 0.125 0.18333333333333332 0.11458333333333333 0.17291666666666666 0.10625 0.17083333333333334
0 0.18541666666666667 0.16458333333333333 0.18125 0.175 0.17291666666666666 0.18333333333333332 0.1625 0.19166666666666668 0.1625 0.19583333333333333 0.16458333333333333 0.20416666666666666 0.16875 0.2125 0.175 0.21666666666666667 0.18125 0.22083333333333333 0.18541666666666667 0.22291666666666668 0.19791666666666666 0.22291666666666668 0.21041666666666667 0.22083333333333333 0.22083333333333333 0.21041666666666667 0.22083333333333333 0.175 0.21041666666666667 0.16458333333333333 0.19791666666666666 0.1625
0 0.78125 0.90625 0.76875 0.9083333333333333 0.75625 0.9208333333333333 0.74375 0.9354166666666667 0.7416666666666667 0.9395833333333333 0.7395833333333334 0.9479166666666666 0.7375 0.95625 0.7375 0.9625 0.7375 0.96875 0.7395833333333334 0.975 0.74375 0.98125 0.7520833333333333 0.9854166666666667 0.7604166666666666 0.9875 0.76875 0.9895833333333334 0.7791666666666667 0.9895833333333334 0.7875 0.9875 0.8 0.98125 0.8041666666666667 0.9770833333333333 0.8083333333333333 0.9708333333333333 0.8104166666666667 0.9645833333333333 0.8145833333333333 0.9604166666666667 0.8166666666666667 0.95625 0.8166666666666667 0.9520833333333333 0.8145833333333333 0.9395833333333333 0.8125 0.93125 0.8 0.9166666666666666 0.7895833333333333 0.90625
0 0.07708333333333334 0.04583333333333333 0.06875 0.052083333333333336 0.0625 0.05625 0.05416666666666667 0.0625 0.05 0.07083333333333333 0.04791666666666667 0.08333333333333333 0.04791666666666667 0.08958333333333333 0.07708333333333334 0.12083333333333333 0.10208333333333333 0.12083333333333333 0.11041666666666666 0.11666666666666667 0.11666666666666667 0.1125 0.12083333333333333 0.10416666666666667 0.12291666666666666 0.09375 0.125 0.08125 0.125 0.075 0.12291666666666666 0.06875 0.12083333333333333 0.06458333333333334 0.10833333333333334 0.052083333333333336 0.10416666666666667 0.05 0.09791666666666667 0.04791666666666667 0.08958333333333333 0.04583333333333333 0.08541666666666667 0.04583333333333333
0 0.55625 0.8770833333333333 0.5479166666666667 0.8833333333333333 0.5354166666666667 0.89375 0.53125 0.8979166666666667 0.5291666666666667 0.90625 0.5270833333333333 0.9208333333333333 0.5270833333333333 0.925 0.5416666666666666 0.9395833333333333 0.55 0.9458333333333333 0.5604166666666667 0.9541666666666667 0.5666666666666667 0.9583333333333334 0.575 0.9583333333333334 0.5854166666666667 0.95625 0.5979166666666667 0.94375 0.6104166666666667 0.9291666666666667 0.6125 0.91875 0.6125 0.90625 0.59375 0.8833333333333333 0.5875 0.88125 0.5833333333333334 0.88125 0.5770833333333333 0.8770833333333333
0 0.5020833333333333 0.9229166666666667 0.48541666666666666 0.93125 0.48125 0.9354166666666667 0.47708333333333336 0.9416666666666667 0.475 0.9541666666666667 0.475 0.9666666666666667 0.48125 0.9791666666666666 0.4979166666666667 0.9958333333333333 0.5125 0.9979166666666667 0.5229166666666667 0.9979166666666667 0.53125 0.9916666666666667 0.5395833333333333 0.9833333333333333 0.54375 0.975 0.54375 0.9708333333333333 0.5479166666666667 0.9645833333333333 0.5479166666666667 0.95 0.5354166666666667 0.9354166666666667 0.5229166666666667 0.9229166666666667
0 0.33958333333333335 0.016666666666666666 0.33541666666666664 0.020833333333333332 0.32708333333333334 0.03125 0.3229166666666667 0.0375 0.32083333333333336 0.04583333333333333 0.32083333333333336 0.05416666666666667 0.3229166666666667 0.058333333333333334 0.32708333333333334 0.06458333333333334 0.3333333333333333 0.07291666666666667 0.35 0.07708333333333334 0.36041666666666666 0.07708333333333334 0.37916666666666665 0.058333333333333334 0.37916666666666665 0.03333333333333333 0.3770833333333333 0.029166666666666667 0.37083333333333335 0.020833333333333332 0.3541666666666667 0.016666666666666666
0 0.125 0.89375 0.09583333333333334 0.9333333333333333 0.09583333333333334 0.94375 0.1 0.95 0.10833333333333334 0.9604166666666667 0.1125 0.9645833333333333 0.12083333333333333 0.9666666666666667 0.13541666666666666 0.96875 0.14166666666666666 0.96875 0.14791666666666667 0.9645833333333333 0.15833333333333333 0.95625 0.1625 0.9520833333333333 0.16458333333333333 0.94375 0.16666666666666666 0.93125 0.16666666666666666 0.9229166666666667 0.16041666666666668 0.9104166666666667 0.14791666666666667 0.8979166666666667 0.14375 0.8958333333333334 0.1375 0.89375 0.13125 0.89375
0 0.06666666666666667 0.8666666666666667 0.058333333333333334 0.86875 0.052083333333333336 0.8708333333333333 0.04791666666666667 0.875 0.041666666666666664 0.8833333333333333 0.03958333333333333 0.89375 0.03958333333333333 0.9 0.041666666666666664 0.9083333333333333 0.04791666666666667 0.9145833333333333 0.05416666666666667 0.9208333333333333 0.0625 0.9270833333333334 0.06666666666666667 0.9291666666666667 0.08333333333333333 0.93125 0.09583333333333334 0.93125 0.09791666666666667 0.9270833333333334 0.11041666666666666 0.9 0.1125 0.8958333333333334 0.0875 0.8708333333333333 0.08333333333333333 0.86875 0.075 0.8666666666666667
0 0 0.8125 0 0.8770833333333333 0 0.8729166666666667 0.0020833333333333333 0.8666666666666667 0.004166666666666667 0.8604166666666667 0.00625 0.8541666666666666 0.008333333333333333 0.8520833333333333 0.010416666666666666 0.8458333333333333 0.010416666666666666 0.8291666666666667 0.00625 0.8208333333333333 0.0020833333333333333 0.8166666666666667
0 0.21458333333333332 0.7770833333333333 0.19791666666666666 0.7791666666666667 0.1875 0.78125 0.16875 0.8 0.16875 0.8104166666666667 0.17083333333333334 0.8229166666666666 0.18125 0.8333333333333334 0.19583333333333333 0.8458333333333333 0.22291666666666668 0.8458333333333333 0.23125 0.8395833333333333 0.2375 0.8333333333333334 0.23958333333333334 0.8291666666666667 0.24166666666666667 0.8229166666666666 0.24166666666666667 0.8145833333333333 0.23958333333333334 0.7979166666666667 0.23541666666666666 0.7875 0.23125 0.7854166666666667 0.22291666666666668 0.7833333333333333 0.22083333333333333 0.7770833333333333
0 0.24791666666666667 0.7208333333333333 0.23958333333333334 0.7229166666666667 0.22916666666666666 0.73125 0.22083333333333333 0.7395833333333334 0.21875 0.74375 0.21666666666666667 0.75 0.21458333333333332 0.75625 0.21458333333333332 0.7604166666666666 0.21875 0.7666666666666667 0.21875 0.7708333333333334 0.22291666666666668 0.7791666666666667 0.225 0.7833333333333333 0.23125 0.7833333333333333 0.24375 0.7854166666666667 0.24583333333333332 0.7875 0.2520833333333333 0.7875 0.25625 0.7854166666666667 0.2625 0.78125 0.26875 0.7770833333333333 0.275 0.7729166666666667 0.2791666666666667 0.7583333333333333 0.2791666666666667 0.7479166666666667 0.27708333333333335 0.74375 0.27291666666666664 0.7395833333333334 0.2708333333333333 0.7333333333333333 0.26666666666666666 0.7291666666666666 0.25625 0.7208333333333333
0 0.08541666666666667 0 0.08541666666666667 0.01875 0.09166666666666666 0.025 0.1 0.029166666666666667 0.125 0.029166666666666667 0.12916666666666668 0.027083333333333334 0.13541666666666666 0.022916666666666665 0.14166666666666666 0.016666666666666666 0.14791666666666667 0.004166666666666667 0.15 0
0 0.0020833333333333333 0 0.0020833333333333333 0.008333333333333333 0.008333333333333333 0.01875 0.010416666666666666 0.027083333333333334 0.010416666666666666 0.0375 0.0125 0.041666666666666664 0.016666666666666666 0.04583333333333333 0.029166666666666667 0.052083333333333336 0.035416666666666666 0.05416666666666667 0.041666666666666664 0.05625 0.05 0.058333333333333334 0.05625 0.058333333333333334 0.06458333333333334 0.05416666666666667 0.07916666666666666 0.03958333333333333 0.07916666666666666 0.03125 0.08333333333333333 0.025 0.08333333333333333 0
0 0.18958333333333333 0.4375 0.18125 0.44166666666666665 0.175 0.44583333333333336 0.1625 0.45625 0.15833333333333333 0.46041666666666664 0.15625 0.4666666666666667 0.15416666666666667 0.4791666666666667 0.15416666666666667 0.48333333333333334 0.16041666666666668 0.49583333333333335 0.17041666666666666 0.5066666666666666 0.18208333333333335 0.5070833333333333 0.19083333333333333 0.50375 0.19583333333333333 0.4979166666666667 0.20208333333333334 0.49375 0.20625 0.4895833333333333 0.21875 0.46458333333333335 0.21875 0.4583333333333333 0.21666666666666667 0.45 0.21458333333333332 0.44583333333333336 0.20833333333333334 0.4395833333333333 0.2 0.4375
0 0.5854166666666667 0.8083333333333333 0.5604166666666667 0.8333333333333334 0.5583333333333333 0.8375 0.55625 0.8458333333333333 0.55625 0.85625 0.5583333333333333 0.8666666666666667 0.5625 0.8708333333333333 0.56875 0.875 0.5770833333333333 0.875 0.5833333333333334 0.8791666666666667 0.5972916666666667 0.8833333333333333 0.6072916666666667 0.8883333333333333 0.6166666666666667 0.8833333333333333 0.6229166666666667 0.8791666666666667 0.63125 0.8729166666666667 0.6354166666666666 0.86875 0.6375 0.8645833333333334 0.6395833333333333 0.8583333333333333 0.6395833333333333 0.8458333333333333 0.6375 0.8333333333333334 0.6354166666666666 0.8291666666666667 0.6291666666666667 0.8208333333333333 0.6229166666666667 0.8125 0.61875 0.8083333333333333
0 0.6622708333333333 0.9996875000000001 0.6622708333333333 0.9916250000000001 0.6667916666666667 0.9850833333333333 0.6728333333333333 0.9795416666666666 0.678875 0.974 0.6854375 0.9699583333333333 0.6924791666666666 0.9669375 0.6995416666666666 0.9634166666666667 0.7070833333333333 0.9629166666666666 0.7146458333333333 0.9639166666666666 0.7211875 0.9679583333333334 0.7277291666666666 0.9724791666666667 0.7322708333333333 0.9790416666666667 0.7367916666666667 0.9855833333333333 0.7408333333333333 0.992125 0.7443541666666668 0.9991875 0.7444166666666666 1 0.6624375 1
0 0.6048541666666666 0.8047916666666667 0.606375 0.7972291666666667 0.606875 0.7896875 0.6078749999999999 0.7821250000000001 0.6103958333333334 0.7745625 0.6149166666666667 0.7680208333333333 0.6214791666666667 0.764 0.6290208333333334 0.7629791666666667 0.6365833333333334 0.7645 0.6441458333333333 0.7670208333333334 0.6481666666666667 0.7735625 0.6496666666666666 0.781125 0.6486666666666667 0.7886666666666666 0.6446458333333334 0.7952083333333333 0.6411041666666667 0.8022708333333333 0.6350625 0.8073125 0.6280208333333334 0.8103333333333332 0.6204583333333333 0.8083125 0.6129166666666667 0.8062916666666666
0 0.0017083333333333332 0.47552083333333334 0.007166666666666667 0.47887500000000005 0.013041666666666667 0.48181250000000003 0.017229166666666667 0.48683333333333334 0.020583333333333335 0.4922916666666667 0.021 0.4986041666666667 0.018500000000000003 0.5044791666666667 0.014291666666666668 0.5099166666666667 0.0109375 0.515375 0.005895833333333334 0.52 0.000020833333333333333 0.5233541666666667 0 0.5233541666666667 0 0.47675
0 0 0.54725 0.0033750000000000004 0.550625 0.006729166666666666 0.5560833333333334 0.008833333333333334 0.562375 0.010520833333333333 0.5686875 0.009666666666666665 0.5753958333333333 0.005479166666666666 0.5804375 0.000020833333333333333 0.5837916666666667 0 0.5837708333333332
0 0.10739583333333333 0.1648125 0.1061875 0.15575 0.10981250000000001 0.14727083333333332 0.11404166666666667 0.13881249999999998 0.12008333333333333 0.1315625 0.12672916666666667 0.12491666666666666 0.13397916666666668 0.11887500000000001 0.14304166666666665 0.1170625 0.15270833333333333 0.11827083333333334 0.1611875 0.1225 0.17024999999999998 0.12793749999999998 0.1756875 0.13579166666666667 0.18052083333333335 0.14425 0.18475000000000003 0.15270833333333333 0.18414583333333334 0.16179166666666667 0.18052083333333335 0.17085416666666667 0.1756875 0.17870833333333333 0.16904166666666667 0.18535416666666665 0.16058333333333333 0.18958333333333333 0.1515 0.192 0.14243750000000002 0.18958333333333333 0.13397916666666668 0.18595833333333334 0.126125 0.181125 0.11887500000000001 0.17508333333333334
0 0.25425000000000003 0.06508333333333333 0.26029166666666664 0.057833333333333334 0.26875 0.05420833333333333 0.27781249999999996 0.051791666666666666 0.286875 0.049979166666666665 0.2959375 0.050583333333333334 0.3056041666666667 0.050583333333333334 0.3146875 0.05360416666666667 0.3207291666666666 0.06085416666666667 0.32556250000000003 0.06931250000000001 0.3249583333333333 0.079 0.32133333333333336 0.08745833333333333 0.31649999999999995 0.09591666666666666 0.3104375 0.10316666666666667 0.3031875 0.10981250000000001 0.29654166666666665 0.11645833333333333 0.28808333333333336 0.12008333333333333 0.27902083333333333 0.11947916666666666 0.2705625 0.11585416666666666 0.2627083333333333 0.11041666666666666 0.25666666666666665 0.10316666666666667 0.2524375 0.09470833333333334 0.250625 0.08564583333333334 0.24941666666666668 0.07658333333333332
0 0.27237500000000003 0.049374999999999995 0.2814375 0.049979166666666665 0.29170833333333335 0.049979166666666665 0.3007708333333333 0.049374999999999995 0.30983333333333335 0.047562499999999994 0.3177083333333333 0.04272916666666667 0.32616666666666666 0.03729166666666666 0.33160416666666664 0.029437500000000002 0.334625 0.020374999999999997 0.3364375 0.0113125 0.3340208333333334 0.0022500000000000003 0.33229166666666665 0 0.2625625 0 0.25666666666666665 0.007083333333333333 0.25485416666666666 0.016145833333333335 0.25727083333333334 0.025208333333333333 0.2621041666666667 0.0330625
0 0.23308333333333334 0.019166666666666665 0.2415625 0.015541666666666667 0.24941666666666668 0.010708333333333332 0.257875 0.006479166666666666 0.26185416666666667 0 0.19960416666666667 0 0.19925 0.005270833333333333 0.20589583333333333 0.011916666666666666 0.21435416666666668 0.015541666666666667 0.22341666666666665 0.0185625
0 0.4058333333333334 0.07958333333333334 0.4047291666666667 0.06689583333333333 0.40835416666666663 0.0584375 0.41318750000000004 0.049979166666666665 0.41922916666666665 0.04272916666666667 0.4270833333333333 0.03789583333333334 0.43614583333333334 0.036083333333333335 0.4458125 0.036083333333333335 0.45487500000000003 0.03970833333333333 0.46454166666666663 0.04272916666666667 0.47241666666666665 0.04816666666666667 0.47422916666666665 0.057229166666666664 0.47302083333333333 0.06629166666666667 0.4681875 0.07414583333333334 0.462125 0.08141666666666666 0.45427083333333335 0.08685416666666666 0.4458125 0.09047916666666667 0.43735416666666665 0.09410416666666667 0.4282916666666667 0.09712499999999999 0.41922916666666665 0.09591666666666666 0.4107708333333333 0.09108333333333334
0 0 0.0668125 0.008291666666666666 0.0620625 0.0113125 0.053000000000000005 0.0113125 0.043333333333333335 0.010708333333333332 0.034270833333333334 0.008291666666666666 0.025208333333333333 0.005875 0.016145833333333335 0 0.011166666666666667