0 0.9909166666666667 0.5286041666666667 0.9824583333333333 0.5243749999999999 0.9758125 0.517125 0.9746041666666667 0.5074583333333333 0.9752083333333333 0.4983958333333333 0.9818541666666667 0.49114583333333334 0.9885 0.4826875 0.9951458333333334 0.47483333333333333 1 0.47079166666666666 1 0.5290833333333333
0 0.8694583333333333 0.6186458333333333 0.8785208333333333 0.6168333333333333 0.8875833333333334 0.615625 0.8966458333333333 0.6174375 0.9057083333333333 0.6210625000000001 0.9135624999999999 0.6271249999999999 0.9165833333333333 0.6361875 0.9171875 0.6452500000000001 0.9159791666666667 0.6543125 0.9111458333333334 0.6627708333333333 0.9051041666666666 0.6706249999999999 0.8960416666666667 0.6748541666666666 0.8863749999999999 0.6784791666666667 0.8773125 0.677875 0.8688541666666667 0.6730416666666666 0.8634166666666666 0.6651875 0.8591666666666666 0.6567291666666667 0.8585625 0.6476666666666666 0.8591666666666666 0.6386041666666666 0.8622083333333334 0.6295416666666667
0 0.07291666666666667 0.6833333333333333 0.0625 0.6854166666666667 0.05416666666666667 0.6875 0.04375 0.6895833333333333 0.0375 0.6916666666666667 0.03125 0.6958333333333333 0.027083333333333334 0.7 0.020833333333333332 0.7125 0.020833333333333332 0.7166666666666667 0.016666666666666666 0.7229166666666667 0.014583333333333334 0.73125 0.014583333333333334 0.75 0.016666666666666666 0.75625 0.01875 0.7604166666666666 0.022916666666666665 0.7666666666666667 0.029166666666666667 0.7729166666666667 0.041666666666666664 0.7833333333333333 0.04791666666666667 0.7854166666666667 0.075 0.7854166666666667 0.09166666666666666 0.7770833333333333 0.09583333333333334 0.7729166666666667 0.10625 0.7604166666666666 0.1125 0.7479166666666667 0.1125 0.7291666666666666 0.11041666666666666 0.7208333333333333 0.10833333333333334 0.7125 0.10208333333333333 0.7 0.09791666666666667 0.69375 0.08958333333333333 0.6854166666666667 0.08541666666666667 0.6833333333333333
0 0.48125 0.00625 0.47291666666666665 0.008333333333333333 0.46458333333333335 0.014583333333333334 0.4583333333333333 0.01875 0.45 0.027083333333333334 0.45 0.05 0.45208333333333334 0.05625 0.45416666666666666 0.06041666666666667 0.4583333333333333 0.06666666666666667 0.4666666666666667 0.07083333333333333 0.4708333333333333 0.06875 0.48125 0.058333333333333334 0.49375 0.052083333333333336 0.5 0.05 0.5041666666666667 0.05 0.5125 0.052083333333333336 0.5125 0.04583333333333333 0.5041666666666667 0.0375 0.5 0.029166666666666667 0.5 0.01875 0.4979166666666667 0.010416666666666666 0.49375 0.008333333333333333 0.48541666666666666 0.00625
0 0.4270833333333333 0 0.4270833333333333 0.004166666666666667 0.42916666666666664 0.010416666666666666 0.43125 0.014583333333333334 0.4354166666666667 0.016666666666666666 0.4375 0.022916666666666665 0.44166666666666665 0.025 0.45 0.025 0.4583333333333333 0.016666666666666666 0.46458333333333335 0.0125 0.4666666666666667 0.0125 0.47708333333333336 0
0 0.34791666666666665 0 0.35 0.014583333333333334 0.35208333333333336 0.022916666666666665 0.3541666666666667 0.027083333333333334 0.35833333333333334 0.03125 0.3625 0.035416666666666666 0.36666666666666664 0.03958333333333333 0.37916666666666665 0.04583333333333333 0.4 0.04583333333333333 0.4083333333333333 0.04375 0.4166666666666667 0.03958333333333333 0.4270833333333333 0.029166666666666667 0.43125 0.022916666666666665 0.43333333333333335 0.016666666666666666 0.4270833333333333 0.010416666666666666 0.425 0.004166666666666667 0.425 0
0 0.4041666666666667 0.04583333333333333 0.37916666666666665 0.04791666666666667 0.37083333333333335 0.05625 0.36875 0.06458333333333334 0.36666666666666664 0.07083333333333333 0.3645833333333333 0.07916666666666666 0.3625 0.0875 0.3625 0.09583333333333334 0.36875 0.10208333333333333 0.37083333333333335 0.10833333333333334 0.375 0.11666666666666667 0.38125 0.12083333333333333 0.4083333333333333 0.12083333333333333 0.41458333333333336 0.11875 0.425 0.11041666666666666 0.4375 0.09791666666666667 0.4395833333333333 0.09375 0.4395833333333333 0.08125 0.4375 0.07291666666666667 0.4354166666666667 0.07083333333333333 0.4354166666666667 0.058333333333333334 0.43333333333333335 0.05416666666666667 0.425 0.04583333333333333
0 0.4375 0.13958333333333334 0.43333333333333335 0.14166666666666666 0.4270833333333333 0.14166666666666666 0.41875 0.15 0.4125 0.15208333333333332 0.40625 0.15833333333333333 0.40208333333333335 0.16666666666666666 0.4 0.17291666666666666 0.4 0.17916666666666667 0.40208333333333335 0.1875 0.4041666666666667 0.19375 0.40625 0.19791666666666666 0.4125 0.20416666666666666 0.41875 0.20625 0.45 0.20625 0.4583333333333333 0.20208333333333334 0.4625 0.19791666666666666 0.46458333333333335 0.19375 0.4666666666666667 0.18541666666666667 0.4666666666666667 0.15416666666666667 0.46458333333333335 0.15 0.4583333333333333 0.14166666666666666 0.45208333333333334 0.14166666666666666
0 0.9208333333333333 0.7458333333333333 0.9125 0.75 0.9 0.7625 0.8979166666666667 0.78125 0.8979166666666667 0.7895833333333333 0.9 0.79375 0.9041666666666667 0.7979166666666667 0.9125 0.8 0.9229166666666667 0.8 0.9291666666666667 0.7958333333333333 0.9333333333333333 0.7958333333333333 0.9395833333333333 0.7916666666666666 0.94375 0.7791666666666667 0.94375 0.7625 0.9416666666666667 0.7541666666666667 0.9395833333333333 0.75 0.9354166666666667 0.7479166666666667 0.9291666666666667 0.7458333333333333
0 0.9604166666666667 0.7333333333333333 0.9520833333333333 0.7354166666666667 0.9479166666666666 0.7375 0.9416666666666667 0.7416666666666667 0.9416666666666667 0.75 0.94375 0.7541666666666667 0.9458333333333333 0.7625 0.94375 0.78125 0.9458333333333333 0.7895833333333333 0.9645833333333333 0.7895833333333333 0.9708333333333333 0.7875 0.9770833333333333 0.78125 0.9791666666666666 0.7770833333333333 0.9791666666666666 0.75 0.975 0.74375 0.9708333333333333 0.7375 0.9666666666666667 0.7333333333333333
0 0.5041666666666667 0.0020833333333333333 0.5020833333333333 0.00625 0.5020833333333333 0.029166666666666667 0.50625 0.0375 0.5145833333333333 0.04583333333333333 0.5208333333333334 0.04791666666666667 0.5416666666666666 0.04791666666666667 0.5479166666666667 0.04375 0.5520833333333334 0.04375 0.5625 0.03333333333333333 0.5666666666666667 0.027083333333333334 0.5708333333333333 0.01875 0.5708333333333333 0.014583333333333334 0.5666666666666667 0.010416666666666666 0.5645833333333333 0.00625 0.5645833333333333 0
0 0.5 0.052083333333333336 0.49375 0.05416666666666667 0.48125 0.06041666666666667 0.46875 0.07083333333333333 0.46458333333333335 0.075 0.45625 0.09166666666666666 0.45625 0.1 0.4583333333333333 0.10625 0.46458333333333335 0.11666666666666667 0.4666666666666667 0.12291666666666666 0.47291666666666665 0.125 0.4791666666666667 0.13125 0.48333333333333334 0.13333333333333333 0.4895833333333333 0.13541666666666666 0.5083333333333333 0.13541666666666666 0.5125 0.13333333333333333 0.5229166666666667 0.12291666666666666 0.5270833333333333 0.11666666666666667 0.5291666666666667 0.1125 0.5291666666666667 0.10833333333333334 0.5333333333333333 0.1 0.5354166666666667 0.09583333333333334 0.53125 0.09166666666666666 0.5291666666666667 0.0875 0.5270833333333333 0.08125 0.5270833333333333 0.06458333333333334 0.5208333333333334 0.06041666666666667 0.5145833333333333 0.05625 0.5104166666666666 0.05416666666666667 0.5041666666666667 0.052083333333333336
0 0.5479166666666667 0.04583333333333333 0.5354166666666667 0.052083333333333336 0.53125 0.05625 0.5291666666666667 0.06041666666666667 0.5291666666666667 0.08125 0.53125 0.0875 0.5333333333333333 0.09166666666666666 0.5375 0.09583333333333334 0.5416666666666666 0.09791666666666667 0.5479166666666667 0.1 0.5541666666666667 0.10208333333333333 0.5645833333333333 0.10208333333333333 0.5645833333333333 0.09583333333333334 0.5666666666666667 0.09166666666666666 0.5708333333333333 0.0875 0.5791666666666667 0.08125 0.5854166666666667 0.07708333333333334 0.5833333333333334 0.06666666666666667 0.5791666666666667 0.058333333333333334 0.56875 0.04791666666666667 0.5645833333333333 0.04583333333333333
0 0.15625 0.1 0.13958333333333334 0.10833333333333334 0.13125 0.11666666666666667 0.125 0.11875 0.11458333333333333 0.12916666666666668 0.11041666666666666 0.1375 0.11041666666666666 0.14166666666666666 0.1125 0.15 0.11458333333333333 0.15208333333333332 0.11458333333333333 0.17083333333333334 0.11875 0.175 0.12708333333333333 0.18125 0.13541666666666666 0.18541666666666667 0.14166666666666666 0.1875 0.16041666666666668 0.1875 0.16666666666666666 0.18541666666666667 0.175 0.18125 0.18333333333333332 0.17291666666666666 0.18958333333333333 0.17083333333333334 0.19375 0.16666666666666666 0.2 0.16458333333333333 0.20208333333333334 0.12708333333333333 0.2 0.12291666666666666 0.19583333333333333 0.11875 0.19166666666666668 0.11458333333333333 0.1875 0.11041666666666666 0.18333333333333332 0.10416666666666667 0.17916666666666667 0.10208333333333333 0.16666666666666666 0.1
0 0.09791666666666667 0.0020833333333333333 0.09583333333333334 0.010416666666666666 0.09583333333333334 0.01875 0.1 0.025 0.1 0.03333333333333333 0.10208333333333333 0.03958333333333333 0.11458333333333333 0.03958333333333333 0.12916666666666668 0.041666666666666664 0.13541666666666666 0.04583333333333333 0.13958333333333334 0.04791666666666667 0.14166666666666666 0.04375 0.14166666666666666 0.03958333333333333 0.14791666666666667 0.027083333333333334 0.15625 0.020833333333333332 0.15833333333333333 0.014583333333333334 0.15625 0
0 0 0 0 0.014583333333333334 0.004166666666666667 0.016666666666666666 0.010416666666666666 0.020833333333333332 0.022916666666666665 0.020833333333333332 0.027083333333333334 0.016666666666666666 0.03125 0.010416666666666666 0.03333333333333333 0.00625 0.0375 0
0 0.04791666666666667 0 0.041666666666666664 0.0020833333333333333 0.029166666666666667 0.014583333333333334 0.025 0.020833333333333332 0.022916666666666665 0.027083333333333334 0.022916666666666665 0.03333333333333333 0.025 0.041666666666666664 0.025 0.058333333333333334 0.03333333333333333 0.075 0.04375 0.07708333333333334 0.058333333333333334 0.075 0.06041666666666667 0.07083333333333333 0.06458333333333334 0.06041666666666667 0.07708333333333334 0.04791666666666667 0.08125 0.04583333333333333 0.0875 0.04375 0.09583333333333334 0.041666666666666664 0.09583333333333334 0.029166666666666667 0.09375 0.022916666666666665 0.08958333333333333 0.014583333333333334 0.08333333333333333 0.008333333333333333 0.075 0.004166666666666667 0.06875 0.0020833333333333333 0.05625 0
0 0 0.016666666666666666 0 0.08958333333333333 0.004166666666666667 0.0875 0.010416666666666666 0.08541666666666667 0.016666666666666666 0.07916666666666666 0.020833333333333332 0.07291666666666667 0.020833333333333332 0.03333333333333333 0.016666666666666666 0.025 0.010416666666666666 0.022916666666666665 0.00625 0.01875
0 0.04583333333333333 0.07708333333333334 0.0375 0.07916666666666666 0.03125 0.08125 0.025 0.08333333333333333 0.010416666666666666 0.09166666666666666 0.00625 0.09375 0.008333333333333333 0.09791666666666667 0.0125 0.10208333333333333 0.016666666666666666 0.11041666666666666 0.016666666666666666 0.12916666666666668 0.022916666666666665 0.13541666666666666 0.027083333333333334 0.1375 0.03125 0.1375 0.035416666666666666 0.13958333333333334 0.03958333333333333 0.13541666666666666 0.04583333333333333 0.12708333333333333 0.052083333333333336 0.12291666666666666 0.05416666666666667 0.12291666666666666 0.06041666666666667 0.11666666666666667 0.058333333333333334 0.1125 0.05416666666666667 0.10625 0.05625 0.08541666666666667 0.05625 0.07708333333333334
0 0.09583333333333334 0.04375 0.0875 0.04583333333333333 0.08125 0.04791666666666667 0.07708333333333334 0.05 0.06666666666666667 0.06041666666666667 0.06041666666666667 0.07291666666666667 0.058333333333333334 0.07916666666666666 0.05625 0.0875 0.05625 0.10625 0.058333333333333334 0.11041666666666666 0.06041666666666667 0.11458333333333333 0.06458333333333334 0.11666666666666667 0.06875 0.11666666666666667 0.075 0.11875 0.08125 0.12083333333333333 0.0875 0.125 0.09375 0.12708333333333333 0.1 0.12916666666666668 0.10833333333333334 0.12916666666666668 0.11458333333333333 0.12708333333333333 0.125 0.11666666666666667 0.13125 0.11458333333333333 0.1375 0.10833333333333334 0.14166666666666666 0.10208333333333333 0.14583333333333334 0.09375 0.14791666666666667 0.08125 0.14791666666666667 0.06875 0.14583333333333334 0.0625 0.12916666666666668 0.04375
0 0.014583333333333334 0.14791666666666667 0.0125 0.15208333333333332 0.0125 0.15625 0.010416666666666666 0.16041666666666668 0.004166666666666667 0.16666666666666666 0 0.17291666666666666 0 0.21458333333333332 0.004166666666666667 0.21458333333333332 0.022916666666666665 0.21666666666666667 0.025 0.21875 0.029166666666666667 0.21875 0.03333333333333333 0.21666666666666667 0.03333333333333333 0.21041666666666667 0.03958333333333333 0.20208333333333334 0.04375 0.19791666666666666 0.05416666666666667 0.19791666666666666 0.052083333333333336 0.19166666666666668 0.04583333333333333 0.18958333333333333 0.03958333333333333 0.18333333333333332 0.035416666666666666 0.17708333333333334 0.03333333333333333 0.17291666666666666 0.03333333333333333 0.1625 0.029166666666666667 0.15208333333333332 0.025 0.15
0 0 0.09166666666666666 0 0.17083333333333334 0.0020833333333333333 0.16666666666666666 0.00625 0.1625 0.010416666666666666 0.15625 0.0125 0.15 0.014583333333333334 0.13958333333333334 0.014583333333333334 0.11041666666666666 0.010416666666666666 0.10208333333333333
0 0.04375 0.20208333333333334 0.035416666666666666 0.21041666666666667 0.035416666666666666 0.22083333333333333 0.04583333333333333 0.23333333333333334 0.05625 0.23541666666666666 0.06458333333333334 0.23333333333333334 0.06041666666666667 0.22916666666666666 0.058333333333333334 0.22291666666666668 0.06041666666666667 0.20833333333333334 0.058333333333333334 0.20208333333333334
0 0.01875 0.21875 0.0125 0.22083333333333333 0.004166666666666667 0.225 0 0.22916666666666666 0 0.26666666666666666 0.00625 0.27291666666666664 0.010416666666666666 0.27708333333333335 0.01875 0.27708333333333335 0.022916666666666665 0.27708333333333335 0.029166666666666667 0.275 0.035416666666666666 0.27291666666666664 0.04375 0.26458333333333334 0.04375 0.2604166666666667 0.041666666666666664 0.24583333333333332 0.041666666666666664 0.22916666666666666 0.035416666666666666 0.22708333333333333 0.03125 0.22291666666666668 0.022916666666666665 0.21875
0 0.05 0.2375 0.04583333333333333 0.24166666666666667 0.04375 0.24583333333333332 0.04375 0.25833333333333336 0.052083333333333336 0.26666666666666666 0.05625 0.26875 0.0625 0.26875 0.06875 0.26875 0.08333333333333333 0.25625 0.08541666666666667 0.25 0.07916666666666666 0.25 0.07291666666666667 0.24166666666666667 0.06875 0.2375
0 0 0.3020833333333333 0 0.36041666666666666 0.014583333333333334 0.35833333333333334 0.016666666666666666 0.3541666666666667 0.01875 0.35 0.01875 0.3333333333333333 0.0125 0.325 0.008333333333333333 0.32083333333333336 0.004166666666666667 0.3125 0.004166666666666667 0.30625
0 0.04375 0.2708333333333333 0.0375 0.27291666666666664 0.03125 0.275 0.025 0.27708333333333335 0.020833333333333332 0.2791666666666667 0.0125 0.2875 0.008333333333333333 0.29583333333333334 0.00625 0.30416666666666664 0.00625 0.3125 0.010416666666666666 0.32083333333333336 0.014583333333333334 0.32708333333333334 0.020833333333333332 0.3333333333333333 0.025 0.33541666666666664 0.029166666666666667 0.3375 0.03333333333333333 0.33541666666666664 0.0375 0.33125 0.04375 0.32708333333333334 0.04791666666666667 0.325 0.06458333333333334 0.325 0.07708333333333334 0.3125 0.06875 0.30625 0.06458333333333334 0.29791666666666666 0.0625 0.2916666666666667 0.06458333333333334 0.2791666666666667 0.06458333333333334 0.27291666666666664 0.06041666666666667 0.2708333333333333
0 0.13125 0.5666666666666667 0.11875 0.5708333333333333 0.11458333333333333 0.5791666666666667 0.1125 0.5854166666666667 0.11041666666666666 0.5958333333333333 0.1125 0.6041666666666666 0.11666666666666667 0.6083333333333333 0.125 0.6125 0.13125 0.6145833333333334 0.14375 0.6145833333333334 0.14791666666666667 0.6125 0.15625 0.6041666666666666 0.1625 0.5916666666666667 0.1625 0.5854166666666667 0.16041666666666668 0.5791666666666667 0.14791666666666667 0.56875 0.13958333333333334 0.5666666666666667
0 0.1125 0.6229166666666667 0.10625 0.625 0.1 0.63125 0.09166666666666666 0.6416666666666667 0.08958333333333333 0.6458333333333334 0.08958333333333333 0.6520833333333333 0.09166666666666666 0.6583333333333333 0.09375 0.6625 0.1 0.66875 0.10833333333333334 0.6729166666666667 0.1125 0.6729166666666667 0.12083333333333333 0.6708333333333333 0.12291666666666666 0.6729166666666667 0.12708333333333333 0.6729166666666667 0.12708333333333333 0.6666666666666666 0.12916666666666668 0.6604166666666667 0.13333333333333333 0.6541666666666667 0.1375 0.6479166666666667 0.14375 0.6416666666666667 0.14375 0.6333333333333333 0.14166666666666666 0.6270833333333333 0.1375 0.625 0.12916666666666668 0.6229166666666667
0 0.07291666666666667 0.56875 0.058333333333333334 0.5708333333333333 0.04791666666666667 0.58125 0.04583333333333333 0.5854166666666667 0.04583333333333333 0.5895833333333333 0.04791666666666667 0.5979166666666667 0.0375 0.6166666666666667 0.0375 0.6208333333333333 0.03958333333333333 0.6291666666666667 0.041666666666666664 0.6333333333333333 0.04583333333333333 0.6395833333333333 0.05416666666666667 0.6416666666666667 0.06041666666666667 0.6395833333333333 0.06458333333333334 0.6395833333333333 0.075 0.6458333333333334 0.08125 0.6458333333333334 0.0875 0.64375 0.09791666666666667 0.6333333333333333 0.10625 0.6229166666666667 0.11041666666666666 0.6145833333333334 0.11041666666666666 0.5979166666666667 0.10833333333333334 0.59375 0.10416666666666667 0.5875 0.08958333333333333 0.5729166666666666 0.08541666666666667 0.5708333333333333 0.07916666666666666 0.56875
0 0.06041666666666667 0.6416666666666667 0.05416666666666667 0.64375 0.04583333333333333 0.6479166666666667 0.03958333333333333 0.6520833333333333 0.03333333333333333 0.6583333333333333 0.03125 0.6625 0.03125 0.68125 0.03333333333333333 0.6854166666666667 0.0375 0.6895833333333333 0.041666666666666664 0.6895833333333333 0.052083333333333336 0.6875 0.06041666666666667 0.6854166666666667 0.0625 0.6833333333333333 0.07083333333333333 0.6833333333333333 0.07916666666666666 0.68125 0.08125 0.6770833333333334 0.08125 0.6583333333333333 0.07708333333333334 0.65 0.07291666666666667 0.6458333333333334 0.06458333333333334 0.6416666666666667
0 0.11458333333333333 0.6729166666666667 0.10833333333333334 0.675 0.10416666666666667 0.6791666666666667 0.10208333333333333 0.6854166666666667 0.09791666666666667 0.6916666666666667 0.1 0.6958333333333333 0.10416666666666667 0.7 0.11041666666666666 0.7125 0.11041666666666666 0.7166666666666667 0.11458333333333333 0.7208333333333333 0.11875 0.7208333333333333 0.125 0.71875 0.12916666666666668 0.7166666666666667 0.13958333333333334 0.70625 0.1375 0.7020833333333333 0.13125 0.6958333333333333 0.12916666666666668 0.6916666666666667 0.12708333333333333 0.6854166666666667 0.12708333333333333 0.675 0.12291666666666666 0.675
0 0.1625 0.60625 0.15833333333333333 0.6104166666666667 0.15208333333333332 0.61875 0.14791666666666667 0.625 0.14583333333333334 0.6291666666666667 0.14583333333333334 0.6333333333333333 0.14791666666666667 0.6375 0.175 0.6395833333333333 0.18333333333333332 0.6458333333333334 0.1875 0.6354166666666666 0.1875 0.6270833333333333 0.18333333333333332 0.61875 0.17083333333333334 0.60625
0 0.20833333333333334 0.6395833333333333 0.20416666666666666 0.6416666666666667 0.2 0.64375 0.19791666666666666 0.6479166666666667 0.19583333333333333 0.6520833333333333 0.20625 0.6604166666666667 0.21041666666666667 0.66875 0.21041666666666667 0.6833333333333333 0.21458333333333332 0.6854166666666667 0.225 0.6854166666666667 0.22916666666666666 0.6833333333333333 0.23333333333333334 0.6791666666666667 0.23958333333333334 0.6666666666666666 0.24166666666666667 0.6625 0.2375 0.6604166666666667 0.23125 0.6583333333333333 0.225 0.6520833333333333 0.21875 0.64375 0.21458333333333332 0.6395833333333333
0 0.15 0.6416666666666667 0.14375 0.64375 0.13958333333333334 0.6479166666666667 0.13541666666666666 0.6541666666666667 0.12916666666666668 0.6666666666666666 0.12916666666666668 0.6854166666666667 0.13125 0.6916666666666667 0.15208333333333332 0.7125 0.16041666666666668 0.7166666666666667 0.16875 0.71875 0.17708333333333334 0.71875 0.18541666666666667 0.7145833333333333 0.2 0.7 0.20416666666666666 0.69375 0.20833333333333334 0.6854166666666667 0.20833333333333334 0.6708333333333333 0.20625 0.6645833333333333 0.19583333333333333 0.6541666666666667 0.18958333333333333 0.65 0.17291666666666666 0.6416666666666667
0 0.13125 0.7291666666666666 0.12291666666666666 0.7333333333333333 0.11666666666666667 0.7395833333333334 0.11458333333333333 0.74375 0.1125 0.75 0.1125 0.76875 0.11458333333333333 0.775 0.11875 0.775 0.13541666666666666 0.7770833333333333 0.1375 0.7791666666666667 0.14583333333333334 0.7791666666666667 0.15833333333333333 0.7645833333333333 0.1625 0.7583333333333333 0.16458333333333333 0.7541666666666667 0.16458333333333333 0.7479166666666667 0.1625 0.7416666666666667 0.15208333333333332 0.7291666666666666
0 0 0.63125 0 0.73125 0.00625 0.7270833333333333 0.010416666666666666 0.725 0.014583333333333334 0.7208333333333333 0.01875 0.7145833333333333 0.025 0.7020833333333333 0.027083333333333334 0.69375 0.029166666666666667 0.6833333333333333 0.029166666666666667 0.6666666666666666 0.025 0.6604166666666667 0.025 0.65625 0.022916666666666665 0.6520833333333333 0.01875 0.6458333333333334 0.010416666666666666 0.6375 0.004166666666666667 0.6333333333333333
0 0.1125 0.31875 0.10625 0.3229166666666667 0.10208333333333333 0.3229166666666667 0.09583333333333334 0.32708333333333334 0.09166666666666666 0.32708333333333334 0.075 0.33541666666666664 0.07083333333333333 0.33958333333333335 0.06666666666666667 0.35 0.0625 0.3541666666666667 0.058333333333333334 0.3625 0.058333333333333334 0.36875 0.06041666666666667 0.3770833333333333 0.0625 0.38125 0.06875 0.3875 0.07291666666666667 0.39166666666666666 0.07708333333333334 0.3958333333333333 0.08541666666666667 0.4 0.09375 0.40208333333333335 0.11875 0.40208333333333335 0.11875 0.39791666666666664 0.11875 0.375 0.125 0.37083333333333335 0.13333333333333333 0.3645833333333333 0.1375 0.3625 0.14375 0.36041666666666666 0.14791666666666667 0.36041666666666666 0.14791666666666667 0.34791666666666665 0.14375 0.3458333333333333 0.14166666666666666 0.33958333333333335 0.14166666666666666 0.33541666666666664 0.1375 0.32916666666666666 0.1375 0.325 0.13333333333333333 0.32083333333333336 0.12708333333333333 0.31875
0 0.17083333333333334 0.28125 0.16041666666666668 0.2833333333333333 0.15416666666666667 0.28541666666666665 0.14583333333333334 0.28958333333333336 0.14166666666666666 0.29375 0.1375 0.30416666666666664 0.13333333333333333 0.30833333333333335 0.13333333333333333 0.3125 0.13541666666666666 0.31875 0.13958333333333334 0.325 0.13958333333333334 0.32916666666666666 0.14375 0.33541666666666664 0.14583333333333334 0.3416666666666667 0.14583333333333334 0.3458333333333333 0.15 0.3458333333333333 0.17083333333333334 0.34375 0.17708333333333334 0.3416666666666667 0.1875 0.33125 0.18958333333333333 0.32708333333333334 0.18958333333333333 0.3104166666666667 0.19791666666666666 0.29583333333333334 0.19791666666666666 0.2875 0.19375 0.28541666666666665 0.18541666666666667 0.28125
0 0.2604166666666667 0.9854166666666667 0.24791666666666667 0.9916666666666667 0.24166666666666667 0.9979166666666667 0.29791666666666666 0.9979166666666667 0.29583333333333334 0.99375 0.2916666666666667 0.9895833333333334 0.2833333333333333 0.9875 0.26875 0.9854166666666667
0 0.10833333333333334 0.7770833333333333 0.10208333333333333 0.78125 0.09583333333333334 0.7833333333333333 0.09375 0.7875 0.09166666666666666 0.7916666666666666 0.09166666666666666 0.7958333333333333 0.08958333333333333 0.8 0.0875 0.8041666666666667 0.09166666666666666 0.8104166666666667 0.09791666666666667 0.81875 0.10208333333333333 0.8229166666666666 0.10625 0.825 0.1125 0.825 0.11875 0.825 0.13333333333333333 0.81875 0.1375 0.8145833333333333 0.14791666666666667 0.8104166666666667 0.15208333333333332 0.7979166666666667 0.15208333333333332 0.7895833333333333 0.15 0.7854166666666667 0.14583333333333334 0.78125 0.13541666666666666 0.7791666666666667 0.11666666666666667 0.7770833333333333
0 0.08125 0.8104166666666667 0.075 0.8104166666666667 0.06666666666666667 0.8125 0.058333333333333334 0.8166666666666667 0.052083333333333336 0.83125 0.052083333333333336 0.8375 0.052083333333333336 0.8416666666666667 0.05416666666666667 0.85 0.05625 0.85625 0.0625 0.8625 0.06875 0.86875 0.08333333333333333 0.8666666666666667 0.09375 0.8645833333333334 0.1 0.8583333333333333 0.10208333333333333 0.85 0.10416666666666667 0.8333333333333334 0.10416666666666667 0.8270833333333333 0.08541666666666667 0.8083333333333333
0 0.08541666666666667 0.8666666666666667 0.07083333333333333 0.86875 0.06041666666666667 0.8791666666666667 0.058333333333333334 0.8895833333333333 0.058333333333333334 0.9 0.08125 0.9229166666666667 0.08958333333333333 0.9229166666666667 0.09791666666666667 0.9208333333333333 0.11458333333333333 0.9041666666666667 0.11458333333333333 0.8854166666666666 0.10625 0.875 0.09791666666666667 0.8666666666666667
0 0.09791666666666667 0.9666666666666667 0.08541666666666667 0.96875 0.07708333333333334 0.9770833333333333 0.07708333333333334 0.9895833333333334 0.07916666666666666 0.9979166666666667 0.12291666666666666 0.9979166666666667 0.12291666666666666 0.9895833333333334 0.12291666666666666 0.9833333333333333 0.12083333333333333 0.9791666666666666 0.10833333333333334 0.9666666666666667
0 0.35833333333333334 0.9208333333333333 0.34791666666666665 0.9270833333333334 0.3416666666666667 0.9291666666666667 0.33958333333333335 0.9354166666666667 0.32916666666666666 0.9541666666666667 0.32916666666666666 0.9729166666666667 0.3333333333333333 0.99375 0.33958333333333335 0.9979166666666667 0.3854166666666667 0.9979166666666667 0.39791666666666664 0.9854166666666667 0.4041666666666667 0.9729166666666667 0.4041666666666667 0.9541666666666667 0.39791666666666664 0.9416666666666667 0.39166666666666666 0.9354166666666667 0.37916666666666665 0.925 0.3729166666666667 0.9208333333333333
0 0.925 0.9875 0.9166666666666666 0.9916666666666667 0.9104166666666667 0.9958333333333333 0.90625 0.9979166666666667 0.95625 0.9979166666666667 0.9541666666666667 0.99375 0.95 0.9895833333333334 0.9458333333333333 0.9875
0 0.8166666666666667 0.95625 0.8125 0.9583333333333334 0.80625 0.9645833333333333 0.8 0.96875 0.79375 0.975 0.7916666666666666 0.98125 0.7895833333333333 0.9895833333333334 0.7916666666666666 0.9979166666666667 0.8833333333333333 0.9979166666666667 0.8833333333333333 0.9729166666666667 0.8770833333333333 0.9645833333333333 0.86875 0.95625
0 0.7333333333333333 0.8770833333333333 0.7145833333333333 0.8791666666666667 0.7145833333333333 0.8854166666666666 0.7125 0.8916666666666667 0.7083333333333334 0.8979166666666667 0.7041666666666667 0.9020833333333333 0.7020833333333333 0.9083333333333333 0.6979166666666666 0.9125 0.69375 0.91875 0.6958333333333333 0.9229166666666667 0.7041666666666667 0.93125 0.7125 0.9416666666666667 0.7125 0.94375 0.7166666666666667 0.9479166666666666 0.725 0.95 0.7375 0.9520833333333333 0.74375 0.9520833333333333 0.7479166666666667 0.95 0.7541666666666667 0.9458333333333333 0.7604166666666666 0.9416666666666667 0.76875 0.9354166666666667 0.775 0.93125 0.7791666666666667 0.91875 0.7791666666666667 0.9104166666666667 0.7479166666666667 0.8791666666666667 0.74375 0.8770833333333333
0 0.6583333333333333 0.8416666666666667 0.6541666666666667 0.8458333333333333 0.6458333333333334 0.8520833333333333 0.64375 0.8520833333333333 0.6354166666666666 0.8583333333333333 0.63125 0.8666666666666667 0.6291666666666667 0.875 0.6270833333333333 0.8854166666666666 0.6270833333333333 0.8895833333333333 0.6291666666666667 0.89375 0.6354166666666666 0.9020833333333333 0.6416666666666667 0.9104166666666667 0.6479166666666667 0.91875 0.6583333333333333 0.9229166666666667 0.6729166666666667 0.925 0.6791666666666667 0.925 0.6916666666666667 0.91875 0.6958333333333333 0.9145833333333333 0.7 0.9083333333333333 0.7020833333333333 0.9020833333333333 0.70625 0.8979166666666667 0.7104166666666667 0.8916666666666667 0.7125 0.8854166666666666 0.7125 0.8791666666666667 0.7125 0.875 0.7083333333333334 0.8666666666666667 0.6895833333333333 0.8479166666666667 0.6833333333333333 0.8458333333333333 0.6729166666666667 0.84375 0.6625 0.8416666666666667
0 0.55 0.9375 0.5395833333333333 0.9395833333333333 0.5354166666666667 0.94375 0.5291666666666667 0.9520833333333333 0.525 0.9583333333333334 0.5229166666666667 0.96875 0.5229166666666667 0.9791666666666666 0.5270833333333333 0.9854166666666667 0.5333333333333333 0.99375 0.5375 0.9979166666666667 0.575 0.9979166666666667 0.58125 0.9916666666666667 0.5854166666666667 0.9875 0.5895833333333333 0.9791666666666666 0.5895833333333333 0.975 0.5875 0.9645833333333333 0.5833333333333334 0.9520833333333333 0.5541666666666667 0.9375
0 0.5791666666666667 0.8854166666666666 0.5729166666666666 0.8895833333333333 0.56875 0.8895833333333333 0.55625 0.9020833333333333 0.5520833333333334 0.90625 0.55 0.9125 0.55 0.91875 0.55 0.925 0.5520833333333334 0.93125 0.58125 0.95 0.5854166666666667 0.9520833333333333 0.5895833333333333 0.9479166666666666 0.6020833333333333 0.9375 0.6041666666666666 0.9375 0.6104166666666667 0.93125 0.6125 0.9208333333333333 0.6125 0.9104166666666667 0.6104166666666667 0.90625 0.60625 0.9 0.6020833333333333 0.8958333333333334 0.5958333333333333 0.8895833333333333 0.5895833333333333 0.8875 0.5833333333333334 0.8854166666666666
0 0.5145833333333333 0.8520833333333333 0.5083333333333333 0.85625 0.5041666666666667 0.8604166666666667 0.4979166666666667 0.8666666666666667 0.49583333333333335 0.8729166666666667 0.49375 0.88125 0.49375 0.8854166666666666 0.49583333333333335 0.8916666666666667 0.4979166666666667 0.8958333333333334 0.5104166666666666 0.9083333333333333 0.525 0.9104166666666667 0.5354166666666667 0.9104166666666667 0.54375 0.90625 0.55 0.9020833333333333 0.5541666666666667 0.89375 0.55625 0.8833333333333333 0.55625 0.8791666666666667 0.5520833333333334 0.8708333333333333 0.5479166666666667 0.8666666666666667 0.5395833333333333 0.85625 0.5333333333333333 0.8541666666666666 0.5270833333333333 0.8520833333333333 0.5229166666666667 0.8520833333333333
0 0.4479166666666667 0.9291666666666667 0.42916666666666664 0.93125 0.42291666666666666 0.9375 0.41875 0.94375 0.41875 0.9541666666666667 0.42083333333333334 0.9666666666666667 0.4375 0.9833333333333333 0.44583333333333336 0.9854166666666667 0.45208333333333334 0.9854166666666667 0.4583333333333333 0.9833333333333333 0.4625 0.98125 0.4666666666666667 0.9770833333333333 0.47291666666666665 0.96875 0.475 0.9645833333333333 0.47708333333333336 0.9541666666666667 0.47708333333333336 0.9416666666666667 0.475 0.9375 0.4708333333333333 0.9333333333333333 0.4625 0.9291666666666667
0 0.0016458333333333333 0.7340833333333333 0.010708333333333332 0.7346874999999999 0.013729166666666666 0.74375 0.016145833333333335 0.7528125 0.019770833333333335 0.7612708333333333 0.019166666666666665 0.7703333333333333 0.010708333333333332 0.7739583333333333 0.0016458333333333333 0.7721458333333333 0 0.7713333333333333 0 0.7346041666666667
0 0.7604166666666666 0 0.7604166666666666 0.00625 0.7583333333333333 0.01875 0.75625 0.020833333333333332 0.75625 0.027083333333333334 0.7583333333333333 0.03125 0.7625 0.0375 0.7666666666666667 0.04375 0.7708333333333334 0.05 0.7791666666666667 0.05416666666666667 0.7916666666666666 0.05625 0.7958333333333333 0.05625 0.8229166666666666 0.029166666666666667 0.8229166666666666 0.022916666666666665 0.8208333333333333 0.014583333333333334 0.81875 0.00625 0.8166666666666667 0
0 0.4479166666666667 0.80625 0.4354166666666667 0.8125 0.43125 0.8166666666666667 0.42083333333333334 0.83125 0.42083333333333334 0.8395833333333333 0.42291666666666666 0.8479166666666667 0.43125 0.85625 0.44166666666666665 0.8645833333333334 0.45625 0.8666666666666667 0.46875 0.8666666666666667 0.47291666666666665 0.8645833333333334 0.4791666666666667 0.8604166666666667 0.48333333333333334 0.85625 0.4875 0.8479166666666667 0.4875 0.825 0.48125 0.8166666666666667 0.47291666666666665 0.8083333333333333 0.4583333333333333 0.80625
0 0.3333333333333333 0.7041666666666667 0.32708333333333334 0.7083333333333334 0.3145833333333333 0.71875 0.3104166666666667 0.7229166666666667 0.30833333333333335 0.73125 0.30625 0.7479166666666667 0.30625 0.7541666666666667 0.30833333333333335 0.7583333333333333 0.3125 0.7625 0.3145833333333333 0.76875 0.31875 0.775 0.3229166666666667 0.7791666666666667 0.33125 0.7833333333333333 0.35208333333333336 0.7833333333333333 0.35833333333333334 0.78125 0.3645833333333333 0.7791666666666667 0.37083333333333335 0.7770833333333333 0.3770833333333333 0.775 0.38125 0.7729166666666667 0.38333333333333336 0.76875 0.3854166666666667 0.7645833333333333 0.3854166666666667 0.7604166666666666 0.38958333333333334 0.7541666666666667 0.38958333333333334 0.73125 0.3770833333333333 0.7166666666666667 0.3645833333333333 0.7041666666666667
0 0.425 0.7208333333333333 0.4166666666666667 0.725 0.4125 0.7291666666666666 0.40625 0.73125 0.40208333333333335 0.7354166666666667 0.3958333333333333 0.7375 0.39166666666666666 0.7458333333333333 0.38958333333333334 0.7583333333333333 0.3875 0.7708333333333334 0.3875 0.7770833333333333 0.39166666666666666 0.7833333333333333 0.4 0.79375 0.41041666666666665 0.80625 0.41458333333333336 0.8104166666666667 0.4375 0.8104166666666667 0.44583333333333336 0.80625 0.45416666666666666 0.7979166666666667 0.46458333333333335 0.7854166666666667 0.46875 0.7791666666666667 0.4708333333333333 0.7645833333333333 0.4708333333333333 0.75 0.4666666666666667 0.7416666666666667 0.4625 0.7354166666666667 0.4583333333333333 0.73125 0.45 0.725 0.44583333333333336 0.7229166666666667 0.4354166666666667 0.7208333333333333
0 0.425 0.61875 0.40625 0.6291666666666667 0.40208333333333335 0.6291666666666667 0.3958333333333333 0.6354166666666666 0.39375 0.65 0.39375 0.6645833333333333 0.3958333333333333 0.66875 0.4 0.675 0.40625 0.6833333333333333 0.41458333333333336 0.6875 0.42291666666666666 0.6895833333333333 0.42916666666666664 0.6895833333333333 0.4354166666666667 0.6895833333333333 0.44166666666666665 0.6875 0.44583333333333336 0.6833333333333333 0.45625 0.675 0.4583333333333333 0.66875 0.46041666666666664 0.6625 0.4625 0.6541666666666667 0.46458333333333335 0.6479166666666667 0.46458333333333335 0.64375 0.46041666666666664 0.6354166666666666 0.45208333333333334 0.6270833333333333 0.44375 0.6208333333333333 0.43333333333333335 0.61875
0 0.39791666666666664 0.5395833333333333 0.39166666666666666 0.54375 0.38333333333333336 0.55 0.375 0.55625 0.37083333333333335 0.5604166666666667 0.36041666666666666 0.58125 0.36041666666666666 0.59375 0.3625 0.6041666666666666 0.3645833333333333 0.6083333333333333 0.38333333333333336 0.6270833333333333 0.40625 0.6270833333333333 0.4270833333333333 0.6166666666666667 0.43333333333333335 0.6104166666666667 0.4375 0.6041666666666666 0.4395833333333333 0.59375 0.44166666666666665 0.5729166666666666 0.44166666666666665 0.5645833333333333 0.42916666666666664 0.55 0.41875 0.5395833333333333
0 0.32916666666666666 0.50625 0.31666666666666665 0.5083333333333333 0.30833333333333335 0.5125 0.3020833333333333 0.5208333333333334 0.29583333333333334 0.5291666666666667 0.29375 0.5333333333333333 0.29375 0.54375 0.29583333333333334 0.55625 0.29791666666666666 0.5604166666666667 0.30416666666666664 0.56875 0.3104166666666667 0.5770833333333333 0.3229166666666667 0.58125 0.3416666666666667 0.5833333333333334 0.35208333333333336 0.58125 0.3541666666666667 0.575 0.35833333333333334 0.5708333333333333 0.3645833333333333 0.5583333333333333 0.3645833333333333 0.55 0.3625 0.5375 0.35 0.51875 0.34375 0.5125 0.3375 0.5083333333333333 0.3333333333333333 0.50625
0 0.26875 0.5583333333333333 0.24791666666666667 0.5604166666666667 0.24166666666666667 0.5645833333333333 0.23333333333333334 0.5708333333333333 0.22916666666666666 0.575 0.21666666666666667 0.6 0.21666666666666667 0.6375 0.21875 0.6416666666666667 0.225 0.65 0.22916666666666666 0.6541666666666667 0.24166666666666667 0.6604166666666667 0.275 0.6604166666666667 0.28125 0.6583333333333333 0.28958333333333336 0.6541666666666667 0.3 0.6458333333333334 0.30833333333333335 0.6375 0.3104166666666667 0.6291666666666667 0.3125 0.6166666666666667 0.3145833333333333 0.6020833333333333 0.3145833333333333 0.5895833333333333 0.3125 0.58125 0.30833333333333335 0.575 0.3020833333333333 0.5666666666666667 0.29791666666666666 0.5625 0.28958333333333336 0.5583333333333333
0 0.36041666666666666 0.35833333333333334 0.3458333333333333 0.3729166666666667 0.34375 0.3770833333333333 0.34375 0.38333333333333336 0.3458333333333333 0.3875 0.35 0.39166666666666666 0.35833333333333334 0.39791666666666664 0.3645833333333333 0.40208333333333335 0.3854166666666667 0.4 0.39166666666666666 0.39166666666666666 0.39375 0.3875 0.39375 0.37916666666666665 0.39166666666666666 0.36666666666666664 0.3875 0.3625 0.38125 0.35833333333333334
0 0.25 0 0.25625 0.00625 0.2625 0.008333333333333333 0.26666666666666666 0.0125 0.2708333333333333 0.014583333333333334 0.2791666666666667 0.014583333333333334 0.29583333333333334 0
0 0.25 0.00625 0.24375 0.014583333333333334 0.23125 0.020833333333333332 0.22291666666666668 0.020833333333333332 0.22291666666666668 0.0375 0.225 0.05 0.23125 0.05 0.2375 0.052083333333333336 0.24583333333333332 0.05625 0.25 0.06041666666666667 0.25833333333333336 0.06041666666666667 0.2625 0.058333333333333334 0.26875 0.05416666666666667 0.2708333333333333 0.04583333333333333 0.26875 0.03125 0.27291666666666664 0.025 0.27291666666666664 0.020833333333333332 0.2625 0.010416666666666666 0.25416666666666665 0.00625
0 0.21666666666666667 0.05 0.21041666666666667 0.052083333333333336 0.20208333333333334 0.05625 0.1875 0.07083333333333333 0.18541666666666667 0.075 0.18541666666666667 0.09791666666666667 0.1875 0.10625 0.19375 0.1125 0.19791666666666666 0.11666666666666667 0.20416666666666666 0.12291666666666666 0.20833333333333334 0.125 0.21666666666666667 0.11666666666666667 0.22083333333333333 0.11458333333333333 0.24166666666666667 0.11458333333333333 0.24583333333333332 0.1125 0.24791666666666667 0.10625 0.24791666666666667 0.10208333333333333 0.25 0.09375 0.25833333333333336 0.07916666666666666 0.25833333333333336 0.075 0.25625 0.07083333333333333 0.24166666666666667 0.05625 0.2375 0.05416666666666667 0.23125 0.052083333333333336 0.22291666666666668 0.05
0 0.27291666666666664 0.07291666666666667 0.26458333333333334 0.07708333333333334 0.25625 0.08541666666666667 0.2520833333333333 0.09375 0.25 0.10208333333333333 0.24791666666666667 0.10833333333333334 0.24791666666666667 0.11458333333333333 0.25416666666666665 0.12708333333333333 0.27291666666666664 0.14583333333333334 0.27708333333333335 0.13958333333333334 0.29375 0.13958333333333334 0.29791666666666666 0.1375 0.29791666666666666 0.125 0.3 0.11875 0.3020833333333333 0.11458333333333333 0.30625 0.10833333333333334 0.32083333333333336 0.09375 0.31666666666666665 0.08958333333333333 0.30625 0.08125 0.3020833333333333 0.08125 0.2875 0.07291666666666667
0 0.3 0 0.2916666666666667 0.004166666666666667 0.2833333333333333 0.0125 0.27708333333333335 0.020833333333333332 0.27291666666666664 0.027083333333333334 0.2708333333333333 0.03125 0.2708333333333333 0.04375 0.27291666666666664 0.05 0.275 0.058333333333333334 0.27708333333333335 0.0625 0.28541666666666665 0.07083333333333333 0.3020833333333333 0.07916666666666666 0.30625 0.07916666666666666 0.3125 0.08333333333333333 0.325 0.08333333333333333 0.3333333333333333 0.07916666666666666 0.33958333333333335 0.075 0.35625 0.058333333333333334 0.36041666666666666 0.05 0.36041666666666666 0.0375 0.35625 0.03125 0.35208333333333336 0.027083333333333334 0.35 0.022916666666666665 0.34791666666666665 0.014583333333333334 0.3458333333333333 0.0020833333333333333 0.3416666666666667 0
0 0.325 0.09583333333333334 0.31666666666666665 0.1 0.30833333333333335 0.10833333333333334 0.30416666666666664 0.11458333333333333 0.3020833333333333 0.11875 0.3 0.125 0.3 0.13958333333333334 0.3020833333333333 0.14583333333333334 0.30416666666666664 0.15416666666666667 0.30625 0.16041666666666668 0.30625 0.16875 0.3104166666666667 0.17291666666666666 0.3145833333333333 0.175 0.31875 0.175 0.325 0.17916666666666667 0.3375 0.17916666666666667 0.3458333333333333 0.17708333333333334 0.35208333333333336 0.175 0.35625 0.17291666666666666 0.3645833333333333 0.16458333333333333 0.375 0.15208333333333332 0.375 0.1375 0.37916666666666665 0.13125 0.3770833333333333 0.11875 0.36666666666666664 0.10208333333333333 0.3625 0.09791666666666667 0.35833333333333334 0.09583333333333334
0 0.8166666666666667 0.175 0.8104166666666667 0.17916666666666667 0.80625 0.17916666666666667 0.8020833333333334 0.18125 0.7916666666666666 0.19166666666666668 0.7854166666666667 0.20416666666666666 0.7854166666666667 0.22291666666666668 0.7875 0.22708333333333333 0.7916666666666666 0.23333333333333334 0.7979166666666667 0.24166666666666667 0.8208333333333333 0.24375 0.8333333333333334 0.2375 0.8375 0.23333333333333334 0.8479166666666667 0.22083333333333333 0.8520833333333333 0.21458333333333332 0.8520833333333333 0.19166666666666668 0.8479166666666667 0.18541666666666667 0.84375 0.18125 0.8395833333333333 0.17916666666666667 0.83125 0.17708333333333334 0.8229166666666666 0.175
0 0.39791666666666664 0.25416666666666665 0.38958333333333334 0.2625 0.38333333333333336 0.2708333333333333 0.38333333333333336 0.2916666666666667 0.3875 0.3 0.39166666666666666 0.30625 0.4041666666666667 0.3104166666666667 0.4125 0.3104166666666667 0.4166666666666667 0.30625 0.42291666666666666 0.29791666666666666 0.425 0.29375 0.425 0.28541666666666665 0.42291666666666666 0.27291666666666664 0.41875 0.26458333333333334 0.41458333333333336 0.25833333333333336 0.4041666666666667 0.25416666666666665
0 0.20208333333333334 0.5020833333333333 0.19583333333333333 0.5020833333333333 0.18333333333333332 0.5083333333333333 0.17916666666666667 0.5125 0.17291666666666666 0.525 0.17083333333333334 0.5333333333333333 0.17083333333333334 0.54375 0.17916666666666667 0.5604166666666667 0.18333333333333332 0.5645833333333333 0.19166666666666668 0.56875 0.20208333333333334 0.5708333333333333 0.21041666666666667 0.5708333333333333 0.22708333333333333 0.5625 0.23125 0.5604166666666667 0.23125 0.5541666666666667 0.23333333333333334 0.5416666666666666 0.23541666666666666 0.5395833333333333 0.23541666666666666 0.5333333333333333 0.23333333333333334 0.525 0.23125 0.51875 0.22291666666666668 0.5104166666666666 0.2125 0.5020833333333333 0.20833333333333334 0.5020833333333333
0 0.19375 0.43333333333333335 0.1875 0.4354166666666667 0.18333333333333332 0.4375 0.17083333333333334 0.4479166666666667 0.16041666666666668 0.4583333333333333 0.16041666666666668 0.4666666666666667 0.1625 0.475 0.16666666666666666 0.48125 0.175 0.49166666666666664 0.17916666666666667 0.49583333333333335 0.18333333333333332 0.49583333333333335 0.19166666666666668 0.4979166666666667 0.19375 0.5 0.20208333333333334 0.5 0.21041666666666667 0.4979166666666667 0.22708333333333333 0.48125 0.22916666666666666 0.475 0.23125 0.4666666666666667 0.23333333333333334 0.4583333333333333 0.23333333333333334 0.45416666666666666 0.23125 0.45 0.22708333333333333 0.44375 0.22291666666666668 0.4375 0.20833333333333334 0.43333333333333335
0 0.20416666666666666 0.36875 0.19583333333333333 0.3729166666666667 0.19166666666666668 0.375 0.19166666666666668 0.37916666666666665 0.18958333333333333 0.3875 0.1875 0.38958333333333334 0.1875 0.39375 0.19791666666666666 0.41458333333333336 0.21458333333333332 0.41875 0.22708333333333333 0.41875 0.23333333333333334 0.41458333333333336 0.24166666666666667 0.40625 0.24375 0.40208333333333335 0.24375 0.38958333333333334 0.24166666666666667 0.375 0.2375 0.3729166666666667 0.23333333333333334 0.3729166666666667 0.22708333333333333 0.37083333333333335 0.225 0.36875
0 0.19791666666666666 0.20833333333333334 0.17916666666666667 0.21041666666666667 0.16041666666666668 0.22916666666666666 0.15833333333333333 0.24583333333333332 0.15833333333333333 0.2604166666666667 0.17708333333333334 0.2791666666666667 0.21041666666666667 0.2791666666666667 0.21666666666666667 0.275 0.22708333333333333 0.26666666666666666 0.23125 0.2625 0.23333333333333334 0.25833333333333336 0.23541666666666666 0.2520833333333333 0.2375 0.24583333333333332 0.2375 0.23958333333333334 0.23541666666666666 0.23125 0.22916666666666666 0.21875 0.225 0.21458333333333332 0.21875 0.21041666666666667 0.21458333333333332 0.20833333333333334
0 0.35833333333333334 0.175 0.3416666666666667 0.18333333333333332 0.3375 0.18541666666666667 0.3375 0.19166666666666668 0.33541666666666664 0.20833333333333334 0.3333333333333333 0.21041666666666667 0.3333333333333333 0.21666666666666667 0.3375 0.22291666666666668 0.34375 0.23125 0.34791666666666665 0.23541666666666666 0.3541666666666667 0.2375 0.36666666666666664 0.23958333333333334 0.37083333333333335 0.23958333333333334 0.375 0.2375 0.38125 0.23333333333333334 0.3875 0.22708333333333333 0.39375 0.22083333333333333 0.3958333333333333 0.2125 0.39791666666666664 0.20416666666666666 0.39791666666666664 0.2 0.39166666666666666 0.1875 0.3875 0.18333333333333332 0.37083333333333335 0.175
0 0.29583333333333334 0.17916666666666667 0.2916666666666667 0.18125 0.2875 0.18333333333333332 0.28541666666666665 0.1875 0.28541666666666665 0.19375 0.2833333333333333 0.2 0.28125 0.20208333333333334 0.28125 0.20833333333333334 0.28125 0.21458333333333332 0.29791666666666666 0.22916666666666666 0.3125 0.22916666666666666 0.32083333333333336 0.225 0.325 0.22083333333333333 0.32916666666666666 0.21458333333333332 0.32916666666666666 0.1875 0.32083333333333336 0.17916666666666667
0 0.44583333333333336 0.09583333333333334 0.44166666666666665 0.09791666666666667 0.4354166666666667 0.10208333333333333 0.42291666666666666 0.1125 0.4166666666666667 0.12708333333333333 0.4270833333333333 0.13958333333333334 0.43333333333333335 0.13958333333333334 0.4375 0.1375 0.45 0.1375 0.46041666666666664 0.14166666666666666 0.46041666666666664 0.14375 0.4666666666666667 0.14375 0.475 0.13333333333333333 0.47291666666666665 0.12708333333333333 0.45625 0.10625 0.45416666666666666 0.1 0.45416666666666666 0.09583333333333334
0 0.9979166666666667 0.29791666666666666 0.9958333333333333 0.30625 0.99375 0.3229166666666667 0.9916666666666667 0.325 0.9916666666666667 0.33541666666666664 0.9958333333333333 0.3416666666666667 0.9979166666666667 0.3458333333333333
0 0.09375 0.2520833333333333 0.08541666666666667 0.25625 0.08125 0.2604166666666667 0.075 0.2625 0.07083333333333333 0.26666666666666666 0.06666666666666667 0.275 0.06458333333333334 0.28125 0.06458333333333334 0.2916666666666667 0.06666666666666667 0.29791666666666666 0.07083333333333333 0.30625 0.075 0.3104166666666667 0.09583333333333334 0.32083333333333336 0.1 0.32083333333333336 0.11041666666666666 0.31875 0.12083333333333333 0.31666666666666665 0.12708333333333333 0.3145833333333333 0.13125 0.3104166666666667 0.13541666666666666 0.30416666666666664 0.14166666666666666 0.2916666666666667 0.14166666666666666 0.28541666666666665 0.13958333333333334 0.275 0.13333333333333333 0.27291666666666664 0.12916666666666668 0.26875 0.125 0.25833333333333336 0.12083333333333333 0.25416666666666665 0.11666666666666667 0.2520833333333333 0.10625 0.25416666666666665 0.09791666666666667 0.2520833333333333
0 0.06041666666666667 0.12083333333333333 0.052083333333333336 0.125 0.04583333333333333 0.12916666666666668 0.041666666666666664 0.13333333333333333 0.0375 0.14166666666666666 0.0375 0.14583333333333334 0.03333333333333333 0.15208333333333332 0.03333333333333333 0.16041666666666668 0.035416666666666666 0.17083333333333334 0.0375 0.17708333333333334 0.041666666666666664 0.18333333333333332 0.04583333333333333 0.1875 0.05416666666666667 0.19166666666666668 0.06041666666666667 0.19375 0.06666666666666667 0.19583333333333333 0.07291666666666667 0.1875 0.07708333333333334 0.18333333333333332 0.08541666666666667 0.17708333333333334 0.08958333333333333 0.175 0.09583333333333334 0.17291666666666666 0.10625 0.17291666666666666 0.10833333333333334 0.16875 0.10833333333333334 0.16458333333333333 0.1125 0.15833333333333333 0.1125 0.15208333333333332 0.11041666666666666 0.14375 0.10833333333333334 0.1375 0.10625 0.13333333333333333 0.10208333333333333 0.13125 0.09791666666666667 0.12916666666666668 0.09166666666666666 0.12916666666666668 0.08125 0.12708333333333333 0.075 0.12291666666666666 0.06666666666666667 0.12083333333333333
0 0.15416666666666667 0.21875 0.14583333333333334 0.22083333333333333 0.13958333333333334 0.225 0.13333333333333333 0.23125 0.12916666666666668 0.2375 0.125 0.24583333333333332 0.125 0.2520833333333333 0.12708333333333333 0.2604166666666667 0.14166666666666666 0.275 0.16875 0.275 0.1625 0.26875 0.15416666666666667 0.2625 0.15416666666666667 0.25416666666666665 0.15625 0.2375 0.15833333333333333 0.22708333333333333 0.1625 0.22291666666666668 0.16458333333333333 0.21875
0 0.09583333333333334 0.175 0.08958333333333333 0.17708333333333334 0.08333333333333333 0.18125 0.06666666666666667 0.19791666666666666 0.0625 0.20416666666666666 0.06041666666666667 0.21041666666666667 0.06041666666666667 0.22291666666666668 0.0625 0.22916666666666666 0.075 0.24375 0.07916666666666666 0.24791666666666667 0.09166666666666666 0.24791666666666667 0.09791666666666667 0.25 0.1 0.2520833333333333 0.10625 0.2520833333333333 0.11458333333333333 0.25 0.12291666666666666 0.23958333333333334 0.14166666666666666 0.22083333333333333 0.14583333333333334 0.2125 0.14583333333333334 0.20625 0.14375 0.19791666666666666 0.13958333333333334 0.19166666666666668 0.13333333333333333 0.18541666666666667 0.12083333333333333 0.17916666666666667 0.11458333333333333 0.17708333333333334 0.10625 0.175
0 0.25833333333333336 0.5041666666666667 0.2520833333333333 0.50625 0.24375 0.5104166666666666 0.23541666666666666 0.5166666666666667 0.23333333333333334 0.5229166666666667 0.23541666666666666 0.53125 0.2375 0.5333333333333333 0.2375 0.5395833333333333 0.23541666666666666 0.5520833333333334 0.23333333333333334 0.5541666666666667 0.23333333333333334 0.5625 0.23541666666666666 0.5666666666666667 0.23958333333333334 0.5645833333333333 0.24583333333333332 0.5583333333333333 0.25 0.55625 0.29375 0.55625 0.2916666666666667 0.5270833333333333 0.28958333333333336 0.5208333333333334 0.28541666666666665 0.5125 0.2791666666666667 0.50625 0.275 0.5041666666666667
0 0.35833333333333334 0.6291666666666667 0.35208333333333336 0.6354166666666666 0.34791666666666665 0.6375 0.33958333333333335 0.6395833333333333 0.33125 0.6375 0.32708333333333334 0.6375 0.325 0.6416666666666667 0.3229166666666667 0.6479166666666667 0.31875 0.6520833333333333 0.31666666666666665 0.65625 0.3145833333333333 0.6625 0.3145833333333333 0.6791666666666667 0.3229166666666667 0.69375 0.3229166666666667 0.6979166666666666 0.32708333333333334 0.7041666666666667 0.3333333333333333 0.7 0.34791666666666665 0.7 0.3729166666666667 0.7041666666666667 0.375 0.7 0.375 0.69375 0.37916666666666665 0.6875 0.38125 0.6791666666666667 0.38125 0.6541666666666667 0.3770833333333333 0.6458333333333334 0.3645833333333333 0.6333333333333333
0 0.9229166666666667 0.2791666666666667 0.9166666666666666 0.28125 0.9104166666666667 0.2833333333333333 0.90625 0.28541666666666665 0.8958333333333334 0.29375 0.8875 0.3020833333333333 0.88125 0.3145833333333333 0.88125 0.3333333333333333 0.8833333333333333 0.3375 0.8875 0.34375 0.8916666666666667 0.35 0.8958333333333334 0.35625 0.9 0.3625 0.9083333333333333 0.36666666666666664 0.91875 0.36875 0.9291666666666667 0.37083333333333335 0.9354166666666667 0.37083333333333335 0.9416666666666667 0.36875 0.9479166666666666 0.36666666666666664 0.9520833333333333 0.3645833333333333 0.9645833333333333 0.35208333333333336 0.9708333333333333 0.33958333333333335 0.9708333333333333 0.3104166666666667 0.9645833333333333 0.30416666666666664 0.9520833333333333 0.29375 0.9458333333333333 0.28541666666666665 0.9458333333333333 0.2833333333333333 0.9333333333333333 0.2791666666666667
0 0.05416666666666667 0.32708333333333334 0.04583333333333333 0.32916666666666666 0.0375 0.3333333333333333 0.03333333333333333 0.3375 0.029166666666666667 0.3458333333333333 0.029166666666666667 0.36041666666666666 0.035416666666666666 0.3625 0.03958333333333333 0.36666666666666664 0.04583333333333333 0.375 0.04791666666666667 0.38125 0.04791666666666667 0.3875 0.05 0.39166666666666666 0.06875 0.39166666666666666 0.06666666666666667 0.3875 0.06041666666666667 0.38125 0.058333333333333334 0.3770833333333333 0.05625 0.36875 0.05625 0.3625 0.06041666666666667 0.3541666666666667 0.06458333333333334 0.35 0.06875 0.3416666666666667 0.06875 0.33541666666666664 0.06666666666666667 0.33125 0.0625 0.32916666666666666 0.058333333333333334 0.32708333333333334
0 0.9916666666666667 0.68125 0.975 0.6958333333333333 0.9708333333333333 0.7 0.9666666666666667 0.7083333333333334 0.9666666666666667 0.7291666666666666 0.96875 0.7333333333333333 0.9729166666666667 0.7395833333333334 0.9770833333333333 0.7458333333333333 0.9854166666666667 0.75 0.9979166666666667 0.7520833333333333 0.9979166666666667 0.68125
0 0.7625 0.6854166666666667 0.74375 0.6979166666666666 0.7395833333333334 0.7020833333333333 0.7354166666666667 0.7083333333333334 0.7333333333333333 0.7145833333333333 0.7291666666666666 0.71875 0.7270833333333333 0.7229166666666667 0.7270833333333333 0.7375 0.7333333333333333 0.75 0.7375 0.7541666666666667 0.7395833333333334 0.7604166666666666 0.74375 0.7645833333333333 0.7479166666666667 0.775 0.75625 0.7791666666666667 0.7645833333333333 0.78125 0.7729166666666667 0.7833333333333333 0.7791666666666667 0.7833333333333333 0.7875 0.78125 0.7958333333333333 0.7791666666666667 0.8 0.7770833333333333 0.80625 0.7708333333333334 0.80625 0.7666666666666667 0.81875 0.74375 0.81875 0.7229166666666667 0.8166666666666667 0.71875 0.8125 0.7125 0.8083333333333333 0.70625 0.8041666666666667 0.7 0.8 0.69375 0.7916666666666666 0.6895833333333333 0.78125 0.6875 0.76875 0.6854166666666667
0 0.8416666666666667 0.7333333333333333 0.8354166666666667 0.7354166666666667 0.8270833333333333 0.7375 0.8083333333333333 0.7666666666666667 0.80625 0.7791666666666667 0.80625 0.7916666666666666 0.81875 0.8041666666666667 0.8229166666666666 0.8083333333333333 0.8291666666666667 0.8125 0.8375 0.8166666666666667 0.8645833333333334 0.8166666666666667 0.88125 0.8083333333333333 0.8854166666666666 0.8041666666666667 0.8979166666666667 0.7791666666666667 0.8979166666666667 0.7645833333333333 0.89375 0.7583333333333333 0.8875 0.75 0.88125 0.74375 0.875 0.7395833333333334 0.86875 0.7354166666666667 0.8645833333333334 0.7333333333333333
0 0.5625 0.6333333333333333 0.5583333333333333 0.6375 0.5520833333333334 0.6395833333333333 0.5458333333333333 0.64375 0.5416666666666666 0.6479166666666667 0.5354166666666667 0.65625 0.5333333333333333 0.6604166666666667 0.5333333333333333 0.6666666666666666 0.5333333333333333 0.6729166666666667 0.5333333333333333 0.68125 0.5375 0.6854166666666667 0.5395833333333333 0.6916666666666667 0.54375 0.6958333333333333 0.5625 0.7083333333333334 0.58125 0.7083333333333334 0.59375 0.7020833333333333 0.5979166666666667 0.6979166666666666 0.6020833333333333 0.6916666666666667 0.60625 0.6833333333333333 0.60625 0.6583333333333333 0.6020833333333333 0.6520833333333333 0.59375 0.6416666666666667 0.5895833333333333 0.6375 0.5854166666666667 0.6354166666666666 0.5770833333333333 0.6333333333333333 0.5708333333333333 0.6333333333333333
0 0.46875 0.6416666666666667 0.4666666666666667 0.6458333333333334 0.46458333333333335 0.65 0.4625 0.65625 0.4625 0.6625 0.46041666666666664 0.66875 0.4583333333333333 0.675 0.45625 0.6791666666666667 0.45 0.6833333333333333 0.45 0.6958333333333333 0.45208333333333334 0.7 0.45625 0.70625 0.46041666666666664 0.7104166666666667 0.4666666666666667 0.7166666666666667 0.47291666666666665 0.71875 0.48125 0.7208333333333333 0.4875 0.7229166666666667 0.49166666666666664 0.7229166666666667 0.5 0.7208333333333333 0.5083333333333333 0.71875 0.5166666666666667 0.7166666666666667 0.5229166666666667 0.7104166666666667 0.5270833333333333 0.70625 0.53125 0.7 0.5333333333333333 0.6958333333333333 0.5333333333333333 0.6895833333333333 0.53125 0.6729166666666667 0.5291666666666667 0.6645833333333333 0.5229166666666667 0.6583333333333333 0.5104166666666666 0.6479166666666667 0.5020833333333333 0.6416666666666667
0 0.3125 0.95 0.30625 0.9520833333333333 0.3020833333333333 0.9541666666666667 0.2916666666666667 0.9645833333333333 0.28958333333333336 0.96875 0.28958333333333336 0.9854166666666667 0.29791666666666666 0.99375 0.30416666666666664 0.9979166666666667 0.3375 0.9979166666666667 0.3333333333333333 0.9958333333333333 0.32916666666666666 0.9916666666666667 0.32708333333333334 0.9729166666666667 0.32916666666666666 0.9520833333333333 0.32916666666666666 0.9479166666666666
0 0 0.9125 0 0.9895833333333334 0.008333333333333333 0.98125 0.01875 0.96875 0.020833333333333332 0.9625 0.020833333333333332 0.9354166666666667 0.016666666666666666 0.9291666666666667 0.016666666666666666 0.925 0.014583333333333334 0.9208333333333333 0.010416666666666666 0.9166666666666666 0.004166666666666667 0.9145833333333333
0 0.0125 0.7708333333333334 0.00625 0.7729166666666667 0 0.7791666666666667 0 0.8104166666666667 0.004166666666666667 0.8125 0.008333333333333333 0.8125 0.014583333333333334 0.8166666666666667 0.022916666666666665 0.8166666666666667 0.027083333333333334 0.8145833333333333 0.03125 0.8104166666666667 0.035416666666666666 0.8020833333333334 0.0375 0.7916666666666666 0.0375 0.7875 0.035416666666666666 0.7833333333333333 0.025 0.7729166666666667 0.01875 0.7708333333333334
0 0 0.8125 0 0.9083333333333333 0.014583333333333334 0.9083333333333333 0.027083333333333334 0.9020833333333333 0.03333333333333333 0.8958333333333334 0.0375 0.8895833333333333 0.03958333333333333 0.8854166666666666 0.041666666666666664 0.8770833333333333 0.04375 0.86875 0.04583333333333333 0.8583333333333333 0.04583333333333333 0.8479166666666667 0.04375 0.8416666666666667 0.03958333333333333 0.8333333333333334 0.03333333333333333 0.8270833333333333 0.008333333333333333 0.8145833333333333 0.004166666666666667 0.8145833333333333
0 0.1 0.49166666666666664 0.09375 0.49375 0.0875 0.4979166666666667 0.07916666666666666 0.5041666666666667 0.07708333333333334 0.5104166666666666 0.075 0.5145833333333333 0.075 0.54375 0.08958333333333333 0.5583333333333333 0.09375 0.5583333333333333 0.1 0.5625 0.10625 0.5645833333333333 0.11666666666666667 0.5666666666666667 0.12916666666666668 0.5666666666666667 0.13541666666666666 0.5604166666666667 0.14791666666666667 0.5354166666666667 0.14791666666666667 0.51875 0.14583333333333334 0.5125 0.14375 0.5083333333333333 0.1375 0.5020833333333333 0.125 0.49583333333333335 0.12083333333333333 0.49583333333333335 0.11458333333333333 0.49166666666666664
0 0 0.53125 0 0.575 0.004166666666666667 0.5708333333333333 0.00625 0.5645833333333333 0.010416666666666666 0.5604166666666667 0.010416666666666666 0.5520833333333334 0.010416666666666666 0.5458333333333333 0.008333333333333333 0.5395833333333333
0 0.008333333333333333 0.5645833333333333 0.00625 0.5708333333333333 0.0020833333333333333 0.575 0 0.5791666666666667 0 0.6291666666666667 0.004166666666666667 0.63125 0.01875 0.63125 0.027083333333333334 0.6270833333333333 0.03125 0.6229166666666667 0.035416666666666666 0.6125 0.041666666666666664 0.60625 0.04583333333333333 0.5979166666666667 0.04583333333333333 0.5916666666666667 0.04375 0.58125 0.041666666666666664 0.575 0.03958333333333333 0.5708333333333333 0.035416666666666666 0.5666666666666667 0.03125 0.5645833333333333 0.022916666666666665 0.5625
0 0.04375 0.49375 0.03333333333333333 0.49583333333333335 0.027083333333333334 0.4979166666666667 0.022916666666666665 0.5020833333333333 0.01875 0.50625 0.014583333333333334 0.5104166666666666 0.010416666666666666 0.5166666666666667 0.008333333333333333 0.5208333333333334 0.008333333333333333 0.5354166666666667 0.010416666666666666 0.5416666666666666 0.014583333333333334 0.5479166666666667 0.014583333333333334 0.5541666666666667 0.016666666666666666 0.5604166666666667 0.022916666666666665 0.5604166666666667 0.03125 0.5625 0.035416666666666666 0.5645833333333333 0.041666666666666664 0.5708333333333333 0.04375 0.5770833333333333 0.04791666666666667 0.5791666666666667 0.058333333333333334 0.56875 0.0625 0.56875 0.06875 0.5666666666666667 0.07291666666666667 0.5645833333333333 0.07708333333333334 0.55625 0.07708333333333334 0.55 0.07291666666666667 0.54375 0.07083333333333333 0.53125 0.07083333333333333 0.51875 0.075 0.5104166666666666 0.07708333333333334 0.50625 0.07083333333333333 0.5 0.06666666666666667 0.4979166666666667 0.0625 0.4979166666666667 0.05625 0.49375
0 0 0.45 0 0.525 0.00625 0.5270833333333333 0.00625 0.51875 0.010416666666666666 0.5125 0.016666666666666666 0.5041666666666667 0.020833333333333332 0.5 0.027083333333333334 0.49583333333333335 0.029166666666666667 0.49583333333333335 0.03125 0.475 0.022916666666666665 0.4666666666666667 0.020833333333333332 0.4625 0.020833333333333332 0.45625 0.014583333333333334 0.45 0.008333333333333333 0.45
0 0.0625 0.40208333333333335 0.05625 0.40625 0.052083333333333336 0.40625 0.035416666666666666 0.41458333333333336 0.03125 0.41875 0.027083333333333334 0.425 0.025 0.42916666666666664 0.022916666666666665 0.4354166666666667 0.020833333333333332 0.44583333333333336 0.020833333333333332 0.45416666666666666 0.022916666666666665 0.4625 0.025 0.4666666666666667 0.04375 0.48541666666666666 0.05 0.4895833333333333 0.0625 0.49583333333333335 0.08125 0.49583333333333335 0.08541666666666667 0.49375 0.09375 0.4875 0.09791666666666667 0.48333333333333334 0.10208333333333333 0.475 0.10208333333333333 0.4708333333333333 0.10625 0.46458333333333335 0.10625 0.43125 0.09791666666666667 0.41458333333333336 0.08958333333333333 0.40625 0.08541666666666667 0.4041666666666667 0.07708333333333334 0.40208333333333335
0 0.0125 0.36041666666666666 0 0.3625 0 0.4479166666666667 0.00625 0.44583333333333336 0.01875 0.45 0.01875 0.44583333333333336 0.020833333333333332 0.4354166666666667 0.022916666666666665 0.42916666666666664 0.041666666666666664 0.41041666666666665 0.04583333333333333 0.40625 0.04791666666666667 0.40208333333333335 0.04791666666666667 0.38958333333333334 0.04583333333333333 0.38125 0.04375 0.375 0.0375 0.36666666666666664 0.029166666666666667 0.3625 0.020833333333333332 0.36041666666666666
0 0.14375 0.3625 0.1375 0.3645833333333333 0.125 0.375 0.12083333333333333 0.37916666666666665 0.11875 0.38333333333333336 0.12083333333333333 0.39791666666666664 0.12083333333333333 0.40208333333333335 0.11875 0.41041666666666665 0.12083333333333333 0.41875 0.12916666666666668 0.4354166666666667 0.1375 0.44375 0.15 0.45 0.1625 0.45 0.17083333333333334 0.44583333333333336 0.17916666666666667 0.4395833333333333 0.1875 0.43125 0.19375 0.41875 0.19375 0.4125 0.19166666666666668 0.40625 0.1875 0.4 0.18541666666666667 0.39375 0.18541666666666667 0.38333333333333336 0.18125 0.375 0.17291666666666666 0.36666666666666664 0.16458333333333333 0.3625
0 0.12083333333333333 0.43125 0.1125 0.4354166666666667 0.10833333333333334 0.44375 0.10833333333333334 0.46458333333333335 0.10416666666666667 0.4708333333333333 0.10416666666666667 0.475 0.10833333333333334 0.4791666666666667 0.11458333333333333 0.48333333333333334 0.12083333333333333 0.48541666666666666 0.1375 0.48541666666666666 0.14791666666666667 0.47291666666666665 0.15 0.4666666666666667 0.14791666666666667 0.45 0.13125 0.4395833333333333 0.12708333333333333 0.43333333333333335
0 0.25 0.15208333333333332 0.2375 0.15416666666666667 0.23333333333333334 0.15625 0.22708333333333333 0.16041666666666668 0.22083333333333333 0.16666666666666666 0.21666666666666667 0.175 0.21666666666666667 0.19791666666666666 0.21875 0.20625 0.225 0.2125 0.23125 0.21875 0.2375 0.22708333333333333 0.24375 0.22916666666666666 0.2625 0.22916666666666666 0.26875 0.22708333333333333 0.27291666666666664 0.225 0.2791666666666667 0.21875 0.2791666666666667 0.21458333333333332 0.27708333333333335 0.20833333333333334 0.2791666666666667 0.2 0.28125 0.19166666666666668 0.2833333333333333 0.18958333333333333 0.2833333333333333 0.18125 0.28125 0.17291666666666666 0.27708333333333335 0.16458333333333333 0.26875 0.15625 0.26458333333333334 0.15416666666666667 0.25833333333333336 0.15208333333333332
0 0.20208333333333334 0.16458333333333333 0.19375 0.16875 0.18958333333333333 0.17291666666666666 0.18333333333333332 0.175 0.17291666666666666 0.18541666666666667 0.17291666666666666 0.21041666666666667 0.17708333333333334 0.21041666666666667 0.19166666666666668 0.20833333333333334 0.20833333333333334 0.20625 0.21666666666666667 0.20416666666666666 0.21666666666666667 0.2 0.21458333333333332 0.18333333333333332 0.21041666666666667 0.16666666666666666 0.20625 0.16458333333333333
0 0.22708333333333333 0.11666666666666667 0.21875 0.11875 0.2125 0.12291666666666666 0.20833333333333334 0.12708333333333333 0.20416666666666666 0.13541666666666666 0.20416666666666666 0.1625 0.20833333333333334 0.16458333333333333 0.2125 0.16666666666666666 0.21666666666666667 0.16875 0.22083333333333333 0.16458333333333333 0.225 0.15833333333333333 0.2375 0.15208333333333332 0.24791666666666667 0.15208333333333332 0.25625 0.15 0.25833333333333336 0.14583333333333334 0.25833333333333336 0.13958333333333334 0.25625 0.13125 0.2520833333333333 0.125 0.24791666666666667 0.12083333333333333 0.24375 0.11875 0.23541666666666666 0.11666666666666667
0 0.275 0.14375 0.2708333333333333 0.14583333333333334 0.26875 0.15 0.27291666666666664 0.15416666666666667 0.2791666666666667 0.1625 0.28125 0.16666666666666666 0.2833333333333333 0.17291666666666666 0.2833333333333333 0.17708333333333334 0.28541666666666665 0.18125 0.28958333333333336 0.17916666666666667 0.29375 0.17916666666666667 0.29791666666666666 0.17708333333333334 0.3020833333333333 0.175 0.30416666666666664 0.17083333333333334 0.30416666666666664 0.16666666666666666 0.30416666666666664 0.16041666666666668 0.30416666666666664 0.15625 0.3020833333333333 0.14791666666666667 0.3 0.14375
0 0.15833333333333333 0 0.15833333333333333 0.004166666666666667 0.16041666666666668 0.008333333333333333 0.16458333333333333 0.0125 0.17916666666666667 0.0125 0.2 0.010416666666666666 0.20208333333333334 0.00625 0.2 0
0 0.20208333333333334 0 0.20208333333333334 0.004166666666666667 0.20416666666666666 0.010416666666666666 0.20833333333333334 0.014583333333333334 0.21458333333333332 0.01875 0.22083333333333333 0.020833333333333332 0.23125 0.01875 0.24375 0.0125 0.24791666666666667 0.004166666666666667 0.24791666666666667 0
0 0.17916666666666667 0.075 0.15 0.07708333333333334 0.15 0.08125 0.14791666666666667 0.09375 0.14583333333333334 0.09583333333333334 0.14583333333333334 0.10208333333333333 0.15 0.1 0.15416666666666667 0.09791666666666667 0.16666666666666666 0.09791666666666667 0.17916666666666667 0.1 0.18541666666666667 0.10416666666666667 0.18541666666666667 0.1 0.18333333333333332 0.0875 0.18125 0.08541666666666667 0.18125 0.08125 0.18333333333333332 0.075
0 0.18125 0.0125 0.175 0.016666666666666666 0.16875 0.016666666666666666 0.1625 0.01875 0.15416666666666667 0.022916666666666665 0.15 0.027083333333333334 0.14375 0.03958333333333333 0.14166666666666666 0.04583333333333333 0.14166666666666666 0.05 0.14583333333333334 0.05625 0.14583333333333334 0.06041666666666667 0.14791666666666667 0.06666666666666667 0.15 0.07083333333333333 0.15416666666666667 0.07291666666666667 0.15833333333333333 0.075 0.17708333333333334 0.075 0.18333333333333332 0.07291666666666667 0.20208333333333334 0.05416666666666667 0.21666666666666667 0.04791666666666667 0.22083333333333333 0.04583333333333333 0.22083333333333333 0.03125 0.21666666666666667 0.020833333333333332 0.20833333333333334 0.016666666666666666 0.20416666666666666 0.016666666666666666 0.19791666666666666 0.0125
0 0.9104166666666667 0 0.9166666666666666 0.00625 0.9208333333333333 0.008333333333333333 0.93125 0.010416666666666666 0.95 0.010416666666666666 0.95625 0.008333333333333333 0.9645833333333333 0.004166666666666667 0.96875 0
0 0.61875 0 0.6229166666666667 0.008333333333333333 0.6270833333333333 0.0125 0.63125 0.014583333333333334 0.6375 0.016666666666666666 0.6520833333333333 0.016666666666666666 0.6583333333333333 0.014583333333333334 0.6625 0.0125 0.6666666666666666 0.008333333333333333 0.66875 0.004166666666666667 0.66875 0
0 0.6 0.010416666666666666 0.5958333333333333 0.0125 0.5854166666666667 0.022916666666666665 0.5833333333333334 0.027083333333333334 0.5833333333333334 0.04791666666666667 0.5854166666666667 0.05625 0.5895833333333333 0.06458333333333334 0.5979166666666667 0.07291666666666667 0.60625 0.07291666666666667 0.6125 0.07708333333333334 0.6166666666666667 0.07708333333333334 0.6229166666666667 0.08125 0.6479166666666667 0.08125 0.6520833333333333 0.07916666666666666 0.6666666666666666 0.06458333333333334 0.6708333333333333 0.058333333333333334 0.6729166666666667 0.05416666666666667 0.6729166666666667 0.04583333333333333 0.6708333333333333 0.041666666666666664 0.6604166666666667 0.03125 0.65 0.027083333333333334 0.6458333333333334 0.022916666666666665 0.6395833333333333 0.01875 0.6354166666666666 0.016666666666666666 0.6291666666666667 0.014583333333333334 0.6208333333333333 0.0125 0.6125 0.010416666666666666
0 0.59375 0.075 0.5875 0.07708333333333334 0.5833333333333334 0.07916666666666666 0.5770833333333333 0.08333333333333333 0.56875 0.09166666666666666 0.5666666666666667 0.09583333333333334 0.5645833333333333 0.10416666666666667 0.5645833333333333 0.11666666666666667 0.5666666666666667 0.12083333333333333 0.575 0.12916666666666668 0.58125 0.13125 0.5875 0.13333333333333333 0.6041666666666666 0.13333333333333333 0.6104166666666667 0.13125 0.6166666666666667 0.12916666666666668 0.6208333333333333 0.12708333333333333 0.6291666666666667 0.11875 0.63125 0.11458333333333333 0.63125 0.09375 0.6291666666666667 0.08958333333333333 0.6208333333333333 0.08125 0.6166666666666667 0.07916666666666666 0.6125 0.07916666666666666 0.60625 0.075
0 0.5666666666666667 0 0.5666666666666667 0.00625 0.56875 0.010416666666666666 0.5729166666666666 0.014583333333333334 0.58125 0.01875 0.5854166666666667 0.020833333333333332 0.5979166666666667 0.008333333333333333 0.60625 0.008333333333333333 0.6104166666666667 0.00625 0.6125 0
0 0.33039583333333333 0.6337708333333333 0.32616666666666666 0.6253124999999999 0.3219375 0.6168333333333333 0.3183125 0.608375 0.32254166666666667 0.5993125 0.3297916666666667 0.5926666666666667 0.3388541666666667 0.5896458333333333 0.34791666666666665 0.5890416666666667 0.356375 0.5926666666666667 0.3593958333333333 0.6017291666666666 0.3587916666666667 0.6113958333333334 0.3581875 0.6204583333333333 0.3539583333333333 0.6289374999999999 0.3473125 0.6355833333333333
0 0.38295833333333335 0.12914583333333335 0.3914375 0.1243125 0.4005 0.1225 0.4095625 0.12370833333333334 0.41802083333333334 0.12733333333333333 0.42104166666666665 0.13639583333333333 0.41983333333333334 0.14545833333333333 0.41318750000000004 0.15270833333333333 0.40654166666666663 0.159375 0.39747916666666666 0.16239583333333335 0.38839583333333333 0.159375 0.38175000000000003 0.15210416666666668 0.378125 0.14364583333333333 0.3769166666666666 0.13458333333333333
0 0.9643333333333334 0.06810416666666666 0.9607083333333333 0.05964583333333333 0.9588958333333333 0.050583333333333334 0.9607083333333333 0.04152083333333333 0.963125 0.03245833333333333 0.9679583333333334 0.024604166666666667 0.9758125 0.019166666666666665 0.9848750000000001 0.015541666666666667 0.9951458333333334 0.015541666666666667 1 0.017041666666666667 1 0.0819375 0.9987708333333334 0.08202083333333333 0.9897083333333333 0.08141666666666666 0.9806458333333333 0.08020833333333334 0.9721875 0.07597916666666667
0 0.8773125 0.1243125 0.8839583333333334 0.11766666666666666 0.8918125 0.111625 0.9014791666666666 0.10920833333333334 0.9105416666666667 0.10800000000000001 0.9196041666666667 0.11102083333333333 0.9274583333333334 0.11645833333333333 0.9328958333333334 0.1243125 0.9359166666666667 0.133375 0.9365208333333332 0.14243750000000002 0.9365208333333332 0.15210416666666668 0.9347083333333334 0.1611875 0.9322916666666666 0.17024999999999998 0.9250416666666667 0.17750000000000002 0.9159791666666667 0.18354166666666666 0.9063125 0.18354166666666666 0.8978541666666667 0.17931249999999999 0.8893958333333334 0.17387499999999997 0.8821458333333333 0.16722916666666665 0.8761041666666666 0.15997916666666667 0.8730833333333333 0.15029166666666666 0.8742916666666667 0.14122916666666668
0 0.9601041666666668 0.25304166666666666 0.9564791666666667 0.24277083333333332 0.9546666666666667 0.23370833333333335 0.9534583333333334 0.224625 0.9546666666666667 0.2155625 0.9570833333333333 0.20589583333333333 0.9619166666666668 0.19804166666666667 0.9691666666666666 0.192 0.977625 0.18716666666666668 0.9848750000000001 0.181125 0.9933333333333334 0.1756875 1 0.17235416666666667 1 0.2650208333333333 0.9963541666666667 0.2675416666666666 0.9872916666666666 0.265125 0.9794375 0.25908333333333333 0.9709791666666666 0.25485416666666666
0 0.9407708333333333 0.27781249999999996 0.9450000000000001 0.2693541666666667 0.9516458333333334 0.2621041666666667 0.9607083333333333 0.2596875 0.970375 0.2596875 0.9788333333333333 0.2633125 0.9866875 0.26814583333333336 0.9891041666666667 0.27720833333333333 0.9885 0.2862708333333333 0.9866875 0.29533333333333334 0.9824583333333333 0.3037916666666666 0.9758125 0.3104375 0.96675 0.3080208333333333 0.9595 0.301375 0.9534583333333334 0.294125 0.9492291666666667 0.2856666666666667
0 0.77275 0.34429166666666666 0.7799999999999999 0.33825000000000005 0.7890833333333334 0.3358333333333333 0.7981458333333333 0.3364375 0.8066041666666667 0.3400625 0.8126458333333333 0.34852083333333334 0.816875 0.3569791666666667 0.8174791666666666 0.36604166666666665 0.8150625 0.3751041666666667 0.8090208333333333 0.38295833333333335 0.8005625 0.38658333333333333 0.7908958333333334 0.38477083333333334 0.7830416666666667 0.37933333333333336 0.7769791666666667 0.3720833333333333 0.7715416666666666 0.3642291666666667 0.7685208333333333 0.35516666666666663
0 0.7818333333333333 0.2717708333333333 0.7884791666666667 0.265125 0.7963333333333333 0.26029166666666664 0.8053958333333333 0.257875 0.8144583333333333 0.25847916666666665 0.8192916666666666 0.26633333333333337 0.8217083333333334 0.27539583333333334 0.8217083333333334 0.28506250000000005 0.8186875 0.29472916666666665 0.8144583333333333 0.3031875 0.8084166666666667 0.3104375 0.7999583333333333 0.3146875 0.7896875 0.3140833333333333 0.7806041666666667 0.3110625 0.776375 0.30258333333333337 0.776375 0.29291666666666666 0.7769791666666667 0.2838541666666667
0 0.6821041666666667 0.3612083333333333 0.6911666666666666 0.3581875 0.7002291666666667 0.36060416666666667 0.7081041666666666 0.36604166666666665 0.71475 0.3732916666666667 0.7165625 0.38235416666666666 0.7165625 0.3920416666666667 0.7117291666666666 0.3998958333333333 0.7050833333333333 0.40654166666666663 0.6972083333333334 0.4125833333333333 0.6881458333333333 0.41439583333333335 0.6790833333333333 0.41379166666666667 0.6712291666666667 0.40835416666666663 0.6663958333333333 0.4005 0.6639791666666667 0.3914375 0.6639791666666667 0.38175000000000003 0.6694166666666667 0.3738958333333333
0 0.8501041666666667 0.42104166666666665 0.8537291666666668 0.4125833333333333 0.8573541666666666 0.40412499999999996 0.8634166666666666 0.396875 0.8712708333333333 0.3914375 0.8803333333333333 0.3908333333333333 0.89 0.3908333333333333 0.8984583333333334 0.3950625 0.9038958333333333 0.4029166666666667 0.9075208333333333 0.411375 0.9069166666666667 0.4204375 0.9045000000000001 0.4295 0.8990625 0.43735416666666665 0.8942291666666667 0.4452083333333333 0.8857708333333334 0.4494375 0.8767083333333333 0.4500416666666667 0.8676458333333333 0.4482291666666667 0.8585625 0.4452083333333333 0.853125 0.43735416666666665 0.8525208333333333 0.4282916666666667
0 0.20375 0.28500000000000003 0.19166666666666668 0.3104166666666667 0.19166666666666668 0.32708333333333334 0.19583333333333333 0.33541666666666664 0.2 0.3416666666666667 0.20416666666666666 0.3458333333333333 0.20625 0.35208333333333336 0.21041666666666667 0.35833333333333334 0.21875 0.3625 0.23125 0.3645833333333333 0.24166666666666667 0.36666666666666664 0.24791666666666667 0.36666666666666664 0.25625 0.3625 0.275 0.34375 0.27708333333333335 0.3375 0.2791666666666667 0.32708333333333334 0.28125 0.3145833333333333 0.28125 0.30833333333333335 0.275 0.29583333333333334 0.25833333333333336 0.2791666666666667 0.25416666666666665 0.27708333333333335 0.24583333333333332 0.275 0.23208333333333334 0.2735416666666667
0 0.3625 0.7833333333333333 0.35625 0.7854166666666667 0.35 0.7875 0.3458333333333333 0.7895833333333333 0.3333333333333333 0.8020833333333334 0.32708333333333334 0.8145833333333333 0.32708333333333334 0.8375 0.32916666666666666 0.8416666666666667 0.3333333333333333 0.8479166666666667 0.33958333333333335 0.85625 0.34375 0.8604166666666667 0.3625 0.8729166666666667 0.38125 0.8729166666666667 0.38958333333333334 0.86875 0.4 0.8583333333333333 0.40625 0.85 0.4083333333333333 0.8416666666666667 0.41041666666666665 0.825 0.41041666666666665 0.8166666666666667 0.4083333333333333 0.8125 0.4041666666666667 0.8083333333333333 0.40166666666666667 0.80125 0.39625 0.7945833333333333 0.38999999999999996 0.7883333333333333 0.38104166666666667 0.7839583333333333 0.37083333333333335 0.7833333333333333