0 0.9975833333333333 0.12508333333333332 0.9942291666666667 0.11920833333333333 0.9917083333333333 0.11333333333333333 0.9904583333333333 0.10704166666666667 0.9887708333333334 0.10074999999999999 0.9883541666666668 0.09445833333333334 0.9891875 0.08814583333333334 0.9917083333333333 0.08227083333333333 0.9963333333333334 0.07725 1 0.07566666666666667 1 0.12602083333333333
0 0.9472291666666667 0.1389375 0.9484791666666667 0.13264583333333332 0.9526875 0.12760416666666666 0.9577083333333333 0.12297916666666667 0.96275 0.11879166666666667 0.9690416666666667 0.1166875 0.9753333333333334 0.11754166666666667 0.9812083333333333 0.12047916666666666 0.98625 0.12466666666666668 0.9900208333333332 0.130125 0.992125 0.13683333333333333 0.9912916666666667 0.143125 0.9887708333333334 0.149 0.9858333333333333 0.154875 0.9816458333333333 0.16033333333333333 0.9758333333333333 0.16333333333333336 0.9711458333333333 0.16495833333333335 0.9648541666666667 0.16285416666666666 0.9589791666666667 0.1595 0.9535208333333334 0.1553125 0.9505833333333332 0.1494375
0 0.75625 0.49166666666666664 0.7520833333333333 0.49583333333333335 0.7479166666666667 0.5020833333333333 0.7479166666666667 0.5083333333333333 0.75 0.5166666666666667 0.7541666666666667 0.5229166666666667 0.7583333333333333 0.5270833333333333 0.7729166666666667 0.5270833333333333 0.78125 0.51875 0.7895833333333333 0.5083333333333333 0.7895833333333333 0.5 0.7875 0.49583333333333335 0.7833333333333333 0.49166666666666664
0 0.76875 0.41458333333333336 0.7645833333333333 0.4166666666666667 0.7583333333333333 0.42291666666666666 0.7520833333333333 0.4270833333333333 0.7395833333333334 0.44583333333333336 0.7395833333333334 0.46458333333333335 0.74375 0.4708333333333333 0.7520833333333333 0.48125 0.75625 0.48541666666666666 0.7645833333333333 0.4875 0.78125 0.4895833333333333 0.7875 0.4895833333333333 0.7979166666666667 0.4791666666666667 0.80625 0.46875 0.80625 0.44166666666666665 0.8041666666666667 0.4354166666666667 0.8 0.4270833333333333 0.7916666666666666 0.41875 0.7854166666666667 0.4166666666666667 0.7729166666666667 0.41458333333333336
0 0.14791666666666667 0.10625 0.14375 0.11041666666666666 0.1375 0.11875 0.13541666666666666 0.12291666666666666 0.13333333333333333 0.13333333333333333 0.13333333333333333 0.14375 0.1375 0.15 0.14375 0.15625 0.16041666666666668 0.15625 0.16666666666666666 0.15 0.17291666666666666 0.14166666666666666 0.175 0.13125 0.175 0.12083333333333333 0.16875 0.10833333333333334
0 0.8208333333333333 0.91875 0.8166666666666667 0.9208333333333333 0.8104166666666667 0.925 0.8041666666666667 0.9291666666666667 0.7979166666666667 0.9333333333333333 0.79375 0.9479166666666666 0.79375 0.9583333333333334 0.7958333333333333 0.9625 0.8020833333333334 0.9708333333333333 0.8083333333333333 0.9791666666666666 0.8125 0.9833333333333333 0.81875 0.9854166666666667 0.83125 0.9875 0.8354166666666667 0.9875 0.8479166666666667 0.98125 0.8520833333333333 0.9770833333333333 0.8666666666666667 0.9604166666666667 0.8666666666666667 0.95 0.8645833333333334 0.9416666666666667 0.8604166666666667 0.9354166666666667 0.8541666666666666 0.9270833333333334 0.85 0.9229166666666667 0.8416666666666667 0.9208333333333333 0.8270833333333333 0.91875
0 0.08125 0.05 0.075 0.05416666666666667 0.06458333333333334 0.0625 0.06041666666666667 0.06666666666666667 0.06041666666666667 0.10208333333333333 0.06458333333333334 0.11041666666666666 0.06875 0.11458333333333333 0.08125 0.12083333333333333 0.1 0.12083333333333333 0.11041666666666666 0.1125 0.11875 0.10416666666666667 0.12083333333333333 0.08958333333333333 0.12083333333333333 0.075 0.11875 0.07083333333333333 0.1125 0.0625 0.10833333333333334 0.05625 0.1 0.052083333333333336 0.0875 0.05
0 0.18958333333333333 0.05416666666666667 0.18333333333333332 0.0625 0.18125 0.06666666666666667 0.18125 0.08541666666666667 0.1875 0.09375 0.19375 0.1 0.2125 0.1 0.22708333333333333 0.08541666666666667 0.22708333333333333 0.07708333333333334 0.225 0.06666666666666667 0.2125 0.05416666666666667 0.20208333333333334 0.052083333333333336
0 0.5208333333333334 0.19583333333333333 0.5145833333333333 0.2 0.5020833333333333 0.21041666666666667 0.4979166666666667 0.21458333333333332 0.49583333333333335 0.22291666666666668 0.49375 0.23958333333333334 0.49375 0.24583333333333332 0.4979166666666667 0.25416666666666665 0.5020833333333333 0.2604166666666667 0.5125 0.26458333333333334 0.5291666666666667 0.26666666666666666 0.5354166666666667 0.26666666666666666 0.5416666666666666 0.2625 0.5520833333333334 0.25416666666666665 0.55625 0.25 0.5604166666666667 0.24166666666666667 0.5625 0.23541666666666666 0.5625 0.2125 0.5458333333333333 0.19583333333333333
0 0.6479166666666667 0.21458333333333332 0.6333333333333333 0.22083333333333333 0.6291666666666667 0.22291666666666668 0.63125 0.23333333333333334 0.6333333333333333 0.23958333333333334 0.6395833333333333 0.24583333333333332 0.64375 0.25 0.6520833333333333 0.25 0.6625 0.24583333333333332 0.66875 0.23333333333333334 0.66875 0.22708333333333333 0.6645833333333333 0.21875 0.6541666666666667 0.21458333333333332
0 0.8958333333333334 0.21041666666666667 0.8916666666666667 0.2125 0.8875 0.2125 0.8833333333333333 0.21458333333333332 0.8791666666666667 0.21875 0.875 0.225 0.875 0.23125 0.8770833333333333 0.24375 0.8791666666666667 0.25 0.8895833333333333 0.25 0.9041666666666667 0.2520833333333333 0.9125 0.25 0.9166666666666666 0.24791666666666667 0.9208333333333333 0.24375 0.9208333333333333 0.23958333333333334 0.91875 0.22708333333333333 0.9145833333333333 0.21666666666666667 0.9083333333333333 0.2125 0.9020833333333333 0.21041666666666667
0 0.9208333333333333 0.24583333333333332 0.9166666666666666 0.25 0.9125 0.2520833333333333 0.9041666666666667 0.25416666666666665 0.8895833333333333 0.2520833333333333 0.8875 0.25625 0.8833333333333333 0.2625 0.8833333333333333 0.28541666666666665 0.8916666666666667 0.3020833333333333 0.8958333333333334 0.30625 0.9083333333333333 0.3125 0.9125 0.3125 0.9229166666666667 0.3104166666666667 0.9333333333333333 0.30833333333333335 0.9395833333333333 0.30625 0.9416666666666667 0.3020833333333333 0.9416666666666667 0.29791666666666666 0.94375 0.28958333333333336 0.9458333333333333 0.2875 0.9479166666666666 0.28125 0.9479166666666666 0.275 0.9458333333333333 0.26666666666666666 0.94375 0.2604166666666667 0.9354166666666667 0.2520833333333333 0.9270833333333334 0.24583333333333332
0 0.9895833333333334 0.25 0.9770833333333333 0.2520833333333333 0.95 0.26875 0.95 0.275 0.95 0.28125 0.9479166666666666 0.2875 0.9458333333333333 0.29583333333333334 0.94375 0.29791666666666666 0.9416666666666667 0.30416666666666664 0.9416666666666667 0.3229166666666667 0.94375 0.32916666666666666 0.9458333333333333 0.33541666666666664 0.9479166666666666 0.33958333333333335 0.9541666666666667 0.3458333333333333 0.9625 0.35208333333333336 0.9708333333333333 0.35208333333333336 0.9875 0.35 0.9979166666666667 0.34791666666666665 0.9979166666666667 0.25