0 0.0375 0.6854166666666667 0.03125 0.69375 0.029166666666666667 0.6979166666666666 0.029166666666666667 0.725 0.03125 0.7291666666666666 0.0375 0.7375 0.052083333333333336 0.7416666666666667 0.0625 0.7416666666666667 0.07083333333333333 0.7354166666666667 0.07916666666666666 0.7270833333333333 0.08125 0.7145833333333333 0.08125 0.7020833333333333 0.07708333333333334 0.6958333333333333 0.07083333333333333 0.6875 0.06666666666666667 0.6833333333333333
0 0.05 0.63125 0.04375 0.6395833333333333 0.041666666666666664 0.64375 0.041666666666666664 0.6583333333333333 0.05 0.6666666666666666 0.0625 0.6666666666666666 0.06666666666666667 0.6645833333333333 0.07083333333333333 0.6604166666666667 0.07291666666666667 0.65 0.07291666666666667 0.6395833333333333 0.06875 0.63125
0 0.9395833333333333 0.05416666666666667 0.9333333333333333 0.0625 0.93125 0.06666666666666667 0.93125 0.08541666666666667 0.9375 0.09375 0.94375 0.1 0.9625 0.1 0.9770833333333333 0.08541666666666667 0.9770833333333333 0.07708333333333334 0.975 0.06666666666666667 0.9625 0.05416666666666667 0.9520833333333333 0.052083333333333336
0 0.83125 0.05 0.825 0.05416666666666667 0.8145833333333333 0.0625 0.8104166666666667 0.06666666666666667 0.8104166666666667 0.10208333333333333 0.8145833333333333 0.11041666666666666 0.81875 0.11458333333333333 0.83125 0.12083333333333333 0.85 0.12083333333333333 0.8604166666666667 0.1125 0.86875 0.10416666666666667 0.8708333333333333 0.08958333333333333 0.8708333333333333 0.075 0.86875 0.07083333333333333 0.8625 0.0625 0.8583333333333333 0.05625 0.85 0.052083333333333336 0.8375 0.05
0 0.4895833333333333 0.8604166666666667 0.48125 0.8625 0.475 0.8645833333333334 0.47291666666666665 0.86875 0.4708333333333333 0.8770833333333333 0.4708333333333333 0.88125 0.4791666666666667 0.8979166666666667 0.48541666666666666 0.9041666666666667 0.49375 0.9104166666666667 0.5 0.9145833333333333 0.50625 0.9166666666666666 0.5104166666666666 0.9166666666666666 0.5208333333333334 0.9041666666666667 0.5208333333333334 0.8979166666666667 0.51875 0.8854166666666666 0.5166666666666667 0.8791666666666667 0.5125 0.875 0.5 0.8645833333333334 0.49375 0.8604166666666667
0 0.4270833333333333 0.4583333333333333 0.4125 0.4625 0.4083333333333333 0.46875 0.4083333333333333 0.47708333333333336 0.4083333333333333 0.48125 0.41041666666666665 0.48541666666666666 0.41458333333333336 0.4875 0.42083333333333334 0.4895833333333333 0.43333333333333335 0.4895833333333333 0.44375 0.4875 0.45208333333333334 0.4791666666666667 0.45208333333333334 0.475 0.4479166666666667 0.46458333333333335 0.4354166666666667 0.4583333333333333
0 0.63125 0.40208333333333335 0.6208333333333333 0.4041666666666667 0.6125 0.41041666666666665 0.60625 0.4166666666666667 0.6041666666666666 0.42291666666666666 0.6041666666666666 0.42916666666666664 0.6166666666666667 0.44166666666666665 0.6395833333333333 0.44166666666666665 0.64375 0.4395833333333333 0.6520833333333333 0.43333333333333335 0.65625 0.42916666666666664 0.65625 0.42083333333333334 0.6520833333333333 0.41041666666666665 0.6458333333333334 0.40625 0.6375 0.40208333333333335
0 0.42291666666666666 0.11875 0.4125 0.12916666666666668 0.4125 0.13958333333333334 0.41458333333333336 0.15208333333333332 0.41875 0.15625 0.4270833333333333 0.1625 0.45 0.16041666666666668 0.45416666666666666 0.15416666666666667 0.45625 0.15 0.45625 0.14583333333333334 0.45416666666666666 0.13541666666666666 0.45208333333333334 0.12916666666666668 0.44583333333333336 0.12291666666666666 0.4395833333333333 0.11875
0 0.23541666666666666 0.29375 0.21458333333333332 0.30833333333333335 0.21458333333333332 0.3333333333333333 0.21666666666666667 0.3375 0.22291666666666668 0.3458333333333333 0.23541666666666666 0.35 0.24375 0.35 0.24791666666666667 0.34791666666666665 0.25625 0.3416666666666667 0.2604166666666667 0.3375 0.2625 0.33125 0.26458333333333334 0.32083333333333336 0.26458333333333334 0.3145833333333333 0.2520833333333333 0.29791666666666666 0.24583333333333332 0.29583333333333334 0.23958333333333334 0.29375
0 0.21041666666666667 0.20416666666666666 0.20208333333333334 0.20833333333333334 0.19583333333333333 0.21041666666666667 0.19375 0.21666666666666667 0.18958333333333333 0.22291666666666668 0.18958333333333333 0.22708333333333333 0.18541666666666667 0.23333333333333334 0.18541666666666667 0.24583333333333332 0.18958333333333333 0.2520833333333333 0.19375 0.25625 0.20208333333333334 0.25833333333333336 0.21041666666666667 0.25833333333333336 0.21666666666666667 0.25416666666666665 0.22291666666666668 0.25416666666666665 0.22916666666666666 0.25 0.23333333333333334 0.25 0.2375 0.24791666666666667 0.2375 0.24375 0.23958333333333334 0.23333333333333334 0.24166666666666667 0.23125 0.24166666666666667 0.22708333333333333 0.22708333333333333 0.20625 0.22083333333333333 0.20416666666666666 0.21666666666666667 0.20416666666666666
0 0.22708333333333333 0.25416666666666665 0.21666666666666667 0.25625 0.21041666666666667 0.2604166666666667 0.20416666666666666 0.2625 0.20208333333333334 0.26666666666666666 0.2 0.2708333333333333 0.19791666666666666 0.2791666666666667 0.19791666666666666 0.28541666666666665 0.20833333333333334 0.29583333333333334 0.21666666666666667 0.29791666666666666 0.22291666666666668 0.29791666666666666 0.22708333333333333 0.29583333333333334 0.23333333333333334 0.2916666666666667 0.23958333333333334 0.2875 0.24166666666666667 0.26666666666666666 0.2375 0.25833333333333336 0.23541666666666666 0.25416666666666665
0 0.36041666666666666 0.01875 0.3375 0.04375 0.3375 0.05 0.33958333333333335 0.058333333333333334 0.3416666666666667 0.06666666666666667 0.34375 0.07083333333333333 0.34791666666666665 0.075 0.36041666666666666 0.08541666666666667 0.36666666666666664 0.08958333333333333 0.3770833333333333 0.09166666666666666 0.3875 0.09166666666666666 0.3958333333333333 0.0875 0.4 0.08333333333333333 0.4041666666666667 0.07708333333333334 0.40625 0.07083333333333333 0.40625 0.0625 0.4041666666666667 0.05625 0.3958333333333333 0.04791666666666667 0.38958333333333334 0.03333333333333333 0.38333333333333336 0.025 0.37916666666666665 0.020833333333333332 0.37083333333333335 0.01875
0 0.4083333333333333 0.004166666666666667 0.40208333333333335 0.00625 0.3958333333333333 0.0125 0.39166666666666666 0.016666666666666666 0.38958333333333334 0.022916666666666665 0.38958333333333334 0.029166666666666667 0.39791666666666664 0.04791666666666667 0.40625 0.05625 0.41458333333333336 0.0625 0.41875 0.06041666666666667 0.42291666666666666 0.05625 0.43125 0.05 0.4375 0.04375 0.4395833333333333 0.0375 0.4395833333333333 0.03333333333333333 0.4375 0.027083333333333334 0.4354166666666667 0.01875 0.43333333333333335 0.014583333333333334 0.42916666666666664 0.010416666666666666 0.42291666666666666 0.00625 0.4166666666666667 0.004166666666666667
0 0.8979166666666667 0.10625 0.89375 0.11041666666666666 0.8875 0.11875 0.8854166666666666 0.12291666666666666 0.8833333333333333 0.13333333333333333 0.8833333333333333 0.14375 0.8875 0.15 0.89375 0.15625 0.9104166666666667 0.15625 0.9166666666666666 0.15 0.9229166666666667 0.14166666666666666 0.925 0.13125 0.925 0.12083333333333333 0.91875 0.10833333333333334
0 0.18125 0.6875 0.17708333333333334 0.6895833333333333 0.16875 0.6958333333333333 0.16458333333333333 0.7 0.1625 0.7041666666666667 0.1625 0.7145833333333333 0.16458333333333333 0.7229166666666667 0.17916666666666667 0.7229166666666667 0.2 0.725 0.20625 0.7229166666666667 0.2125 0.7166666666666667 0.2125 0.7 0.20625 0.69375 0.19791666666666666 0.6875
0 0.12291666666666666 0.7291666666666666 0.09791666666666667 0.73125 0.09166666666666666 0.7354166666666667 0.08333333333333333 0.7416666666666667 0.075 0.7479166666666667 0.07083333333333333 0.7520833333333333 0.0625 0.76875 0.0625 0.7916666666666666 0.06458333333333334 0.7979166666666667 0.06875 0.80625 0.07291666666666667 0.8104166666666667 0.08125 0.8166666666666667 0.09166666666666666 0.825 0.09791666666666667 0.8291666666666667 0.1125 0.8291666666666667 0.12916666666666668 0.8270833333333333 0.14166666666666666 0.8166666666666667 0.15416666666666667 0.8041666666666667 0.15625 0.8 0.15833333333333333 0.79375 0.15916666666666668 0.7566666666666666 0.16229166666666667 0.7356250000000001 0.16020833333333334 0.7214583333333333 0.14666666666666667 0.7202083333333333
0 0.1875 0.7270833333333333 0.16458333333333333 0.7291666666666666 0.16458333333333333 0.7541666666666667 0.17291666666666666 0.76875 0.175 0.775 0.18125 0.7770833333333333 0.1875 0.78125 0.20416666666666666 0.78125 0.225 0.7604166666666666 0.225 0.7520833333333333 0.22291666666666668 0.74375 0.21666666666666667 0.7354166666666667 0.20833333333333334 0.7270833333333333