0 0.004166666666666667 0.3416666666666667 0 0.3458333333333333 0 0.3645833333333333 0.00625 0.36875 0.0125 0.3729166666666667 0.01875 0.375 0.022916666666666665 0.37916666666666665 0.029166666666666667 0.38333333333333336 0.0375 0.38333333333333336 0.041666666666666664 0.38333333333333336 0.04583333333333333 0.38125 0.05 0.37916666666666665 0.05 0.3729166666666667 0.052083333333333336 0.3625 0.05 0.35833333333333334 0.04375 0.35 0.03958333333333333 0.3458333333333333 0.029166666666666667 0.34375 0.0125 0.3416666666666667
0 0 0.29375 0 0.3416666666666667 0.004166666666666667 0.33541666666666664 0.008333333333333333 0.32916666666666666 0.010416666666666666 0.325 0.010416666666666666 0.3020833333333333
0 0.058333333333333334 0.725 0.03958333333333333 0.7270833333333333 0.027083333333333334 0.7375 0.01875 0.7458333333333333 0.016666666666666666 0.7541666666666667 0.016666666666666666 0.7625 0.01875 0.76875 0.020833333333333332 0.7729166666666667 0.03125 0.7854166666666667 0.041666666666666664 0.7958333333333333 0.06875 0.7958333333333333 0.08958333333333333 0.775 0.09166666666666666 0.7604166666666666 0.09166666666666666 0.7458333333333333 0.0875 0.7375 0.08125 0.73125 0.07291666666666667 0.725
0 0.04791666666666667 0.9229166666666667 0.04375 0.925 0.035416666666666666 0.93125 0.029166666666666667 0.9375 0.016666666666666666 0.95625 0.016666666666666666 0.9729166666666667 0.01875 0.9770833333333333 0.022916666666666665 0.9833333333333333 0.027083333333333334 0.9895833333333334 0.03125 0.9958333333333333 0.07708333333333334 0.9979166666666667 0.08125 0.9958333333333333 0.0875 0.9895833333333334 0.09791666666666667 0.975 0.09791666666666667 0.9520833333333333 0.09583333333333334 0.9458333333333333 0.09166666666666666 0.9375 0.08333333333333333 0.9291666666666667 0.07083333333333333 0.9229166666666667
0 0.08125 0.8395833333333333 0.07708333333333334 0.8416666666666667 0.07291666666666667 0.8458333333333333 0.06666666666666667 0.8479166666666667 0.06458333333333334 0.8645833333333334 0.07083333333333333 0.8770833333333333 0.08333333333333333 0.8895833333333333 0.10208333333333333 0.9 0.10625 0.8979166666666667 0.11041666666666666 0.8979166666666667 0.11666666666666667 0.89375 0.12083333333333333 0.89375 0.13333333333333333 0.88125 0.1375 0.8770833333333333 0.14166666666666666 0.86875 0.14166666666666666 0.8604166666666667 0.13958333333333334 0.8479166666666667 0.13541666666666666 0.8458333333333333 0.13125 0.84375 0.12708333333333333 0.84375 0.12083333333333333 0.8395833333333333
0 0.99375 0.06458333333333334 0.9854166666666667 0.06666666666666667 0.975 0.06875 0.9666666666666667 0.07291666666666667 0.9645833333333333 0.07708333333333334 0.9645833333333333 0.08125 0.9604166666666667 0.0875 0.9604166666666667 0.09375 0.9625 0.10416666666666667 0.9645833333333333 0.11041666666666666 0.9666666666666667 0.11458333333333333 0.9729166666666667 0.12291666666666666 0.9770833333333333 0.12708333333333333 0.9854166666666667 0.13125 0.9979166666666667 0.13125 0.9979166666666667 0.06458333333333334
0 0.2604166666666667 0.004166666666666667 0.25625 0.00625 0.2520833333333333 0.008333333333333333 0.24791666666666667 0.0125 0.24583333333333332 0.016666666666666666 0.24583333333333332 0.022916666666666665 0.24791666666666667 0.027083333333333334 0.25625 0.035416666666666666 0.2604166666666667 0.0375 0.26666666666666666 0.0375 0.275 0.029166666666666667 0.27708333333333335 0.022916666666666665 0.27708333333333335 0.016666666666666666 0.275 0.0125 0.26875 0.0125
0 0.25833333333333336 0 0.26875 0.010416666666666666 0.275 0.010416666666666666 0.2833333333333333 0.010416666666666666 0.28958333333333336 0.004166666666666667 0.2916666666666667 0
0 0.06875 0.6145833333333334 0.0625 0.61875 0.058333333333333334 0.61875 0.05416666666666667 0.6208333333333333 0.05 0.625 0.03958333333333333 0.6375 0.035416666666666666 0.64375 0.035416666666666666 0.675 0.0375 0.68125 0.04375 0.69375 0.05 0.7020833333333333 0.05625 0.7104166666666667 0.06041666666666667 0.7145833333333333 0.06458333333333334 0.7145833333333333 0.07291666666666667 0.7166666666666667 0.075 0.71875 0.08333333333333333 0.7208333333333333 0.0875 0.7208333333333333 0.09583333333333334 0.71875 0.10208333333333333 0.7166666666666667 0.10625 0.7145833333333333 0.1125 0.7104166666666667 0.11875 0.7041666666666667 0.12708333333333333 0.6875 0.12708333333333333 0.6625 0.11875 0.6458333333333334 0.11041666666666666 0.6354166666666666 0.10208333333333333 0.6270833333333333 0.09375 0.6229166666666667 0.08958333333333333 0.6229166666666667 0.08333333333333333 0.61875 0.07916666666666666 0.61875 0.07291666666666667 0.6145833333333334
0 0.16875 0.40625 0.1625 0.4083333333333333 0.15625 0.4125 0.15208333333333332 0.4125 0.14791666666666667 0.41458333333333336 0.13333333333333333 0.42916666666666664 0.13125 0.43333333333333335 0.13125 0.4375 0.12708333333333333 0.44375 0.125 0.45 0.12291666666666666 0.45625 0.12291666666666666 0.46041666666666664 0.125 0.4666666666666667 0.12916666666666668 0.47291666666666665 0.12916666666666668 0.47708333333333336 0.13125 0.48125 0.1375 0.4895833333333333 0.14791666666666667 0.5 0.16041666666666668 0.50625 0.18541666666666667 0.50625 0.20208333333333334 0.4979166666666667 0.21666666666666667 0.48333333333333334 0.22083333333333333 0.475 0.22291666666666668 0.46875 0.22291666666666668 0.44375 0.21458333333333332 0.4270833333333333 0.20208333333333334 0.41458333333333336 0.19791666666666666 0.4125 0.18958333333333333 0.41041666666666665 0.18125 0.4083333333333333 0.17291666666666666 0.40625
0 0 0.45416666666666666 0 0.5020833333333333 0.00625 0.5020833333333333 0.020833333333333332 0.4875 0.020833333333333332 0.46875 0.00625 0.45416666666666666
0 0.3229166666666667 0.9083333333333333 0.30833333333333335 0.9125 0.30416666666666664 0.9208333333333333 0.30416666666666664 0.925 0.30625 0.9333333333333333 0.30833333333333335 0.9395833333333333 0.3125 0.94375 0.31875 0.9479166666666666 0.32916666666666666 0.9479166666666666 0.3416666666666667 0.94375 0.3458333333333333 0.9375 0.34791666666666665 0.9333333333333333 0.34791666666666665 0.9291666666666667 0.3458333333333333 0.9208333333333333 0.3416666666666667 0.9125 0.3333333333333333 0.9083333333333333
0 0.41458333333333336 0.9875 0.40208333333333335 0.9979166666666667 0.44583333333333336 0.9979166666666667 0.44166666666666665 0.9916666666666667 0.43333333333333335 0.9875
0 0.6666666666666666 0.9354166666666667 0.6541666666666667 0.9479166666666666 0.6541666666666667 0.9583333333333334 0.65625 0.96875 0.6583333333333333 0.9729166666666667 0.6625 0.9770833333333333 0.68125 0.9770833333333333 0.6875 0.9708333333333333 0.6916666666666667 0.9645833333333333 0.6916666666666667 0.95 0.6895833333333333 0.9458333333333333 0.6854166666666667 0.9395833333333333 0.675 0.9354166666666667
0 0.8145833333333333 0.8166666666666667 0.8083333333333333 0.8291666666666667 0.8083333333333333 0.8333333333333334 0.8104166666666667 0.8395833333333333 0.8125 0.8458333333333333 0.81875 0.8520833333333333 0.825 0.8583333333333333 0.8291666666666667 0.8604166666666667 0.8375 0.8604166666666667 0.8479166666666667 0.85625 0.85 0.8520833333333333 0.85 0.84375 0.8479166666666667 0.83125 0.8416666666666667 0.8229166666666666 0.8354166666666667 0.8166666666666667 0.825 0.8145833333333333
0 0.13541666666666666 0.1125 0.12291666666666666 0.11458333333333333 0.12083333333333333 0.11875 0.11875 0.12291666666666666 0.11666666666666667 0.12916666666666668 0.11666666666666667 0.13333333333333333 0.11875 0.1375 0.12291666666666666 0.14166666666666666 0.12916666666666668 0.14583333333333334 0.13333333333333333 0.14791666666666667 0.15 0.14791666666666667 0.15625 0.14166666666666666 0.16041666666666668 0.13541666666666666 0.16041666666666668 0.12916666666666668 0.15625 0.11875 0.15 0.11458333333333333 0.14583333333333334 0.1125
0 0.18958333333333333 0.09375 0.17708333333333334 0.09791666666666667 0.17291666666666666 0.10416666666666667 0.16875 0.1125 0.16875 0.12083333333333333 0.17291666666666666 0.13333333333333333 0.19166666666666668 0.14166666666666666 0.19791666666666666 0.14166666666666666 0.20208333333333334 0.14166666666666666 0.20625 0.13958333333333334 0.21041666666666667 0.13541666666666666 0.21458333333333332 0.12916666666666668 0.21458333333333332 0.12291666666666666 0.2125 0.11041666666666666 0.20833333333333334 0.1 0.20208333333333334 0.09583333333333334 0.19791666666666666 0.09375
0 0.16458333333333333 0.29791666666666666 0.15625 0.3 0.15208333333333332 0.3020833333333333 0.14583333333333334 0.30833333333333335 0.13958333333333334 0.31666666666666665 0.13958333333333334 0.33125 0.14375 0.33958333333333335 0.14791666666666667 0.34375 0.16458333333333333 0.35208333333333336 0.16875 0.35208333333333336 0.17708333333333334 0.35 0.18333333333333332 0.34375 0.1875 0.33958333333333335 0.18958333333333333 0.33541666666666664 0.18958333333333333 0.31875 0.16875 0.29791666666666666