0 0.8145833333333333 0.19166666666666668 0.8083333333333333 0.20416666666666666 0.8083333333333333 0.20833333333333334 0.8104166666666667 0.21458333333333332 0.8125 0.22083333333333333 0.81875 0.22708333333333333 0.825 0.23333333333333334 0.8291666666666667 0.23541666666666666 0.8375 0.23541666666666666 0.8479166666666667 0.23125 0.85 0.22708333333333333 0.85 0.21875 0.8479166666666667 0.20625 0.8416666666666667 0.19791666666666666 0.8354166666666667 0.19166666666666668 0.825 0.18958333333333333
0 0.8708333333333333 0.8916666666666667 0.8520833333333333 0.9104166666666667 0.8520833333333333 0.93125 0.85625 0.9354166666666667 0.86875 0.9458333333333333 0.8770833333333333 0.9520833333333333 0.8958333333333334 0.9520833333333333 0.9145833333333333 0.9333333333333333 0.9166666666666666 0.9270833333333334 0.91875 0.9145833333333333 0.91875 0.9104166666666667 0.9 0.8916666666666667
0 0.9979166666666667 0.6875 0.98125 0.7041666666666667 0.9791666666666666 0.7083333333333334 0.9770833333333333 0.7145833333333333 0.9770833333333333 0.7229166666666667 0.975 0.7291666666666666 0.9729166666666667 0.73125 0.9729166666666667 0.7354166666666667 0.975 0.7416666666666667 0.9770833333333333 0.7458333333333333 0.9875 0.75625 0.9916666666666667 0.7583333333333333 0.9979166666666667 0.7625
0 0.027083333333333334 0.7583333333333333 0.022916666666666665 0.7625 0.016666666666666666 0.76875 0.016666666666666666 0.7729166666666667 0.016666666666666666 0.78125 0.022916666666666665 0.7875 0.029166666666666667 0.79375 0.035416666666666666 0.79375 0.03958333333333333 0.7958333333333333 0.04583333333333333 0.7916666666666666 0.05 0.7875 0.052083333333333336 0.7833333333333333 0.052083333333333336 0.7770833333333333 0.05416666666666667 0.7729166666666667 0.041666666666666664 0.7604166666666666 0.03333333333333333 0.7583333333333333
0 0.08125 0.21458333333333332 0.07708333333333334 0.21666666666666667 0.07291666666666667 0.22083333333333333 0.06666666666666667 0.22291666666666668 0.06458333333333334 0.23958333333333334 0.07083333333333333 0.2520833333333333 0.08333333333333333 0.26458333333333334 0.10208333333333333 0.275 0.10625 0.27291666666666664 0.11041666666666666 0.27291666666666664 0.11666666666666667 0.26875 0.12083333333333333 0.26875 0.13333333333333333 0.25625 0.1375 0.2520833333333333 0.14166666666666666 0.24375 0.14166666666666666 0.23541666666666666 0.13958333333333334 0.22291666666666668 0.13541666666666666 0.22083333333333333 0.13125 0.21875 0.12708333333333333 0.21875 0.12083333333333333 0.21458333333333332
0 0.05 0 0.03958333333333333 0.0125 0.035416666666666666 0.01875 0.035416666666666666 0.05 0.0375 0.05625 0.04375 0.06875 0.05 0.07708333333333334 0.05625 0.08541666666666667 0.06041666666666667 0.08958333333333333 0.06458333333333334 0.08958333333333333 0.07291666666666667 0.09166666666666666 0.075 0.09375 0.08333333333333333 0.09583333333333334 0.0875 0.09583333333333334 0.09583333333333334 0.09375 0.10208333333333333 0.09166666666666666 0.10625 0.08958333333333333 0.1125 0.08541666666666667 0.11875 0.07916666666666666 0.12708333333333333 0.0625 0.12708333333333333 0.0375 0.11875 0.020833333333333332 0.11041666666666666 0.010416666666666666 0.10208333333333333 0.0020833333333333333 0.09791666666666667 0
0 0.058333333333333334 0.1 0.03958333333333333 0.10208333333333333 0.027083333333333334 0.1125 0.01875 0.12083333333333333 0.016666666666666666 0.12916666666666668 0.016666666666666666 0.1375 0.01875 0.14375 0.020833333333333332 0.14791666666666667 0.03125 0.16041666666666668 0.041666666666666664 0.17083333333333334 0.06875 0.17083333333333334 0.08958333333333333 0.15 0.09166666666666666 0.13541666666666666 0.09166666666666666 0.12083333333333333 0.0875 0.1125 0.08125 0.10625 0.07291666666666667 0.1
0 0.04791666666666667 0.29791666666666666 0.04375 0.3 0.035416666666666666 0.30625 0.029166666666666667 0.3125 0.016666666666666666 0.33125 0.016666666666666666 0.34791666666666665 0.01875 0.35208333333333336 0.022916666666666665 0.35833333333333334 0.027083333333333334 0.3645833333333333 0.03125 0.36875 0.05 0.38125 0.06041666666666667 0.38125 0.06875 0.37916666666666665 0.07291666666666667 0.3770833333333333 0.08125 0.37083333333333335 0.0875 0.3645833333333333 0.09791666666666667 0.35 0.09791666666666667 0.32708333333333334 0.09583333333333334 0.32083333333333336 0.09166666666666666 0.3125 0.08333333333333333 0.30416666666666664 0.07083333333333333 0.29791666666666666
0 0.3229166666666667 0.2833333333333333 0.30833333333333335 0.2875 0.30416666666666664 0.29583333333333334 0.30416666666666664 0.3 0.30625 0.30833333333333335 0.30833333333333335 0.3145833333333333 0.3125 0.31875 0.31875 0.3229166666666667 0.32916666666666666 0.3229166666666667 0.3416666666666667 0.31875 0.3458333333333333 0.3125 0.34791666666666665 0.30833333333333335 0.34791666666666665 0.30416666666666664 0.3458333333333333 0.29583333333333334 0.3416666666666667 0.2875 0.3333333333333333 0.2833333333333333
0 0.41458333333333336 0.3625 0.4041666666666667 0.37083333333333335 0.39791666666666664 0.3770833333333333 0.39791666666666664 0.39791666666666664 0.4041666666666667 0.40625 0.4125 0.41458333333333336 0.41875 0.4166666666666667 0.4270833333333333 0.41875 0.43125 0.41875 0.4375 0.41458333333333336 0.4479166666666667 0.40625 0.45208333333333334 0.40208333333333335 0.45208333333333334 0.38125 0.45 0.3770833333333333 0.44583333333333336 0.37083333333333335 0.44166666666666665 0.36666666666666664 0.43333333333333335 0.3625
0 0.6666666666666666 0.3104166666666667 0.6541666666666667 0.3229166666666667 0.6541666666666667 0.3333333333333333 0.65625 0.34375 0.6583333333333333 0.34791666666666665 0.6625 0.35208333333333336 0.68125 0.35208333333333336 0.6875 0.3458333333333333 0.6916666666666667 0.33958333333333335 0.6916666666666667 0.325 0.6895833333333333 0.32083333333333336 0.6854166666666667 0.3145833333333333 0.675 0.3104166666666667
0 0.64375 0.4041666666666667 0.6270833333333333 0.40625 0.61875 0.4083333333333333 0.6125 0.4125 0.6 0.42291666666666666 0.5958333333333333 0.4270833333333333 0.5833333333333334 0.45208333333333334 0.5833333333333334 0.4625 0.5854166666666667 0.4791666666666667 0.5875 0.4875 0.59375 0.5 0.5979166666666667 0.5041666666666667 0.60625 0.5104166666666666 0.6229166666666667 0.51875 0.6270833333333333 0.51875 0.6333333333333333 0.5229166666666667 0.6375 0.5229166666666667 0.6479166666666667 0.5291666666666667 0.66875 0.5291666666666667 0.6770833333333334 0.525 0.6833333333333333 0.51875 0.6895833333333333 0.5104166666666666 0.6958333333333333 0.5020833333333333 0.7 0.49583333333333335 0.7 0.45416666666666666 0.6895833333333333 0.43333333333333335 0.6666666666666666 0.41041666666666665 0.6583333333333333 0.40625 0.6520833333333333 0.4041666666666667