0 0.6854166666666667 0.5333333333333333 0.6791666666666667 0.5395833333333333 0.6770833333333334 0.5479166666666667 0.6770833333333334 0.5583333333333333 0.6791666666666667 0.5645833333333333 0.6854166666666667 0.5708333333333333 0.6895833333333333 0.575 0.69375 0.5770833333333333 0.7020833333333333 0.5770833333333333 0.7125 0.575 0.7166666666666667 0.5708333333333333 0.7208333333333333 0.5645833333333333 0.7208333333333333 0.5479166666666667 0.71875 0.54375 0.7125 0.5354166666666667 0.7083333333333334 0.53125 0.7041666666666667 0.5291666666666667 0.6979166666666666 0.5291666666666667
0 0.9208333333333333 0.84375 0.9125 0.8479166666666667 0.89375 0.8666666666666667 0.8875 0.8791666666666667 0.8875 0.9 0.8916666666666667 0.9083333333333333 0.8958333333333334 0.9125 0.925 0.9333333333333333 0.9458333333333333 0.9333333333333333 0.9520833333333333 0.93125 0.9583333333333334 0.9270833333333334 0.9625 0.9270833333333334 0.9666666666666667 0.925 0.9729166666666667 0.91875 0.9770833333333333 0.9125 0.9770833333333333 0.8875 0.975 0.88125 0.9708333333333333 0.875 0.9708333333333333 0.8708333333333333 0.96875 0.8666666666666667 0.9583333333333334 0.85625 0.9458333333333333 0.8458333333333333 0.9333333333333333 0.84375
0 0.8708333333333333 0.26666666666666666 0.8520833333333333 0.28541666666666665 0.8520833333333333 0.30625 0.85625 0.3104166666666667 0.86875 0.32083333333333336 0.8770833333333333 0.32708333333333334 0.8958333333333334 0.32708333333333334 0.9145833333333333 0.30833333333333335 0.9166666666666666 0.3020833333333333 0.91875 0.28958333333333336 0.91875 0.28541666666666665 0.9 0.26666666666666666
0 0.027083333333333334 0.13333333333333333 0.022916666666666665 0.1375 0.016666666666666666 0.14375 0.016666666666666666 0.14791666666666667 0.016666666666666666 0.15625 0.022916666666666665 0.1625 0.029166666666666667 0.16875 0.035416666666666666 0.16875 0.03958333333333333 0.17083333333333334 0.04583333333333333 0.16666666666666666 0.05 0.1625 0.052083333333333336 0.15833333333333333 0.052083333333333336 0.15208333333333332 0.05416666666666667 0.14791666666666667 0.041666666666666664 0.13541666666666666 0.03333333333333333 0.13333333333333333
0 0.18333333333333332 0.95625 0.16875 0.9666666666666667 0.1625 0.9729166666666667 0.15416666666666667 0.9833333333333333 0.14791666666666667 0.9916666666666667 0.14583333333333334 0.9979166666666667 0.24583333333333332 0.9979166666666667 0.24375 0.99375 0.24166666666666667 0.9875 0.23541666666666666 0.9791666666666666 0.225 0.96875 0.21875 0.9645833333333333 0.21041666666666667 0.9604166666666667 0.20416666666666666 0.9583333333333334 0.19375 0.95625
0 0.9229166666666667 0.48541666666666666 0.9145833333333333 0.4895833333333333 0.9083333333333333 0.49375 0.8958333333333334 0.50625 0.89375 0.5125 0.8916666666666667 0.525 0.8916666666666667 0.5354166666666667 0.89375 0.5416666666666666 0.9020833333333333 0.55 0.9145833333333333 0.55 0.9395833333333333 0.5375 0.9479166666666666 0.53125 0.9541666666666667 0.5270833333333333 0.9583333333333334 0.51875 0.9583333333333334 0.5125 0.95625 0.50625 0.9541666666666667 0.5020833333333333 0.9416666666666667 0.4895833333333333 0.9375 0.4875 0.93125 0.48541666666666666
0 0.9979166666666667 0.5083333333333333 0.9895833333333334 0.5104166666666666 0.98125 0.5125 0.975 0.5145833333333333 0.9708333333333333 0.5166666666666667 0.9645833333333333 0.5208333333333334 0.9583333333333334 0.525 0.9520833333333333 0.5291666666666667 0.9479166666666666 0.5333333333333333 0.94375 0.5395833333333333 0.94375 0.5520833333333334 0.9458333333333333 0.5583333333333333 0.9479166666666666 0.5645833333333333 0.9520833333333333 0.5729166666666666 0.9625 0.5833333333333334 0.9708333333333333 0.5875 0.9854166666666667 0.5875 0.9916666666666667 0.5833333333333334 0.9979166666666667 0.5833333333333334
0 0.9979166666666667 0.0625 0.98125 0.07916666666666666 0.9791666666666666 0.08333333333333333 0.9770833333333333 0.08958333333333333 0.9770833333333333 0.09791666666666667 0.975 0.10416666666666667 0.9729166666666667 0.10625 0.9729166666666667 0.11041666666666666 0.975 0.11666666666666667 0.9770833333333333 0.12083333333333333 0.9875 0.13125 0.9916666666666667 0.13333333333333333 0.9979166666666667 0.1375
0 0 0.6416666666666667 0 0.6916666666666667 0.004166666666666667 0.6875 0.00625 0.6833333333333333 0.008333333333333333 0.6770833333333334 0.010416666666666666 0.66875 0.010416666666666666 0.6583333333333333 0.008333333333333333 0.65
0 0 0.7 0.0020833333333333333 0.775 0.014583333333333334 0.775 0.020833333333333332 0.7708333333333334 0.03125 0.7625 0.035416666666666666 0.7583333333333333 0.03958333333333333 0.75 0.03958333333333333 0.7458333333333333 0.04375 0.7395833333333334 0.04375 0.7333333333333333 0.041666666666666664 0.7270833333333333 0.0375 0.7208333333333333 0.03125 0.7125 0.027083333333333334 0.7083333333333334 0.01875 0.7041666666666667 0.014583333333333334 0.7041666666666667 0.008333333333333333 0.7
0 0 0.9104166666666667 0 0.9770833333333333 0.00625 0.9729166666666667 0.010416666666666666 0.9708333333333333 0.014583333333333334 0.9666666666666667 0.025 0.9520833333333333 0.025 0.9354166666666667 0.020833333333333332 0.9270833333333334 0.016666666666666666 0.9229166666666667 0.008333333333333333 0.9125
0 0.5229166666666667 0.8541666666666666 0.5020833333333333 0.8645833333333334 0.49583333333333335 0.8708333333333333 0.4875 0.88125 0.48125 0.89375 0.48125 0.9208333333333333 0.48333333333333334 0.9270833333333334 0.4875 0.9333333333333333 0.4875 0.9375 0.4895833333333333 0.9416666666666667 0.4979166666666667 0.95 0.51875 0.9604166666666667 0.5375 0.9604166666666667 0.5583333333333333 0.95 0.5729166666666666 0.9354166666666667 0.5791666666666667 0.9229166666666667 0.5791666666666667 0.8916666666666667 0.5770833333333333 0.8854166666666666 0.5729166666666666 0.8770833333333333 0.5666666666666667 0.86875 0.5604166666666667 0.8625 0.5520833333333334 0.8583333333333333 0.5479166666666667 0.8583333333333333 0.5416666666666666 0.8541666666666666
0 0.48333333333333334 0.5791666666666667 0.4708333333333333 0.58125 0.4583333333333333 0.5916666666666667 0.4479166666666667 0.6020833333333333 0.44583333333333336 0.60625 0.44375 0.6125 0.44166666666666665 0.61875 0.4395833333333333 0.625 0.4395833333333333 0.63125 0.44166666666666665 0.6375 0.4479166666666667 0.6458333333333334 0.45416666666666666 0.6520833333333333 0.4666666666666667 0.6583333333333333 0.48541666666666666 0.6583333333333333 0.5020833333333333 0.65625 0.50625 0.6520833333333333 0.5125 0.64375 0.5166666666666667 0.6375 0.5166666666666667 0.6208333333333333 0.5145833333333333 0.6 0.5041666666666667 0.5895833333333333 0.49166666666666664 0.5791666666666667
0 0.7604166666666666 0.46875 0.75 0.47708333333333336 0.74375 0.48333333333333334 0.7416666666666667 0.4875 0.7395833333333334 0.49375 0.7395833333333334 0.4979166666666667 0.74375 0.50625 0.7458333333333333 0.5104166666666666 0.7520833333333333 0.5104166666666666 0.7666666666666667 0.5125 0.76875 0.5145833333333333 0.775 0.5145833333333333 0.7791666666666667 0.5125 0.7854166666666667 0.5083333333333333 0.7895833333333333 0.5 0.7916666666666666 0.4875 0.7916666666666666 0.48333333333333334 0.7854166666666667 0.475 0.7791666666666667 0.46875