0 0.01875 0.6458333333333334 0.008333333333333333 0.6479166666666667 0 0.65625 0 0.7020833333333333 0.008333333333333333 0.7083333333333334 0.020833333333333332 0.7083333333333334 0.035416666666666666 0.70625 0.03958333333333333 0.7020833333333333 0.04583333333333333 0.69375 0.05 0.6875 0.05 0.6770833333333334 0.04791666666666667 0.6625 0.04375 0.6583333333333333 0.03333333333333333 0.65 0.027083333333333334 0.6458333333333334
0 0.1125 0.5666666666666667 0.10625 0.56875 0.09791666666666667 0.5708333333333333 0.09166666666666666 0.5729166666666666 0.0875 0.575 0.07708333333333334 0.5854166666666667 0.06666666666666667 0.5979166666666667 0.06458333333333334 0.60625 0.06458333333333334 0.6166666666666667 0.06666666666666667 0.6229166666666667 0.07083333333333333 0.63125 0.07708333333333334 0.6395833333333333 0.08541666666666667 0.6479166666666667 0.09791666666666667 0.6541666666666667 0.11875 0.6541666666666667 0.13541666666666666 0.6458333333333334 0.13958333333333334 0.6416666666666667 0.14583333333333334 0.6333333333333333 0.15208333333333332 0.625 0.15416666666666667 0.6208333333333333 0.15416666666666667 0.6104166666666667 0.15208333333333332 0.5958333333333333 0.14166666666666666 0.5833333333333334 0.13333333333333333 0.575 0.11666666666666667 0.5666666666666667
0 0.14791666666666667 0.43333333333333335 0.13958333333333334 0.4395833333333333 0.125 0.45208333333333334 0.11875 0.4583333333333333 0.11666666666666667 0.4625 0.11458333333333333 0.4708333333333333 0.1125 0.4791666666666667 0.1125 0.48333333333333334 0.12291666666666666 0.5041666666666667 0.13541666666666666 0.5166666666666667 0.14791666666666667 0.5229166666666667 0.16458333333333333 0.5229166666666667 0.17291666666666666 0.5166666666666667 0.18125 0.5083333333333333 0.18333333333333332 0.5041666666666667 0.18541666666666667 0.4979166666666667 0.1875 0.49166666666666664 0.18958333333333333 0.48541666666666666 0.19166666666666668 0.4791666666666667 0.19375 0.47291666666666665 0.19583333333333333 0.4666666666666667 0.19583333333333333 0.4625 0.19791666666666666 0.4583333333333333 0.19375 0.45208333333333334 0.18333333333333332 0.4395833333333333 0.17916666666666667 0.4354166666666667 0.1625 0.43333333333333335
0 0.21875 0.5604166666666667 0.2 0.5625 0.18958333333333333 0.5729166666666666 0.17916666666666667 0.5854166666666667 0.17708333333333334 0.5895833333333333 0.175 0.5958333333333333 0.175 0.6083333333333333 0.17708333333333334 0.61875 0.18125 0.625 0.19166666666666668 0.6375 0.19791666666666666 0.64375 0.21041666666666667 0.65 0.23541666666666666 0.65 0.23958333333333334 0.6479166666666667 0.24791666666666667 0.6416666666666667 0.2520833333333333 0.6375 0.25833333333333336 0.625 0.25833333333333336 0.5979166666666667 0.25625 0.5916666666666667 0.25416666666666665 0.5854166666666667 0.2520833333333333 0.58125 0.24166666666666667 0.56875 0.23333333333333334 0.5604166666666667
0 0.20833333333333334 0.4979166666666667 0.20208333333333334 0.5020833333333333 0.19166666666666668 0.5104166666666666 0.1875 0.5145833333333333 0.1875 0.5375 0.19166666666666668 0.54375 0.2 0.5541666666666667 0.20416666666666666 0.5583333333333333 0.2375 0.5583333333333333 0.25833333333333336 0.5375 0.25833333333333336 0.5208333333333334 0.25416666666666665 0.5125 0.25 0.5083333333333333 0.24375 0.50625 0.23958333333333334 0.5020833333333333 0.23125 0.4979166666666667
0 0.6541666666666667 0.25 0.64375 0.2520833333333333 0.6395833333333333 0.25625 0.63125 0.26666666666666666 0.6270833333333333 0.27291666666666664 0.6291666666666667 0.27708333333333335 0.6333333333333333 0.28125 0.6395833333333333 0.28958333333333336 0.6395833333333333 0.2916666666666667 0.64375 0.29791666666666666 0.65625 0.3020833333333333 0.6666666666666666 0.3 0.6729166666666667 0.2916666666666667 0.675 0.2875 0.6770833333333334 0.2791666666666667 0.6770833333333334 0.2708333333333333 0.675 0.26666666666666666 0.66875 0.25833333333333336 0.6645833333333333 0.2520833333333333
0 0 0.3416666666666667 0 0.40625 0.010416666666666666 0.39791666666666664 0.014583333333333334 0.39375 0.014583333333333334 0.38958333333333334 0.016666666666666666 0.38125 0.01875 0.37916666666666665 0.020833333333333332 0.36875 0.020833333333333332 0.3625 0.01875 0.35625 0.016666666666666666 0.35208333333333336 0.0125 0.34791666666666665 0.00625 0.34375
0 0 0.15625 0 0.18541666666666667 0.00625 0.18541666666666667 0.01875 0.175 0.01875 0.16875 0.020833333333333332 0.16458333333333333 0.016666666666666666 0.16041666666666668 0.010416666666666666 0.15625
0 0 0.21875 0 0.26458333333333334 0.004166666666666667 0.2604166666666667 0.010416666666666666 0.25833333333333336 0.010416666666666666 0.2375 0.008333333333333333 0.23125 0.004166666666666667 0.22291666666666668
0 0.004166666666666667 0.2625 0 0.26666666666666666 0 0.30833333333333335 0.0125 0.3104166666666667 0.020833333333333332 0.3104166666666667 0.03333333333333333 0.3 0.035416666666666666 0.2916666666666667 0.035416666666666666 0.2875 0.03333333333333333 0.2833333333333333 0.027083333333333334 0.275 0.020833333333333332 0.26666666666666666 0.010416666666666666 0.2625
0 0.8979166666666667 0.14375 0.8916666666666667 0.14583333333333334 0.8854166666666666 0.14791666666666667 0.8791666666666667 0.15 0.875 0.15208333333333332 0.8645833333333334 0.1625 0.8520833333333333 0.17708333333333334 0.8458333333333333 0.18958333333333333 0.8458333333333333 0.19791666666666666 0.8479166666666667 0.21041666666666667 0.85 0.21666666666666667 0.8645833333333334 0.23333333333333334 0.88125 0.25 0.8875 0.24791666666666667 0.89375 0.24375 0.9041666666666667 0.24375 0.9208333333333333 0.24583333333333332 0.9354166666666667 0.23125 0.94375 0.21458333333333332 0.94375 0.175 0.9395833333333333 0.16875 0.93125 0.15833333333333333 0.925 0.15208333333333332 0.9125 0.14583333333333334 0.90625 0.14375
0 0.89375 0.24583333333333332 0.8875 0.25 0.8833333333333333 0.25 0.8645833333333334 0.2791666666666667 0.8625 0.28958333333333336 0.8625 0.3 0.86875 0.3125 0.8729166666666667 0.31666666666666665 0.8916666666666667 0.33541666666666664 0.9104166666666667 0.33541666666666664 0.93125 0.325 0.9395833333333333 0.31666666666666665 0.9479166666666666 0.30625 0.9479166666666666 0.3020833333333333 0.9458333333333333 0.29583333333333334 0.9479166666666666 0.28958333333333336 0.95 0.2875 0.95 0.2791666666666667 0.9458333333333333 0.2708333333333333 0.9395833333333333 0.26458333333333334 0.9375 0.25833333333333336 0.9291666666666667 0.25 0.9208333333333333 0.24791666666666667 0.9041666666666667 0.24583333333333332
0 0.8958333333333334 0.36875 0.88125 0.37083333333333335 0.8770833333333333 0.375 0.8708333333333333 0.38333333333333336 0.8666666666666667 0.38958333333333334 0.8666666666666667 0.41458333333333336 0.8729166666666667 0.42291666666666666 0.88125 0.43125 0.9041666666666667 0.43125 0.9166666666666666 0.425 0.9208333333333333 0.42083333333333334 0.925 0.41458333333333336 0.9270833333333334 0.41041666666666665 0.9270833333333334 0.3875 0.925 0.38333333333333336 0.91875 0.375 0.9145833333333333 0.37083333333333335 0.9104166666666667 0.36875
0 0.5875 0.4125 0.58125 0.41458333333333336 0.5729166666666666 0.4166666666666667 0.56875 0.41875 0.5583333333333333 0.4270833333333333 0.55 0.4354166666666667 0.5416666666666666 0.45208333333333334 0.5416666666666666 0.46041666666666664 0.54375 0.47291666666666665 0.5479166666666667 0.48333333333333334 0.5583333333333333 0.4875 0.5625 0.49166666666666664 0.5729166666666666 0.49583333333333335 0.5791666666666667 0.49583333333333335 0.5854166666666667 0.49583333333333335 0.5916666666666667 0.49375 0.6 0.49166666666666664 0.60625 0.48541666666666666 0.6104166666666667 0.48125 0.6145833333333334 0.475 0.6166666666666667 0.46875 0.6208333333333333 0.46458333333333335 0.6229166666666667 0.46041666666666664 0.6229166666666667 0.4375 0.6208333333333333 0.43333333333333335 0.6145833333333334 0.425 0.6104166666666667 0.42083333333333334 0.6020833333333333 0.4166666666666667 0.5979166666666667 0.4166666666666667 0.5916666666666667 0.4125
0 0.6916666666666667 0.09166666666666666 0.6875 0.09375 0.6833333333333333 0.09791666666666667 0.6770833333333334 0.1 0.6729166666666667 0.11875 0.6729166666666667 0.13333333333333333 0.6770833333333334 0.14166666666666666 0.6854166666666667 0.14583333333333334 0.6916666666666667 0.14583333333333334 0.7 0.14583333333333334 0.7041666666666667 0.14166666666666666 0.7125 0.13125 0.7125 0.125 0.7104166666666667 0.11666666666666667 0.7083333333333334 0.10625 0.7041666666666667 0.09791666666666667 0.6979166666666666 0.09583333333333334
0 0.5041666666666667 0.0375 0.49166666666666664 0.04375 0.48333333333333334 0.052083333333333336 0.47708333333333336 0.06041666666666667 0.475 0.07291666666666667 0.475 0.08541666666666667 0.48541666666666666 0.1 0.4895833333333333 0.10416666666666667 0.4979166666666667 0.10625 0.5104166666666666 0.10833333333333334 0.5145833333333333 0.10833333333333334 0.51875 0.10625 0.5270833333333333 0.1 0.5354166666666667 0.09375 0.5395833333333333 0.08541666666666667 0.5416666666666666 0.07708333333333334 0.54375 0.06875 0.54375 0.06458333333333334 0.5416666666666666 0.06041666666666667 0.5354166666666667 0.052083333333333336 0.5291666666666667 0.04375 0.5208333333333334 0.03958333333333333 0.5083333333333333 0.0375
0 0.4270833333333333 0 0.42916666666666664 0.004166666666666667 0.44583333333333336 0.01875 0.45208333333333334 0.01875 0.46041666666666664 0.014583333333333334 0.4625 0.010416666666666666 0.4625 0.00625 0.46041666666666664 0
0 0.3770833333333333 0.07083333333333333 0.36666666666666664 0.07291666666666667 0.3625 0.07708333333333334 0.35625 0.08541666666666667 0.35 0.09375 0.34791666666666665 0.09791666666666667 0.34791666666666665 0.10208333333333333 0.35 0.11041666666666666 0.3541666666666667 0.11875 0.36041666666666666 0.12291666666666666 0.36666666666666664 0.12708333333333333 0.3729166666666667 0.13125 0.3770833333333333 0.13333333333333333 0.3875 0.13333333333333333 0.4 0.12916666666666668 0.40625 0.12083333333333333 0.41041666666666665 0.11458333333333333 0.4125 0.11041666666666666 0.4125 0.09583333333333334 0.4083333333333333 0.0875 0.4041666666666667 0.08333333333333333 0.39791666666666664 0.07916666666666666 0.39166666666666666 0.07708333333333334 0.3875 0.07291666666666667 0.38333333333333336 0.07083333333333333
0 0.28541666666666665 0 0.2916666666666667 0.00625 0.3 0.0125 0.32708333333333334 0.0125 0.3333333333333333 0.008333333333333333 0.34375 0
0 0.39375 0.21458333333333332 0.3875 0.21875 0.38333333333333336 0.21875 0.37916666666666665 0.22083333333333333 0.3729166666666667 0.22708333333333333 0.36875 0.23333333333333334 0.35833333333333334 0.25416666666666665 0.35833333333333334 0.27708333333333335 0.36041666666666666 0.28125 0.36666666666666664 0.28958333333333336 0.3729166666666667 0.29791666666666666 0.3770833333333333 0.3020833333333333 0.39375 0.3104166666666667 0.4083333333333333 0.3104166666666667 0.4354166666666667 0.29375 0.4395833333333333 0.28958333333333336 0.44375 0.2833333333333333 0.4479166666666667 0.27708333333333335 0.45 0.27291666666666664 0.45 0.2520833333333333 0.4479166666666667 0.24791666666666667 0.44375 0.24166666666666667 0.4395833333333333 0.2375 0.4375 0.23125 0.43333333333333335 0.22708333333333333 0.42291666666666666 0.21875 0.41875 0.21875 0.4125 0.21458333333333332
0 0.4041666666666667 0.475 0.39791666666666664 0.47708333333333336 0.39375 0.4791666666666667 0.38958333333333334 0.48333333333333334 0.3854166666666667 0.4895833333333333 0.3854166666666667 0.5 0.3875 0.5104166666666666 0.40208333333333335 0.525 0.41458333333333336 0.53125 0.425 0.53125 0.44166666666666665 0.5291666666666667 0.45208333333333334 0.5270833333333333 0.4666666666666667 0.5125 0.46875 0.50625 0.4708333333333333 0.4979166666666667 0.4708333333333333 0.49375 0.46875 0.4895833333333333 0.46458333333333335 0.48541666666666666 0.45 0.475
0 0.3770833333333333 0.4 0.36666666666666664 0.4083333333333333 0.36041666666666666 0.41458333333333336 0.35833333333333334 0.42291666666666666 0.35833333333333334 0.42916666666666664 0.3625 0.4354166666666667 0.36666666666666664 0.4395833333333333 0.37916666666666665 0.44166666666666665 0.3875 0.44166666666666665 0.39375 0.4375 0.4 0.43125 0.4 0.4125 0.39791666666666664 0.4083333333333333 0.39375 0.4041666666666667 0.38958333333333334 0.40208333333333335 0.38125 0.4
0 0.45625 0.5416666666666666 0.4479166666666667 0.5458333333333333 0.44375 0.5479166666666667 0.44375 0.5520833333333334 0.44166666666666665 0.5625 0.4395833333333333 0.5645833333333333 0.4395833333333333 0.56875 0.4479166666666667 0.5770833333333333 0.45416666666666666 0.5791666666666667 0.46458333333333335 0.58125 0.46875 0.58125 0.47291666666666665 0.5791666666666667 0.47708333333333336 0.575 0.4791666666666667 0.5625 0.4791666666666667 0.5520833333333334 0.4708333333333333 0.54375 0.4625 0.5416666666666666
0 0.3 0.20208333333333334 0.29583333333333334 0.20208333333333334 0.28958333333333336 0.20416666666666666 0.28125 0.20625 0.275 0.20833333333333334 0.26666666666666666 0.21875 0.2625 0.22291666666666668 0.25833333333333336 0.23125 0.25833333333333336 0.24166666666666667 0.2604166666666667 0.2520833333333333 0.26458333333333334 0.25833333333333336 0.2708333333333333 0.26666666666666666 0.2791666666666667 0.27708333333333335 0.2833333333333333 0.28125 0.28958333333333336 0.28125 0.3 0.2791666666666667 0.3020833333333333 0.27708333333333335 0.3125 0.275 0.31666666666666665 0.275 0.32083333333333336 0.27708333333333335 0.32916666666666666 0.26875 0.33958333333333335 0.25625 0.3416666666666667 0.24791666666666667 0.3416666666666667 0.2375 0.33958333333333335 0.22916666666666666 0.3375 0.225 0.33125 0.21666666666666667 0.325 0.21041666666666667 0.30625 0.20208333333333334
0 0.3125 0.27708333333333335 0.3020833333333333 0.2791666666666667 0.2916666666666667 0.28125 0.2833333333333333 0.28541666666666665 0.275 0.3020833333333333 0.275 0.3104166666666667 0.27708333333333335 0.32083333333333336 0.2833333333333333 0.3333333333333333 0.28958333333333336 0.33958333333333335 0.29583333333333334 0.34375 0.3020833333333333 0.34375 0.31666666666666665 0.3416666666666667 0.32708333333333334 0.3375 0.33125 0.33125 0.33541666666666664 0.3229166666666667 0.33541666666666664 0.3125 0.3333333333333333 0.29791666666666666 0.32708333333333334 0.28541666666666665 0.32083333333333336 0.2791666666666667 0.31666666666666665 0.27708333333333335
0 0.2916666666666667 0.5291666666666667 0.26666666666666666 0.5416666666666666 0.2625 0.54375 0.2625 0.5479166666666667 0.2604166666666667 0.55625 0.25833333333333336 0.5666666666666667 0.25625 0.56875 0.25625 0.575 0.27708333333333335 0.5958333333333333 0.3 0.5958333333333333 0.33125 0.5729166666666666 0.33125 0.5666666666666667 0.32916666666666666 0.5583333333333333 0.32083333333333336 0.5416666666666666 0.3125 0.5333333333333333 0.30625 0.5291666666666667
0 0.41041666666666665 0.73125 0.4041666666666667 0.7354166666666667 0.39791666666666664 0.7395833333333334 0.39375 0.74375 0.3875 0.75 0.3854166666666667 0.75625 0.38333333333333336 0.7625 0.38125 0.76875 0.37916666666666665 0.775 0.3854166666666667 0.78125 0.3875 0.7875 0.3875 0.7916666666666666 0.39166666666666666 0.7979166666666667 0.39166666666666666 0.8020833333333334 0.3958333333333333 0.80625 0.4083333333333333 0.8125 0.42916666666666664 0.8125 0.44166666666666665 0.8020833333333334 0.45208333333333334 0.7916666666666666 0.45416666666666666 0.7875 0.45625 0.78125 0.4583333333333333 0.7729166666666667 0.4583333333333333 0.7666666666666667 0.45625 0.7583333333333333 0.45416666666666666 0.7541666666666667 0.4479166666666667 0.7458333333333333 0.44375 0.7416666666666667 0.43125 0.7354166666666667 0.4270833333333333 0.7354166666666667 0.41875 0.73125
0 0.4 0.6708333333333333 0.3958333333333333 0.6729166666666667 0.38958333333333334 0.6791666666666667 0.38333333333333336 0.6833333333333333 0.375 0.69375 0.375 0.7166666666666667 0.3770833333333333 0.7208333333333333 0.3854166666666667 0.725 0.39375 0.7270833333333333 0.39791666666666664 0.7270833333333333 0.42291666666666666 0.7145833333333333 0.4270833333333333 0.7041666666666667 0.4270833333333333 0.69375 0.4166666666666667 0.6729166666666667
0 0.19791666666666666 0.8666666666666667 0.18333333333333332 0.86875 0.17916666666666667 0.8708333333333333 0.17083333333333334 0.8770833333333333 0.16458333333333333 0.8833333333333333 0.15 0.90625 0.14791666666666667 0.91875 0.14791666666666667 0.9291666666666667 0.15208333333333332 0.9354166666666667 0.15208333333333332 0.9395833333333333 0.15625 0.9479166666666666 0.1625 0.95625 0.16875 0.9625 0.18125 0.96875 0.2 0.96875 0.22083333333333333 0.9666666666666667 0.22708333333333333 0.9625 0.23958333333333334 0.9520833333333333 0.24583333333333332 0.9458333333333333 0.25 0.9375 0.25 0.91875 0.24791666666666667 0.9020833333333333 0.2375 0.88125 0.23333333333333334 0.8770833333333333 0.2125 0.8666666666666667
0 0.4895833333333333 0.7208333333333333 0.47708333333333336 0.73125 0.46875 0.7395833333333334 0.4666666666666667 0.7520833333333333 0.4666666666666667 0.7625 0.475 0.7791666666666667 0.4791666666666667 0.7833333333333333 0.48541666666666666 0.7854166666666667 0.4895833333333333 0.7895833333333333 0.49375 0.7916666666666666 0.5020833333333333 0.79375 0.5083333333333333 0.79375 0.51875 0.7854166666666667 0.5291666666666667 0.775 0.5291666666666667 0.7479166666666667 0.5270833333333333 0.74375 0.5208333333333334 0.7354166666666667 0.5145833333333333 0.7270833333333333 0.50625 0.7229166666666667 0.49375 0.7208333333333333
0 0.9791666666666666 0.25625 0.9645833333333333 0.26666666666666666 0.9583333333333334 0.27291666666666664 0.95 0.28958333333333336 0.9479166666666666 0.29583333333333334 0.9479166666666666 0.3 0.95 0.30416666666666664 0.9625 0.31666666666666665 0.9708333333333333 0.32083333333333336 0.98125 0.32083333333333336 0.9854166666666667 0.31875 0.9916666666666667 0.3125 0.99375 0.30833333333333335 0.99375 0.3020833333333333 0.9916666666666667 0.2833333333333333 0.9895833333333334 0.2625 0.9875 0.25833333333333336 0.9833333333333333 0.25625
0 0.08020833333333334 0.8120416666666667 0.08685416666666666 0.8053958333333333 0.09470833333333334 0.8005625 0.10377083333333334 0.7975416666666667 0.11343750000000001 0.7975416666666667 0.12189583333333333 0.8011666666666667 0.12733333333333333 0.8090208333333333 0.12914583333333335 0.8186875 0.12854166666666667 0.82775 0.12733333333333333 0.8368125000000001 0.1225 0.8446666666666667 0.11464583333333334 0.8495 0.10497916666666667 0.8495 0.09652083333333333 0.8458749999999999 0.08866666666666667 0.8410416666666667 0.08202083333333333 0.8343958333333333 0.07779166666666668 0.8259375
0 0.31347916666666664 0.703875 0.3183125 0.6953958333333333 0.32435416666666667 0.6881458333333333 0.33160416666666664 0.6821041666666667 0.3400625 0.677875 0.349125 0.6766666666666666 0.3575833333333333 0.6802916666666667 0.36060416666666667 0.6899583333333333 0.36060416666666667 0.6996249999999999 0.3618125 0.7087083333333334 0.363625 0.7177708333333332 0.36483333333333334 0.7268333333333333 0.3612083333333333 0.7352916666666667 0.35275 0.7395208333333334 0.3436875 0.7419375 0.3340208333333334 0.7419375 0.32556250000000003 0.7383124999999999 0.3189166666666667 0.7310625000000001 0.3158958333333333 0.722 0.3146875 0.7129375
0 0.4464166666666667 0.8337916666666667 0.4488333333333333 0.8247291666666666 0.45245833333333335 0.8162708333333334 0.45970833333333333 0.8102291666666667 0.46879166666666666 0.8072083333333333 0.4784583333333333 0.809625 0.48691666666666666 0.81325 0.495375 0.8174791666666666 0.5008125 0.8253333333333334 0.502625 0.8343958333333333 0.502625 0.8440624999999999 0.5020208333333334 0.853125 0.499 0.8622083333333334 0.4905416666666667 0.8664375 0.4814791666666667 0.8676458333333333 0.47241666666666665 0.8670416666666667 0.4633333333333333 0.8640208333333333 0.45547916666666666 0.8591666666666666 0.4500416666666667 0.8513125
0 0.5612499999999999 0.9625208333333333 0.5666875 0.9546666666666667 0.5739375 0.9486249999999999 0.583 0.9480208333333333 0.5920625 0.9474166666666667 0.6023333333333334 0.9486249999999999 0.6095833333333334 0.9546666666666667 0.6168333333333333 0.9613125 0.6216666666666666 0.9691666666666666 0.6210625000000001 0.9788333333333333 0.6180416666666667 0.9878958333333333 0.612 0.9951458333333334 0.6029375 0.999375 0.5982916666666667 1 0.5894583333333333 1 0.5848125 0.999375 0.57575 0.9963541666666667 0.5691041666666667 0.9891041666666667 0.5636666666666666 0.98125 0.5606458333333334 0.9721875
0 0.294125 0.9298749999999999 0.29774999999999996 0.9214166666666667 0.3007708333333333 0.9123541666666667 0.30681250000000004 0.9051041666666666 0.31347916666666664 0.8978541666666667 0.3207291666666666 0.8912083333333333 0.32858333333333334 0.8863749999999999 0.3376458333333333 0.8869791666666667 0.3467083333333333 0.89 0.35275 0.89725 0.3575833333333333 0.9051041666666666 0.3642291666666667 0.9123541666666667 0.3702708333333333 0.9196041666666667 0.3738958333333333 0.9280625 0.3732916666666667 0.9377291666666667 0.370875 0.9468125000000001 0.36725 0.9552708333333333 0.363625 0.9649375 0.3575833333333333 0.9727916666666666 0.34791666666666665 0.9752083333333333 0.33825000000000005 0.9746041666666667 0.32918749999999997 0.9733958333333333 0.3207291666666666 0.9697708333333334 0.3140833333333333 0.963125 0.308625 0.9552708333333333 0.3037916666666666 0.9474166666666667
0 0.31447916666666664 1 0.31166666666666665 0.9915208333333333 0.3158958333333333 0.9830625000000001 0.32375000000000004 0.977625 0.3328125 0.9746041666666667 0.341875 0.9752083333333333 0.3515416666666667 0.9764166666666667 0.36000000000000004 0.9806458333333333 0.36543749999999997 0.9885 0.36785416666666665 0.9975625 0.36704166666666665 1
0 0.2415625 0.9981666666666666 0.23975 0.9891041666666667 0.24095833333333333 0.9794375 0.24216666666666667 0.970375 0.24458333333333335 0.9613125 0.24820833333333334 0.9528541666666667 0.25485416666666666 0.9462083333333333 0.2627083333333333 0.9407708333333333 0.2717708333333333 0.9389583333333333 0.2808333333333334 0.9395625 0.28989583333333335 0.9413750000000001 0.2989583333333333 0.9431875000000001 0.3056041666666667 0.9498333333333334 0.3104375 0.9576875 0.3146875 0.9661458333333334 0.31649999999999995 0.9752083333333333 0.3152916666666667 0.9842708333333333 0.3146875 0.9933333333333334 0.3118125 1 0.2445 1
0 0.16904166666666667 0.9981666666666666 0.17387499999999997 0.9897083333333333 0.176875 0.981875 0.18000000000000002 0.9739583333333334 0.19320833333333332 0.9691666666666666 0.20227083333333334 0.9673541666666666 0.21133333333333332 0.9685625000000001 0.22039583333333335 0.9709791666666666 0.22825 0.9764166666666667 0.23310416666666667 0.9842708333333333 0.236125 0.9933333333333334 0.23700000000000002 1 0.1705625 1
0 0.08625 0.9643333333333334 0.09289583333333334 0.9576875 0.09954166666666667 0.9510416666666667 0.10739583333333333 0.9456041666666667 0.11585416666666666 0.9419791666666666 0.12491666666666666 0.9395625 0.13397916666666668 0.9419791666666666 0.14304166666666665 0.9462083333333333 0.1496875 0.9528541666666667 0.15331250000000002 0.9613125 0.1539375 0.970375 0.15331250000000002 0.9794375 0.1515 0.9885 0.147875 0.9969583333333334 0.14602083333333335 1 0.09147916666666665 1 0.09047916666666667 0.999375 0.08564583333333334 0.9915208333333333 0.0808125 0.9836666666666667 0.08020833333333334 0.9746041666666667
0 0.8903958333333333 0.9785208333333333 0.8919166666666667 0.9709791666666666 0.8964375 0.9644375000000001 0.9035 0.9598958333333333 0.9100416666666666 0.955875 0.9186041666666667 0.955875 0.9261458333333333 0.9583958333333332 0.9322083333333333 0.9634166666666667 0.9362291666666667 0.9704791666666667 0.9387500000000001 0.9780208333333333 0.94025 0.9855833333333333 0.9392499999999999 0.9931249999999999 0.9358125 1 0.9043125 1 0.8994583333333334 0.9951458333333334 0.8939166666666666 0.9891041666666667
0 0.9619166666666668 0.9996875000000001 0.9624166666666666 0.992125 0.9659375 0.9850833333333333 0.9714791666666667 0.9790416666666667 0.9780208333333333 0.975 0.9855833333333333 0.974 0.9931249999999999 0.9770208333333333 0.9971666666666666 0.9835625 1 0.9892291666666666 1 1 0.962125 1
0 0.07916666666666666 0.8958333333333334 0.07083333333333333 0.9 0.06666666666666667 0.9041666666666667 0.05625 0.9125 0.05416666666666667 0.9208333333333333 0.052083333333333336 0.9291666666666667 0.052083333333333336 0.9333333333333333 0.05625 0.9395833333333333 0.05625 0.94375 0.06041666666666667 0.9520833333333333 0.06875 0.9604166666666667 0.075 0.9625 0.08333333333333333 0.9625 0.0875 0.9583333333333334 0.09583333333333334 0.9479166666666666 0.1125 0.9395833333333333 0.11875 0.9395833333333333 0.12083333333333333 0.9354166666666667 0.12083333333333333 0.9291666666666667 0.11875 0.925 0.11458333333333333 0.91875 0.11041666666666666 0.9125 0.10625 0.90625 0.10208333333333333 0.9020833333333333 0.08958333333333333 0.8958333333333334
0 0.6875 0.9041666666666667 0.6833333333333333 0.90625 0.6791666666666667 0.9104166666666667 0.6729166666666667 0.9125 0.6666666666666666 0.9166666666666666 0.6625 0.9270833333333334 0.6604166666666667 0.9416666666666667 0.6604166666666667 0.95 0.6625 0.95625 0.6645833333333333 0.9604166666666667 0.6708333333333333 0.96875 0.6770833333333334 0.975 0.6895833333333333 0.98125 0.70625 0.98125 0.7145833333333333 0.975 0.7291666666666666 0.9625 0.7354166666666667 0.95625 0.7375 0.9520833333333333 0.7395833333333334 0.94375 0.7395833333333334 0.9375 0.7395833333333334 0.9291666666666667 0.7354166666666667 0.9229166666666667 0.73125 0.9166666666666666 0.7270833333333333 0.9125 0.7166666666666667 0.9041666666666667
0 0.6104166666666667 0.8104166666666667 0.6041666666666666 0.8145833333333333 0.6 0.8145833333333333 0.5958333333333333 0.8166666666666667 0.58125 0.83125 0.575 0.84375 0.575 0.8645833333333334 0.5791666666666667 0.8708333333333333 0.5895833333333333 0.8833333333333333 0.5958333333333333 0.8895833333333333 0.6083333333333333 0.8958333333333334 0.6291666666666667 0.8958333333333334 0.6333333333333333 0.89375 0.6416666666666667 0.8875 0.65 0.88125 0.65625 0.875 0.6604166666666667 0.8666666666666667 0.6604166666666667 0.8416666666666667 0.6583333333333333 0.8354166666666667 0.65625 0.83125 0.64375 0.81875 0.6395833333333333 0.8166666666666667 0.63125 0.8145833333333333 0.6229166666666667 0.8125 0.6145833333333334 0.8104166666666667
0 0.7270833333333333 0.8083333333333333 0.7166666666666667 0.81875 0.7166666666666667 0.8354166666666667 0.7208333333333333 0.8395833333333333 0.7291666666666666 0.8458333333333333 0.7458333333333333 0.84375 0.7520833333333333 0.83125 0.7520833333333333 0.8270833333333333 0.75 0.8208333333333333 0.74375 0.8125 0.7395833333333334 0.8083333333333333
0 0.5875 0.5854166666666667 0.5770833333333333 0.5875 0.56875 0.59375 0.5625 0.6 0.5625 0.6083333333333333 0.5645833333333333 0.6166666666666667 0.5854166666666667 0.6375 0.5895833333333333 0.6354166666666666 0.5979166666666667 0.6291666666666667 0.60625 0.6229166666666667 0.6083333333333333 0.6125 0.60625 0.6 0.6 0.5916666666666667 0.59375 0.5854166666666667
0 0.6604166666666667 0.5916666666666667 0.64375 0.6041666666666666 0.6416666666666667 0.6125 0.6416666666666667 0.61875 0.6395833333333333 0.6229166666666667 0.6479166666666667 0.63125 0.6604166666666667 0.6416666666666667 0.6666666666666666 0.6416666666666667 0.6833333333333333 0.6291666666666667 0.6854166666666667 0.6229166666666667 0.6854166666666667 0.6166666666666667 0.6854166666666667 0.6104166666666667 0.6833333333333333 0.6041666666666666 0.6791666666666667 0.6 0.6729166666666667 0.59375 0.6645833333333333 0.5916666666666667
0 0.6145833333333334 0.6270833333333333 0.6083333333333333 0.63125 0.6 0.6375 0.5916666666666667 0.64375 0.5875 0.6520833333333333 0.5854166666666667 0.6645833333333333 0.5854166666666667 0.675 0.5875 0.6833333333333333 0.5895833333333333 0.6916666666666667 0.5958333333333333 0.6979166666666666 0.6020833333333333 0.7041666666666667 0.6104166666666667 0.7104166666666667 0.61875 0.7104166666666667 0.625 0.7104166666666667 0.6333333333333333 0.7083333333333334 0.6416666666666667 0.70625 0.6458333333333334 0.7041666666666667 0.65 0.7 0.6604166666666667 0.6875 0.6645833333333333 0.68125 0.6645833333333333 0.6729166666666667 0.6625 0.6520833333333333 0.6604166666666667 0.64375 0.65 0.6333333333333333 0.6416666666666667 0.6270833333333333
0 0.5479166666666667 0.6520833333333333 0.5354166666666667 0.6541666666666667 0.53125 0.6583333333333333 0.525 0.6666666666666666 0.51875 0.675 0.5166666666666667 0.6791666666666667 0.5166666666666667 0.6895833333333333 0.51875 0.7 0.5270833333333333 0.7083333333333334 0.5375 0.7166666666666667 0.5520833333333334 0.71875 0.5645833333333333 0.71875 0.5729166666666666 0.7145833333333333 0.5770833333333333 0.7104166666666667 0.5833333333333334 0.7020833333333333 0.5875 0.6958333333333333 0.5875 0.6916666666666667 0.5854166666666667 0.6833333333333333 0.5833333333333334 0.675 0.58125 0.6666666666666666 0.5791666666666667 0.6604166666666667 0.575 0.6583333333333333 0.5708333333333333 0.6583333333333333 0.5645833333333333 0.6541666666666667 0.5583333333333333 0.6520833333333333
0 0.45625 0.625 0.45 0.6291666666666667 0.44166666666666665 0.6354166666666666 0.43333333333333335 0.6416666666666667 0.42916666666666664 0.6458333333333334 0.4270833333333333 0.6541666666666667 0.425 0.66875 0.425 0.6770833333333334 0.43125 0.6875 0.43125 0.6916666666666667 0.4375 0.7020833333333333 0.4395833333333333 0.7083333333333334 0.44583333333333336 0.7104166666666667 0.45208333333333334 0.7145833333333333 0.46875 0.7145833333333333 0.47708333333333336 0.7083333333333334 0.4895833333333333 0.6979166666666666 0.49583333333333335 0.6916666666666667 0.5 0.6833333333333333 0.5020833333333333 0.6770833333333334 0.5020833333333333 0.6729166666666667 0.50625 0.6666666666666666 0.50625 0.6458333333333334 0.5 0.6333333333333333 0.49583333333333335 0.6291666666666667 0.4895833333333333 0.625
0 0.36666666666666664 0.5604166666666667 0.36041666666666666 0.5645833333333333 0.35208333333333336 0.5708333333333333 0.3458333333333333 0.5770833333333333 0.33958333333333335 0.5833333333333334 0.3375 0.5916666666666667 0.33541666666666664 0.6 0.3333333333333333 0.6083333333333333 0.33125 0.6166666666666667 0.33125 0.6208333333333333 0.3333333333333333 0.6270833333333333 0.3375 0.6354166666666666 0.3416666666666667 0.6416666666666667 0.3458333333333333 0.6458333333333334 0.3625 0.6541666666666667 0.36875 0.6541666666666667 0.3770833333333333 0.6520833333333333 0.38333333333333336 0.65 0.3875 0.6479166666666667 0.3958333333333333 0.6416666666666667 0.4 0.6375 0.40625 0.6291666666666667 0.41041666666666665 0.6229166666666667 0.41458333333333336 0.6145833333333334 0.4166666666666667 0.60625 0.4166666666666667 0.6020833333333333 0.41458333333333336 0.5958333333333333 0.4125 0.5895833333333333 0.41041666666666665 0.5833333333333334 0.4083333333333333 0.5791666666666667 0.4041666666666667 0.575 0.39166666666666666 0.5645833333333333 0.3854166666666667 0.5604166666666667
0 0.22291666666666668 0.18125 0.21666666666666667 0.1875 0.2125 0.19375 0.20625 0.20208333333333334 0.20208333333333334 0.20833333333333334 0.20208333333333334 0.2125 0.20416666666666666 0.22083333333333333 0.20833333333333334 0.22916666666666666 0.21458333333333332 0.2375 0.21875 0.24166666666666667 0.24375 0.24166666666666667 0.25 0.2375 0.25625 0.23125 0.26458333333333334 0.21458333333333332 0.26458333333333334 0.20416666666666666 0.2625 0.19583333333333333 0.25833333333333336 0.19166666666666668 0.25 0.18541666666666667 0.24375 0.18125
0 0.6125 0.20625 0.6041666666666666 0.21041666666666667 0.5979166666666667 0.21458333333333332 0.59375 0.21875 0.5875 0.22083333333333333 0.5833333333333334 0.22916666666666666 0.58125 0.24166666666666667 0.58125 0.24583333333333332 0.5854166666666667 0.25416666666666665 0.5895833333333333 0.2604166666666667 0.59375 0.26458333333333334 0.5958333333333333 0.2708333333333333 0.6041666666666666 0.275 0.6166666666666667 0.27708333333333335 0.6208333333333333 0.27708333333333335 0.625 0.275 0.6291666666666667 0.26666666666666666 0.6375 0.25625 0.64375 0.25 0.6541666666666667 0.24791666666666667 0.65625 0.24375 0.65625 0.23541666666666666 0.6541666666666667 0.23125 0.65 0.225 0.6458333333333334 0.21875 0.6416666666666667 0.21458333333333332 0.6291666666666667 0.20833333333333334 0.6208333333333333 0.20625
0 0.5479166666666667 0.23125 0.5375 0.23541666666666666 0.5333333333333333 0.24166666666666667 0.53125 0.24791666666666667 0.5270833333333333 0.2520833333333333 0.525 0.25625 0.525 0.2604166666666667 0.5270833333333333 0.26875 0.5291666666666667 0.275 0.5333333333333333 0.2791666666666667 0.5395833333333333 0.2833333333333333 0.5604166666666667 0.2833333333333333 0.56875 0.2791666666666667 0.5729166666666666 0.275 0.5791666666666667 0.2625 0.5791666666666667 0.25416666666666665 0.575 0.24375 0.56875 0.23958333333333334 0.5625 0.2375 0.5583333333333333 0.23333333333333334 0.5541666666666667 0.23125
0 0.5125 0.16875 0.50625 0.17291666666666666 0.4979166666666667 0.17916666666666667 0.49375 0.18958333333333333 0.49166666666666664 0.20625 0.49166666666666664 0.2125 0.49583333333333335 0.21875 0.5 0.22291666666666668 0.5041666666666667 0.22291666666666668 0.5125 0.225 0.5145833333333333 0.22708333333333333 0.5208333333333334 0.22708333333333333 0.525 0.22916666666666666 0.5458333333333333 0.20833333333333334 0.5458333333333333 0.18958333333333333 0.5395833333333333 0.17708333333333334 0.5354166666666667 0.17291666666666666 0.5270833333333333 0.16875
0 0.5770833333333333 0.14375 0.5541666666666667 0.15833333333333333 0.5479166666666667 0.16458333333333333 0.5416666666666666 0.17291666666666666 0.5416666666666666 0.17916666666666667 0.5479166666666667 0.18958333333333333 0.5479166666666667 0.21041666666666667 0.5520833333333334 0.2125 0.55625 0.21458333333333332 0.5604166666666667 0.21458333333333332 0.5666666666666667 0.21875 0.5875 0.21875 0.60625 0.2 0.6083333333333333 0.18958333333333333 0.6104166666666667 0.17083333333333334 0.6104166666666667 0.1625 0.6041666666666666 0.15416666666666667 0.5958333333333333 0.14583333333333334 0.5854166666666667 0.14375
0 0.225 0.35208333333333336 0.21458333333333332 0.36041666666666666 0.20625 0.36875 0.20625 0.38125 0.2125 0.39375 0.2375 0.3958333333333333 0.2520833333333333 0.38125 0.2520833333333333 0.3645833333333333 0.24583333333333332 0.35833333333333334 0.23958333333333334 0.3541666666666667 0.23125 0.35208333333333336
0 0.18541666666666667 0.36041666666666666 0.175 0.3625 0.16458333333333333 0.37083333333333335 0.15833333333333333 0.3770833333333333 0.15625 0.38958333333333334 0.15833333333333333 0.40208333333333335 0.16458333333333333 0.40625 0.17083333333333334 0.41041666666666665 0.175 0.4125 0.18333333333333332 0.4125 0.19166666666666668 0.41041666666666665 0.2 0.4041666666666667 0.20625 0.39791666666666664 0.20625 0.39375 0.20416666666666666 0.3854166666666667 0.20208333333333334 0.375 0.2 0.36875 0.19166666666666668 0.36041666666666666
0 0.12708333333333333 0.36875 0.11458333333333333 0.37083333333333335 0.11041666666666666 0.375 0.10833333333333334 0.37916666666666665 0.10833333333333334 0.3854166666666667 0.11041666666666666 0.39791666666666664 0.11458333333333333 0.40625 0.12291666666666666 0.41041666666666665 0.12708333333333333 0.41041666666666665 0.1375 0.4083333333333333 0.14375 0.40625 0.14791666666666667 0.40208333333333335 0.15208333333333332 0.3958333333333333 0.15208333333333332 0.38958333333333334 0.15 0.38125 0.14375 0.375 0.13541666666666666 0.36875
0 0.09375 0.3229166666666667 0.08541666666666667 0.32708333333333334 0.08125 0.33125 0.06458333333333334 0.35208333333333336 0.06458333333333334 0.35625 0.06875 0.3645833333333333 0.07083333333333333 0.36875 0.075 0.36875 0.0875 0.37083333333333335 0.08958333333333333 0.3729166666666667 0.10208333333333333 0.375 0.10625 0.375 0.11041666666666666 0.3729166666666667 0.11875 0.36666666666666664 0.12291666666666666 0.3625 0.125 0.35208333333333336 0.125 0.3416666666666667 0.11875 0.32916666666666666 0.11041666666666666 0.325 0.09791666666666667 0.3229166666666667
0 0.15625 0.2625 0.15208333333333332 0.26458333333333334 0.14375 0.2708333333333333 0.13541666666666666 0.27708333333333335 0.12708333333333333 0.2833333333333333 0.12291666666666666 0.29583333333333334 0.12083333333333333 0.3125 0.12083333333333333 0.32083333333333336 0.125 0.32708333333333334 0.13541666666666666 0.33958333333333335 0.13958333333333334 0.34375 0.16041666666666668 0.3541666666666667 0.17291666666666666 0.3541666666666667 0.17708333333333334 0.35208333333333336 0.18333333333333332 0.34791666666666665 0.18958333333333333 0.34375 0.19583333333333333 0.33958333333333335 0.2 0.33541666666666664 0.20625 0.3229166666666667 0.20833333333333334 0.3125 0.20833333333333334 0.3020833333333333 0.20416666666666666 0.29583333333333334 0.20416666666666666 0.2916666666666667 0.20208333333333334 0.28541666666666665 0.19375 0.275 0.18958333333333333 0.2708333333333333 0.18333333333333332 0.26666666666666666 0.17916666666666667 0.26458333333333334 0.16666666666666666 0.2625
0 0.08125 0.2520833333333333 0.07083333333333333 0.2625 0.06041666666666667 0.275 0.06041666666666667 0.3020833333333333 0.07083333333333333 0.3125 0.075 0.3145833333333333 0.08125 0.31666666666666665 0.10625 0.31666666666666665 0.11875 0.30416666666666664 0.12083333333333333 0.29583333333333334 0.12291666666666666 0.28125 0.12291666666666666 0.275 0.11875 0.26875 0.11041666666666666 0.25833333333333336 0.10625 0.25416666666666665 0.09375 0.2520833333333333
0 0.04583333333333333 0.30625 0.03125 0.30833333333333335 0.020833333333333332 0.3125 0.016666666666666666 0.31875 0.014583333333333334 0.3229166666666667 0.014583333333333334 0.3375 0.020833333333333332 0.35 0.025 0.3541666666666667 0.029166666666666667 0.35625 0.058333333333333334 0.3541666666666667 0.06666666666666667 0.3375 0.06666666666666667 0.3333333333333333 0.06458333333333334 0.32083333333333336 0.06041666666666667 0.3104166666666667 0.052083333333333336 0.30625
0 0 0 0 0.03125 0.004166666666666667 0.029166666666666667 0.008333333333333333 0.025 0.0125 0.020833333333333332 0.01875 0.0125 0.022916666666666665 0.00625 0.025 0
0 0.05 0.11041666666666666 0.041666666666666664 0.11875 0.035416666666666666 0.12708333333333333 0.03333333333333333 0.13125 0.03125 0.1375 0.03125 0.15625 0.0375 0.16875 0.05416666666666667 0.18541666666666667 0.07083333333333333 0.19375 0.08958333333333333 0.19375 0.10208333333333333 0.1875 0.10625 0.18333333333333332 0.11041666666666666 0.17708333333333334 0.11458333333333333 0.16875 0.11666666666666667 0.14791666666666667 0.11666666666666667 0.12916666666666668 0.09791666666666667 0.11041666666666666
0 0.10625 0.18541666666666667 0.10208333333333333 0.18958333333333333 0.09166666666666666 0.19375 0.08541666666666667 0.19583333333333333 0.08541666666666667 0.20416666666666666 0.0875 0.21458333333333332 0.09791666666666667 0.225 0.11458333333333333 0.225 0.11875 0.22291666666666668 0.125 0.21875 0.12916666666666668 0.20833333333333334 0.12916666666666668 0.20208333333333334 0.12708333333333333 0.19791666666666666 0.12083333333333333 0.18958333333333333 0.11666666666666667 0.18541666666666667
0 0.14166666666666666 0.21875 0.13333333333333333 0.23541666666666666 0.13333333333333333 0.24166666666666667 0.13541666666666666 0.25 0.1375 0.25625 0.14166666666666666 0.2604166666666667 0.14583333333333334 0.2604166666666667 0.15833333333333333 0.25833333333333336 0.16458333333333333 0.25625 0.175 0.24583333333333332 0.17291666666666666 0.22291666666666668 0.16666666666666666 0.21875 0.1625 0.21666666666666667
0 0.14583333333333334 0.12083333333333333 0.12916666666666668 0.12916666666666668 0.125 0.13125 0.125 0.1375 0.12291666666666666 0.15 0.12083333333333333 0.1625 0.11875 0.16458333333333333 0.11875 0.17291666666666666 0.12083333333333333 0.17916666666666667 0.125 0.18541666666666667 0.125 0.18958333333333333 0.12708333333333333 0.19375 0.1375 0.20416666666666666 0.15 0.21458333333333332 0.16666666666666666 0.21666666666666667 0.18541666666666667 0.21666666666666667 0.19375 0.21458333333333332 0.2 0.20833333333333334 0.20416666666666666 0.20416666666666666 0.21041666666666667 0.19583333333333333 0.21458333333333332 0.18958333333333333 0.21875 0.18333333333333332 0.22083333333333333 0.17916666666666667 0.22291666666666668 0.16875 0.22291666666666668 0.15833333333333333 0.21875 0.15 0.20625 0.1375 0.17291666666666666 0.12083333333333333
0 0.03333333333333333 0 0.025 0.010416666666666666 0.01875 0.01875 0.014583333333333334 0.025 0.0125 0.03333333333333333 0.0125 0.041666666666666664 0.014583333333333334 0.05 0.016666666666666666 0.058333333333333334 0.025 0.075 0.029166666666666667 0.07916666666666666 0.03125 0.08541666666666667 0.04791666666666667 0.10208333333333333 0.05625 0.10625 0.07291666666666667 0.10625 0.0875 0.10416666666666667 0.09583333333333334 0.09583333333333334 0.10416666666666667 0.08541666666666667 0.10625 0.08125 0.10833333333333334 0.075 0.11041666666666666 0.06875 0.1125 0.0625 0.11458333333333333 0.05416666666666667 0.11666666666666667 0.04791666666666667 0.11875 0.041666666666666664 0.11875 0.01875 0.1125 0.00625 0.10833333333333334 0.0020833333333333333 0.10416666666666667 0
0 0.11458333333333333 0 0.12083333333333333 0.010416666666666666 0.125 0.014583333333333334 0.13333333333333333 0.016666666666666666 0.14583333333333334 0.01875 0.15208333333333332 0.01875 0.16666666666666666 0.008333333333333333 0.17083333333333334 0.004166666666666667 0.17291666666666666 0
0 0.9645833333333333 0.21666666666666667 0.9583333333333334 0.21875 0.9541666666666667 0.22083333333333333 0.95 0.225 0.94375 0.22708333333333333 0.9395833333333333 0.23125 0.9354166666666667 0.23958333333333334 0.9354166666666667 0.25 0.9375 0.25625 0.9416666666666667 0.26458333333333334 0.9458333333333333 0.26875 0.9520833333333333 0.2708333333333333 0.95625 0.27291666666666664 0.9625 0.26458333333333334 0.9666666666666667 0.2604166666666667 0.9791666666666666 0.25416666666666665 0.9833333333333333 0.25416666666666665 0.9895833333333334 0.25833333333333336 0.9916666666666667 0.2625 0.9958333333333333 0.25625 0.9958333333333333 0.2375 0.9916666666666667 0.22916666666666666 0.9875 0.225 0.98125 0.21875 0.975 0.21666666666666667
0 0.36666666666666664 0.7770833333333333 0.36041666666666666 0.7833333333333333 0.35833333333333334 0.7916666666666666 0.35833333333333334 0.7979166666666667 0.36041666666666666 0.8020833333333334 0.3645833333333333 0.80625 0.36875 0.80625 0.3770833333333333 0.8083333333333333 0.37916666666666665 0.8104166666666667 0.38333333333333336 0.8104166666666667 0.3875 0.8083333333333333 0.39166666666666666 0.80625 0.38958333333333334 0.8020833333333334 0.38958333333333334 0.7979166666666667 0.3854166666666667 0.7916666666666666 0.38333333333333336 0.7854166666666667 0.38333333333333336 0.78125 0.38125 0.7770833333333333
0 0.3645833333333333 0.8479166666666667 0.35625 0.85625 0.34791666666666665 0.8666666666666667 0.34791666666666665 0.8770833333333333 0.35 0.8895833333333333 0.35833333333333334 0.8979166666666667 0.37083333333333335 0.9083333333333333 0.37916666666666665 0.9104166666666667 0.3854166666666667 0.9104166666666667 0.39375 0.9083333333333333 0.39791666666666664 0.90625 0.40208333333333335 0.9020833333333333 0.4083333333333333 0.89375 0.41041666666666665 0.8895833333333333 0.41041666666666665 0.8791666666666667 0.4083333333333333 0.8645833333333334 0.40208333333333335 0.85625 0.39375 0.8479166666666667
0 0.2833333333333333 0.7 0.26666666666666666 0.7020833333333333 0.25625 0.7041666666666667 0.2520833333333333 0.70625 0.24791666666666667 0.7104166666666667 0.24166666666666667 0.7125 0.2375 0.7166666666666667 0.23333333333333334 0.7229166666666667 0.225 0.7395833333333334 0.22291666666666668 0.7458333333333333 0.22291666666666668 0.75 0.21875 0.75625 0.21875 0.78125 0.225 0.7895833333333333 0.23541666666666666 0.8020833333333334 0.24166666666666667 0.8083333333333333 0.25833333333333336 0.8104166666666667 0.27291666666666664 0.8104166666666667 0.2791666666666667 0.8083333333333333 0.28541666666666665 0.80625 0.28958333333333336 0.8041666666666667 0.29583333333333334 0.8 0.30416666666666664 0.79375 0.3104166666666667 0.7875 0.3145833333333333 0.78125 0.31875 0.7729166666666667 0.32083333333333336 0.7583333333333333 0.32083333333333336 0.74375 0.31875 0.7354166666666667 0.31666666666666665 0.7270833333333333 0.3145833333333333 0.7229166666666667 0.2916666666666667 0.7
0 0.20208333333333334 0.7833333333333333 0.19166666666666668 0.7854166666666667 0.18125 0.79375 0.17291666666666666 0.8020833333333334 0.16458333333333333 0.81875 0.16458333333333333 0.8270833333333333 0.16666666666666666 0.8375 0.17083333333333334 0.84375 0.175 0.8479166666666667 0.1875 0.85 0.19583333333333333 0.85 0.225 0.8354166666666667 0.22916666666666666 0.83125 0.23541666666666666 0.81875 0.23541666666666666 0.8145833333333333 0.21666666666666667 0.7854166666666667 0.21041666666666667 0.7833333333333333
0 0.14791666666666667 0.70625 0.14166666666666666 0.7125 0.12916666666666668 0.7270833333333333 0.12291666666666666 0.7354166666666667 0.12291666666666666 0.7604166666666666 0.13125 0.76875 0.14166666666666666 0.7770833333333333 0.15833333333333333 0.7791666666666667 0.17083333333333334 0.7791666666666667 0.17916666666666667 0.7708333333333334 0.1875 0.7604166666666666 0.18958333333333333 0.7458333333333333 0.18958333333333333 0.73125 0.17916666666666667 0.71875 0.16875 0.7083333333333334 0.15833333333333333 0.70625
0 0.8729166666666667 0.8770833333333333 0.86875 0.8791666666666667 0.8645833333333334 0.8833333333333333 0.8541666666666666 0.8916666666666667 0.8520833333333333 0.8979166666666667 0.85 0.90625 0.85 0.9104166666666667 0.8479166666666667 0.9145833333333333 0.8520833333333333 0.9208333333333333 0.8604166666666667 0.93125 0.8645833333333334 0.9354166666666667 0.8770833333333333 0.9375 0.8854166666666666 0.9375 0.8916666666666667 0.9333333333333333 0.9020833333333333 0.925 0.90625 0.9208333333333333 0.9083333333333333 0.9104166666666667 0.9083333333333333 0.9020833333333333 0.9041666666666667 0.8958333333333334 0.8958333333333334 0.8854166666666666 0.8916666666666667 0.88125 0.8875 0.88125 0.8791666666666667 0.8791666666666667 0.8770833333333333 0.8770833333333333