0 0.9979166666666667 0.26666666666666666 0.99375 0.26875 0.9854166666666667 0.275 0.9770833333333333 0.2833333333333333 0.9729166666666667 0.28958333333333336 0.9666666666666667 0.3020833333333333 0.9645833333333333 0.3104166666666667 0.9645833333333333 0.3333333333333333 0.96875 0.3416666666666667 0.9833333333333333 0.35625 0.9895833333333334 0.36041666666666666 0.99375 0.3625 0.9979166666666667 0.3645833333333333
0 0.19375 0.9375 0.18541666666666667 0.9395833333333333 0.175 0.9520833333333333 0.17291666666666666 0.9604166666666667 0.17291666666666666 0.96875 0.175 0.975 0.18541666666666667 0.9875 0.19166666666666668 0.9895833333333334 0.19583333333333333 0.9895833333333334 0.20416666666666666 0.9854166666666667 0.20833333333333334 0.98125 0.2125 0.975 0.21666666666666667 0.9666666666666667 0.21875 0.9583333333333334 0.21875 0.9541666666666667 0.21458333333333332 0.9458333333333333 0.21041666666666667 0.9416666666666667 0.20208333333333334 0.9375
0 0.19583333333333333 0.86875 0.1875 0.8708333333333333 0.18125 0.875 0.175 0.88125 0.16875 0.8895833333333333 0.16458333333333333 0.8979166666666667 0.1625 0.9041666666666667 0.1625 0.9125 0.16458333333333333 0.91875 0.17083333333333334 0.925 0.18333333333333332 0.9375 0.19166666666666668 0.9375 0.20416666666666666 0.9354166666666667 0.21458333333333332 0.9416666666666667 0.21666666666666667 0.9479166666666666 0.22291666666666668 0.9458333333333333 0.23333333333333334 0.9354166666666667 0.2375 0.9270833333333334 0.23958333333333334 0.9208333333333333 0.24166666666666667 0.9145833333333333 0.24166666666666667 0.8979166666666667 0.23958333333333334 0.8895833333333333 0.22916666666666666 0.8791666666666667 0.2125 0.8708333333333333 0.20416666666666666 0.86875
0 0.6458333333333334 0.55625 0.6416666666666667 0.5583333333333333 0.6375 0.5625 0.63125 0.5645833333333333 0.6270833333333333 0.5791666666666667 0.6270833333333333 0.5895833333333333 0.63125 0.5979166666666667 0.6395833333333333 0.6020833333333333 0.65 0.6041666666666666 0.6541666666666667 0.6041666666666666 0.6583333333333333 0.6020833333333333 0.6645833333333333 0.5979166666666667 0.66875 0.5895833333333333 0.6708333333333333 0.5770833333333333 0.6708333333333333 0.5708333333333333 0.6666666666666666 0.5645833333333333 0.6625 0.5604166666666667 0.6583333333333333 0.5583333333333333 0.65 0.55625
0 0.9333333333333333 0.6208333333333333 0.9229166666666667 0.63125 0.9208333333333333 0.6354166666666666 0.91875 0.64375 0.91875 0.6479166666666667 0.9229166666666667 0.6541666666666667 0.9291666666666667 0.6604166666666667 0.9458333333333333 0.6604166666666667 0.9583333333333334 0.6479166666666667 0.9583333333333334 0.63125 0.9541666666666667 0.6229166666666667
0 0.8375 0.3770833333333333 0.83125 0.38333333333333336 0.825 0.39166666666666666 0.825 0.41041666666666665 0.83125 0.4166666666666667 0.8395833333333333 0.42291666666666666 0.8541666666666666 0.42291666666666666 0.8645833333333334 0.4125 0.8666666666666667 0.4041666666666667 0.8666666666666667 0.3958333333333333 0.8625 0.38958333333333334 0.85625 0.38125 0.8520833333333333 0.3770833333333333
0 0.9458333333333333 0.041666666666666664 0.9416666666666667 0.04375 0.9333333333333333 0.05 0.9291666666666667 0.05416666666666667 0.925 0.06041666666666667 0.9208333333333333 0.06875 0.91875 0.08333333333333333 0.91875 0.09791666666666667 0.9416666666666667 0.12083333333333333 0.9583333333333334 0.12916666666666668 0.98125 0.12708333333333333 0.9875 0.11875 0.9895833333333334 0.11458333333333333 0.9895833333333334 0.10833333333333334 0.9875 0.09583333333333334 0.9854166666666667 0.08333333333333333 0.9833333333333333 0.075 0.98125 0.07083333333333333 0.9770833333333333 0.06458333333333334 0.9729166666666667 0.058333333333333334 0.96875 0.052083333333333336 0.9645833333333333 0.04583333333333333 0.9541666666666667 0.041666666666666664
0 0.14166666666666666 0.19375 0.13333333333333333 0.19791666666666666 0.12916666666666668 0.20416666666666666 0.12916666666666668 0.21458333333333332 0.13333333333333333 0.22916666666666666 0.14166666666666666 0.23541666666666666 0.14583333333333334 0.2375 0.15416666666666667 0.2375 0.16458333333333333 0.23541666666666666 0.17083333333333334 0.22916666666666666 0.175 0.22291666666666668 0.175 0.20833333333333334 0.16041666666666668 0.19375
0 0.14166666666666666 0.13541666666666666 0.13125 0.13958333333333334 0.12708333333333333 0.14583333333333334 0.12291666666666666 0.15208333333333332 0.12083333333333333 0.15625 0.12083333333333333 0.18125 0.13333333333333333 0.19375 0.13958333333333334 0.19375 0.15208333333333332 0.19166666666666668 0.16041666666666668 0.1875 0.16875 0.16875 0.16875 0.1625 0.16875 0.15833333333333333 0.16666666666666666 0.15 0.16041666666666668 0.14375 0.15625 0.13958333333333334 0.14791666666666667 0.13541666666666666
0 0.3770833333333333 0.28541666666666665 0.35208333333333336 0.3104166666666667 0.35208333333333336 0.32708333333333334 0.36666666666666664 0.3416666666666667 0.38333333333333336 0.34375 0.39791666666666664 0.34375 0.4041666666666667 0.33958333333333335 0.41041666666666665 0.3333333333333333 0.4125 0.31666666666666665 0.4125 0.3020833333333333 0.40625 0.29375 0.39791666666666664 0.28541666666666665
0 0.3125 0.22083333333333333 0.3 0.22708333333333333 0.2875 0.23958333333333334 0.28541666666666665 0.24375 0.2833333333333333 0.25 0.28125 0.25833333333333336 0.28125 0.2625 0.2833333333333333 0.26875 0.2875 0.27708333333333335 0.3020833333333333 0.2916666666666667 0.3145833333333333 0.29791666666666666 0.32708333333333334 0.29791666666666666 0.33958333333333335 0.2875 0.35 0.27708333333333335 0.35625 0.26458333333333334 0.35625 0.24166666666666667 0.3541666666666667 0.2375 0.34791666666666665 0.22916666666666666 0.33958333333333335 0.225 0.32916666666666666 0.22291666666666668 0.31875 0.22083333333333333
0 0.34791666666666665 0.10416666666666667 0.32916666666666666 0.12708333333333333 0.32916666666666666 0.13333333333333333 0.33125 0.14166666666666666 0.3333333333333333 0.15 0.33541666666666664 0.15833333333333333 0.3375 0.1625 0.34375 0.16875 0.35208333333333336 0.175 0.35833333333333334 0.175 0.375 0.17291666666666666 0.3854166666666667 0.16875 0.38958333333333334 0.1625 0.39375 0.15416666666666667 0.39375 0.14791666666666667 0.39166666666666666 0.13333333333333333 0.3875 0.12291666666666666 0.38125 0.11875 0.3729166666666667 0.1125 0.36666666666666664 0.10833333333333334 0.3625 0.10625 0.3541666666666667 0.10416666666666667
0 0 0.08541666666666667 0 0.125 0.008333333333333333 0.11666666666666667 0.010416666666666666 0.10625 0.010416666666666666 0.09791666666666667
0 0.9979166666666667 0.38333333333333336 0.9958333333333333 0.3875 0.99375 0.39166666666666666 0.99375 0.4 0.9979166666666667 0.4083333333333333
0 0.9770833333333333 0.425 0.96875 0.4270833333333333 0.9520833333333333 0.4354166666666667 0.9479166666666666 0.4395833333333333 0.94375 0.44583333333333336 0.9416666666666667 0.45 0.9395833333333333 0.4583333333333333 0.9395833333333333 0.47708333333333336 0.9416666666666667 0.48541666666666666 0.94375 0.4895833333333333 0.9541666666666667 0.5 0.9583333333333334 0.5020833333333333 0.9666666666666667 0.5041666666666667 0.975 0.5041666666666667 0.9854166666666667 0.5020833333333333 0.99375 0.4979166666666667 0.9979166666666667 0.49375 0.9958333333333333 0.42916666666666664 0.9916666666666667 0.42916666666666664 0.9833333333333333 0.4270833333333333 0.98125 0.425
0 0.99375 0.5020833333333333 0.98125 0.5083333333333333 0.96875 0.5208333333333334 0.9645833333333333 0.5270833333333333 0.95625 0.54375 0.9541666666666667 0.5541666666666667 0.9541666666666667 0.5625 0.95625 0.56875 0.9583333333333334 0.5729166666666666 0.9729166666666667 0.5875 0.98125 0.59375 0.9875 0.5979166666666667 0.9916666666666667 0.6 0.9979166666666667 0.6 0.9979166666666667 0.5020833333333333
0 0.9979166666666667 0.875 0.99375 0.8770833333333333 0.9875 0.88125 0.9729166666666667 0.8958333333333334 0.9645833333333333 0.9125 0.9645833333333333 0.9291666666666667 0.9729166666666667 0.9458333333333333 0.9770833333333333 0.95 0.9854166666666667 0.9541666666666667 0.9916666666666667 0.95625 0.9979166666666667 0.95625