0 0.5145833333333333 0.9416666666666667 0.5 0.95625 0.5 0.9708333333333333 0.50625 0.9833333333333333 0.5083333333333333 0.9875 0.5145833333333333 0.9875 0.5375 0.9895833333333334 0.5458333333333333 0.9854166666666667 0.55 0.9770833333333333 0.55 0.9604166666666667 0.5479166666666667 0.9541666666666667 0.54375 0.95 0.5375 0.9458333333333333 0.5291666666666667 0.9416666666666667
0 0.94375 0.3125 0.9354166666666667 0.3145833333333333 0.925 0.32708333333333334 0.9229166666666667 0.33541666666666664 0.9229166666666667 0.34375 0.925 0.35 0.9354166666666667 0.3625 0.9416666666666667 0.3645833333333333 0.9458333333333333 0.3645833333333333 0.9541666666666667 0.36041666666666666 0.9583333333333334 0.35625 0.9625 0.35 0.9666666666666667 0.3416666666666667 0.96875 0.3333333333333333 0.96875 0.32916666666666666 0.9645833333333333 0.32083333333333336 0.9604166666666667 0.31666666666666665 0.9520833333333333 0.3125
0 0.9458333333333333 0.24375 0.9375 0.24583333333333332 0.93125 0.25 0.925 0.25625 0.91875 0.26458333333333334 0.9145833333333333 0.27291666666666664 0.9125 0.2791666666666667 0.9125 0.2875 0.9145833333333333 0.29375 0.9208333333333333 0.3 0.9333333333333333 0.3125 0.9416666666666667 0.3125 0.9541666666666667 0.3104166666666667 0.9645833333333333 0.31666666666666665 0.9666666666666667 0.3229166666666667 0.9729166666666667 0.32083333333333336 0.9833333333333333 0.3104166666666667 0.9875 0.3020833333333333 0.9895833333333334 0.29583333333333334 0.9916666666666667 0.28958333333333336 0.9916666666666667 0.27291666666666664 0.9895833333333334 0.26458333333333334 0.9791666666666666 0.25416666666666665 0.9625 0.24583333333333332 0.9541666666666667 0.24375
0 0.008333333333333333 0 0.0125 0 0.020833333333333332 0.0020833333333333333 0.022916666666666665 0.004166666666666667 0.027083333333333334 0.004166666666666667 0.03125 0
0 0.03125 0.0020833333333333333 0.022916666666666665 0.01875 0.022916666666666665 0.022916666666666665 0.025 0.035416666666666666 0.027083333333333334 0.041666666666666664 0.029166666666666667 0.04583333333333333 0.035416666666666666 0.05416666666666667 0.03958333333333333 0.058333333333333334 0.04791666666666667 0.06041666666666667 0.05416666666666667 0.06041666666666667 0.06666666666666667 0.05416666666666667 0.07083333333333333 0.05 0.075 0.041666666666666664 0.075 0.03125 0.07291666666666667 0.022916666666666665 0.0625 0.0125 0.052083333333333336 0.004166666666666667 0.04583333333333333 0.0020833333333333333 0.0375 0
0 0.025 0.06041666666666667 0.014583333333333334 0.0625 0.0125 0.06666666666666667 0.010416666666666666 0.075 0.010416666666666666 0.08125 0.008333333333333333 0.08541666666666667 0.0125 0.08958333333333333 0.020833333333333332 0.09583333333333334 0.027083333333333334 0.09583333333333334 0.035416666666666666 0.09375 0.03958333333333333 0.08958333333333333 0.041666666666666664 0.08541666666666667 0.041666666666666664 0.06666666666666667 0.0375 0.0625 0.03333333333333333 0.06041666666666667
0 0.22291666666666668 0.5770833333333333 0.2125 0.5875 0.2125 0.6041666666666666 0.21458333333333332 0.6083333333333333 0.21875 0.6145833333333334 0.22708333333333333 0.61875 0.23541666666666666 0.6208333333333333 0.23958333333333334 0.6208333333333333 0.24583333333333332 0.6166666666666667 0.25 0.6125 0.25 0.5895833333333333 0.24375 0.5833333333333334 0.23541666666666666 0.5770833333333333
0 0.6708333333333333 0.2375 0.6625 0.24166666666666667 0.65625 0.24791666666666667 0.6520833333333333 0.25416666666666665 0.6479166666666667 0.2625 0.6479166666666667 0.275 0.65 0.2791666666666667 0.6625 0.2916666666666667 0.66875 0.2916666666666667 0.6791666666666667 0.28958333333333336 0.69375 0.275 0.69375 0.25833333333333336 0.6854166666666667 0.24166666666666667 0.6770833333333334 0.2375
0 0.65 0.28958333333333336 0.6458333333333334 0.28958333333333336 0.6395833333333333 0.2916666666666667 0.625 0.30625 0.625 0.32916666666666666 0.6291666666666667 0.3375 0.6395833333333333 0.34791666666666665 0.66875 0.34791666666666665 0.675 0.3458333333333333 0.6791666666666667 0.3416666666666667 0.6833333333333333 0.33541666666666664 0.6875 0.32708333333333334 0.6875 0.3104166666666667 0.6791666666666667 0.29375 0.6708333333333333 0.2916666666666667 0.6625 0.29375 0.6583333333333333 0.28958333333333336
0 0.55625 0.98125 0.5479166666666667 0.9833333333333333 0.54375 0.9895833333333334 0.5375 0.9916666666666667 0.5354166666666667 0.9979166666666667 0.59375 0.9979166666666667 0.58125 0.9854166666666667 0.5729166666666666 0.98125
0 0.65 0.94375 0.64375 0.9479166666666666 0.6270833333333333 0.9645833333333333 0.61875 0.975 0.6145833333333334 0.98125 0.6125 0.9875 0.6104166666666667 0.99375 0.6104166666666667 0.9979166666666667 0.7291666666666666 0.9979166666666667 0.7270833333333333 0.99375 0.725 0.9875 0.7229166666666667 0.98125 0.7208333333333333 0.9770833333333333 0.7083333333333334 0.9645833333333333 0.6916666666666667 0.95 0.6833333333333333 0.9458333333333333 0.6770833333333334 0.94375
0 0.08333333333333333 0.42916666666666664 0.07916666666666666 0.43125 0.075 0.4354166666666667 0.06875 0.4375 0.06458333333333334 0.44166666666666665 0.0625 0.44583333333333336 0.0625 0.46875 0.06458333333333334 0.47708333333333336 0.06666666666666667 0.48125 0.075 0.4895833333333333 0.07916666666666666 0.49166666666666664 0.08541666666666667 0.49375 0.09166666666666666 0.49375 0.09791666666666667 0.49166666666666664 0.10833333333333334 0.48541666666666666 0.1125 0.48541666666666666 0.12083333333333333 0.47708333333333336 0.12291666666666666 0.46875 0.12291666666666666 0.4625 0.12083333333333333 0.45416666666666666 0.11875 0.45 0.10416666666666667 0.4354166666666667 0.09791666666666667 0.43125 0.09375 0.42916666666666664
0 0.04583333333333333 0.38333333333333336 0.03958333333333333 0.3854166666666667 0.035416666666666666 0.3875 0.029166666666666667 0.39166666666666666 0.014583333333333334 0.40625 0.014583333333333334 0.43125 0.016666666666666666 0.4354166666666667 0.027083333333333334 0.44583333333333336 0.04375 0.45416666666666666 0.06041666666666667 0.45416666666666666 0.06041666666666667 0.44583333333333336 0.06458333333333334 0.4375 0.075 0.43333333333333335 0.07708333333333334 0.4041666666666667 0.07291666666666667 0.3958333333333333 0.06458333333333334 0.3875 0.06041666666666667 0.3854166666666667 0.052083333333333336 0.38333333333333336
0 0.13333333333333333 0.5208333333333334 0.12916666666666668 0.5229166666666667 0.11666666666666667 0.5291666666666667 0.1125 0.5395833333333333 0.1125 0.5479166666666667 0.11666666666666667 0.55625 0.125 0.5583333333333333 0.13333333333333333 0.55625 0.13958333333333334 0.55 0.14583333333333334 0.5416666666666666 0.14583333333333334 0.5375 0.14375 0.5291666666666667 0.13958333333333334 0.525
0 0.5666666666666667 0.6979166666666666 0.5583333333333333 0.7020833333333333 0.5541666666666667 0.7083333333333334 0.5520833333333334 0.7125 0.5520833333333334 0.73125 0.55625 0.7354166666666667 0.5645833333333333 0.7375 0.56875 0.7375 0.575 0.73125 0.5791666666666667 0.725 0.5791666666666667 0.7083333333333334 0.575 0.7020833333333333 0.5708333333333333 0.6979166666666666
0 0.41041666666666665 0.5708333333333333 0.39791666666666664 0.5770833333333333 0.39375 0.58125 0.3875 0.5895833333333333 0.38333333333333336 0.5958333333333333 0.38333333333333336 0.63125 0.39375 0.6520833333333333 0.4 0.6583333333333333 0.4083333333333333 0.6645833333333333 0.42083333333333334 0.6666666666666666 0.43125 0.6666666666666666 0.4395833333333333 0.6625 0.44583333333333336 0.6583333333333333 0.45 0.6541666666666667 0.45416666666666666 0.6479166666666667 0.45625 0.64375 0.4583333333333333 0.6375 0.46041666666666664 0.6270833333333333 0.46041666666666664 0.6125 0.4583333333333333 0.5979166666666667 0.45208333333333334 0.5854166666666667 0.4479166666666667 0.58125 0.4270833333333333 0.5708333333333333
0 0.63125 0.8729166666666667 0.6270833333333333 0.875 0.61875 0.88125 0.6145833333333334 0.8854166666666666 0.6020833333333333 0.9104166666666667 0.6020833333333333 0.9229166666666667 0.6041666666666666 0.9270833333333334 0.6083333333333333 0.9333333333333333 0.625 0.9375 0.6354166666666666 0.9375 0.6416666666666667 0.9333333333333333 0.6520833333333333 0.925 0.65625 0.9208333333333333 0.65625 0.9166666666666666 0.6583333333333333 0.9083333333333333 0.6604166666666667 0.90625 0.6625 0.8979166666666667 0.6625 0.89375 0.6583333333333333 0.8854166666666666 0.6541666666666667 0.8791666666666667 0.6458333333333334 0.875 0.6354166666666666 0.8729166666666667
0 0.5625 0.8375 0.55625 0.8395833333333333 0.55 0.8416666666666667 0.54375 0.84375 0.5395833333333333 0.8458333333333333 0.5354166666666667 0.85 0.5291666666666667 0.8583333333333333 0.525 0.8645833333333334 0.525 0.88125 0.5270833333333333 0.8854166666666666 0.53125 0.8895833333333333 0.54375 0.8958333333333334 0.5625 0.8958333333333334 0.5708333333333333 0.8916666666666667 0.575 0.8875 0.58125 0.8791666666666667 0.5854166666666667 0.8729166666666667 0.5875 0.86875 0.5875 0.8520833333333333 0.5854166666666667 0.8479166666666667 0.58125 0.84375 0.5729166666666666 0.8395833333333333 0.5666666666666667 0.8375
0 0.43125 0.93125 0.42291666666666666 0.9375 0.4166666666666667 0.94375 0.41458333333333336 0.95 0.4125 0.9583333333333334 0.4125 0.9625 0.41875 0.9708333333333333 0.425 0.9770833333333333 0.4375 0.9791666666666666 0.44583333333333336 0.9791666666666666 0.4625 0.9625 0.4625 0.94375 0.45625 0.9375 0.4479166666666667 0.93125
0 0.35833333333333334 0.1375 0.3458333333333333 0.13958333333333334 0.32916666666666666 0.14791666666666667 0.3125 0.16458333333333333 0.30833333333333335 0.17083333333333334 0.30625 0.17708333333333334 0.30625 0.18125 0.3020833333333333 0.1875 0.3 0.19375 0.29791666666666666 0.2 0.29791666666666666 0.21458333333333332 0.30416666666666664 0.225 0.30416666666666664 0.22916666666666666 0.3104166666666667 0.24166666666666667 0.31666666666666665 0.24791666666666667 0.325 0.25416666666666665 0.3333333333333333 0.25833333333333336 0.3375 0.25833333333333336 0.34791666666666665 0.26458333333333334 0.36041666666666666 0.26458333333333334 0.37083333333333335 0.2625 0.39166666666666666 0.2520833333333333 0.4083333333333333 0.23541666666666666 0.4125 0.22708333333333333 0.41458333333333336 0.22083333333333333 0.41458333333333336 0.20416666666666666 0.41041666666666665 0.19791666666666666 0.41041666666666665 0.19375 0.40625 0.1875 0.40625 0.18333333333333332 0.4041666666666667 0.17708333333333334 0.4 0.17083333333333334 0.4 0.16666666666666666 0.3958333333333333 0.15833333333333333 0.38958333333333334 0.15 0.38333333333333336 0.14375 0.375 0.13958333333333334 0.36875 0.1375
0 0.5770833333333333 0.22708333333333333 0.5645833333333333 0.22916666666666666 0.5583333333333333 0.23541666666666666 0.5479166666666667 0.24791666666666667 0.54375 0.25416666666666665 0.54375 0.2625 0.5458333333333333 0.2791666666666667 0.5479166666666667 0.2875 0.5541666666666667 0.29583333333333334 0.5604166666666667 0.3020833333333333 0.56875 0.30625 0.5729166666666666 0.30625 0.58125 0.30416666666666664 0.5895833333333333 0.3020833333333333 0.59375 0.3 0.6 0.29375 0.6104166666666667 0.28125 0.6166666666666667 0.27291666666666664 0.61875 0.26458333333333334 0.61875 0.25625 0.6166666666666667 0.2520833333333333 0.6083333333333333 0.24375 0.5958333333333333 0.23333333333333334 0.5875 0.22708333333333333
0 0.29583333333333334 0.13541666666666666 0.2916666666666667 0.13958333333333334 0.28541666666666665 0.14583333333333334 0.2833333333333333 0.15416666666666667 0.2833333333333333 0.16041666666666668 0.28125 0.16458333333333333 0.28958333333333336 0.17291666666666666 0.30416666666666664 0.17291666666666666 0.3104166666666667 0.16666666666666666 0.3145833333333333 0.16041666666666668 0.3145833333333333 0.14791666666666667 0.30833333333333335 0.13958333333333334 0.30416666666666664 0.13541666666666666
0 0.9742291666666667 0.5333333333333333 0.9822083333333332 0.5253541666666667 0.9931041666666667 0.5238958333333333 1 0.5268541666666666 1 0.5632291666666667 0.9945416666666667 0.5659583333333333 0.9836666666666667 0.5637708333333333 0.9764166666666667 0.5550833333333334