0 0.32708333333333334 0 0.32916666666666666 0.0125 0.33125 0.016666666666666666 0.34375 0.029166666666666667 0.35 0.03125 0.35833333333333334 0.03333333333333333 0.3645833333333333 0.03333333333333333 0.3729166666666667 0.03125 0.38125 0.027083333333333334 0.3875 0.020833333333333332 0.39791666666666664 0.004166666666666667 0.4 0
0 0.9979166666666667 0.49166666666666664 0.9895833333333334 0.5020833333333333 0.9770833333333333 0.5270833333333333 0.975 0.5354166666666667 0.975 0.5479166666666667 0.9770833333333333 0.5583333333333333 0.98125 0.5666666666666667 0.99375 0.5791666666666667 0.9979166666666667 0.58125
0 0.10625 0.31875 0.09375 0.32083333333333336 0.0875 0.325 0.07916666666666666 0.33125 0.07916666666666666 0.35833333333333334 0.08541666666666667 0.3625 0.09166666666666666 0.36666666666666664 0.09583333333333334 0.36875 0.12291666666666666 0.36875 0.1375 0.3541666666666667 0.1375 0.3458333333333333 0.13541666666666666 0.3333333333333333 0.13125 0.32916666666666666 0.12291666666666666 0.3229166666666667 0.11666666666666667 0.31875
0 0.9979166666666667 0.6020833333333333 0.9916666666666667 0.60625 0.9833333333333333 0.6104166666666667 0.9770833333333333 0.6166666666666667 0.9729166666666667 0.6229166666666667 0.9708333333333333 0.6270833333333333 0.96875 0.6333333333333333 0.9666666666666667 0.6416666666666667 0.9666666666666667 0.65 0.96875 0.6583333333333333 0.975 0.6708333333333333 0.9895833333333334 0.6854166666666667 0.99375 0.6875 0.9979166666666667 0.6895833333333333
0 0.58125 0.3375 0.5770833333333333 0.33958333333333335 0.5729166666666666 0.34375 0.5666666666666667 0.3458333333333333 0.5645833333333333 0.3541666666666667 0.5666666666666667 0.3625 0.5729166666666666 0.36875 0.5833333333333334 0.3770833333333333 0.5916666666666667 0.3770833333333333 0.6020833333333333 0.375 0.6104166666666667 0.36666666666666664 0.6104166666666667 0.35 0.60625 0.34375 0.6020833333333333 0.33958333333333335 0.5916666666666667 0.3375
0 0.25833333333333336 0 0.26458333333333334 0.00625 0.26666666666666666 0.0125 0.2708333333333333 0.01875 0.2791666666666667 0.022916666666666665 0.2875 0.025 0.30833333333333335 0.025 0.32708333333333334 0.008333333333333333 0.32708333333333334 0.004166666666666667 0.325 0
0 0.5791666666666667 0.8291666666666667 0.5708333333333333 0.8333333333333334 0.5666666666666667 0.8375 0.5604166666666667 0.8395833333333333 0.55625 0.8479166666666667 0.5541666666666667 0.8604166666666667 0.5541666666666667 0.8666666666666667 0.55625 0.8708333333333333 0.5625 0.8791666666666667 0.5666666666666667 0.8833333333333333 0.5708333333333333 0.8854166666666666 0.5770833333333333 0.8854166666666666 0.5833333333333334 0.8875 0.5916666666666667 0.8875 0.5979166666666667 0.8833333333333333 0.6020833333333333 0.8791666666666667 0.6083333333333333 0.8729166666666667 0.6104166666666667 0.8645833333333334 0.6104166666666667 0.8583333333333333 0.6083333333333333 0.85 0.60625 0.8458333333333333 0.5979166666666667 0.8375 0.5895833333333333 0.83125 0.5833333333333334 0.8291666666666667
0 0.13125 0.9104166666666667 0.11458333333333333 0.925 0.10208333333333333 0.9375 0.1 0.95 0.1 0.9625 0.10625 0.975 0.11458333333333333 0.9833333333333333 0.125 0.9916666666666667 0.1375 0.9979166666666667 0.16041666666666668 0.9979166666666667 0.17291666666666666 0.9875 0.18333333333333332 0.9770833333333333 0.18541666666666667 0.9625 0.18541666666666667 0.9479166666666666 0.17708333333333334 0.93125 0.16041666666666668 0.9145833333333333 0.15208333333333332 0.9104166666666667
0 0 0.3645833333333333 0 0.45625 0.0125 0.4583333333333333 0.022916666666666665 0.4583333333333333 0.029166666666666667 0.45416666666666666 0.0375 0.4479166666666667 0.04375 0.44166666666666665 0.04791666666666667 0.43333333333333335 0.04791666666666667 0.4166666666666667 0.04583333333333333 0.4 0.041666666666666664 0.39375 0.035416666666666666 0.3854166666666667 0.029166666666666667 0.3770833333333333 0.025 0.3729166666666667 0.020833333333333332 0.37083333333333335 0.014583333333333334 0.37083333333333335 0.008333333333333333 0.36875 0.00625 0.36666666666666664
0 0 0.47291666666666665 0 0.5416666666666666 0.008333333333333333 0.5395833333333333 0.0125 0.5375 0.014583333333333334 0.53125 0.020833333333333332 0.5208333333333334 0.020833333333333332 0.5166666666666667 0.014583333333333334 0.50625 0.014583333333333334 0.5020833333333333 0.008333333333333333 0.49166666666666664 0.008333333333333333 0.4875 0.0020833333333333333 0.47708333333333336
0 0 0.5604166666666667 0 0.5979166666666667 0.00625 0.5895833333333333 0.00625 0.5791666666666667 0.004166666666666667 0.5645833333333333