0 0.14791666666666667 0.6166666666666667 0.13541666666666666 0.61875 0.12708333333333333 0.6208333333333333 0.12291666666666666 0.625 0.12083333333333333 0.6291666666666667 0.12083333333333333 0.6354166666666666 0.12291666666666666 0.6479166666666667 0.125 0.65625 0.13541666666666666 0.6666666666666666 0.1625 0.6666666666666666 0.16666666666666666 0.6625 0.175 0.6520833333333333 0.17916666666666667 0.6458333333333334 0.17916666666666667 0.6229166666666667 0.175 0.6229166666666667 0.16666666666666666 0.6208333333333333 0.15833333333333333 0.61875 0.15625 0.6166666666666667
0 0.020833333333333332 0.029166666666666667 0.014583333333333334 0.03125 0.008333333333333333 0.035416666666666666 0.004166666666666667 0.035416666666666666 0 0.0375 0 0.11458333333333333 0.00625 0.12083333333333333 0.0125 0.12083333333333333 0.029166666666666667 0.11875 0.0375 0.11666666666666667 0.04375 0.1125 0.052083333333333336 0.10416666666666667 0.05625 0.09583333333333334 0.05625 0.08541666666666667 0.05416666666666667 0.06458333333333334 0.052083333333333336 0.05416666666666667 0.04791666666666667 0.04791666666666667 0.041666666666666664 0.03958333333333333 0.0375 0.035416666666666666 0.025 0.029166666666666667
0 0.08125 0.13125 0.075 0.13541666666666666 0.06875 0.14166666666666666 0.06458333333333334 0.14375 0.06666666666666667 0.17708333333333334 0.07916666666666666 0.17916666666666667 0.08958333333333333 0.17916666666666667 0.09375 0.17708333333333334 0.1 0.17291666666666666 0.10625 0.16875 0.11041666666666666 0.15625 0.11041666666666666 0.14791666666666667 0.10416666666666667 0.13958333333333334 0.09791666666666667 0.13333333333333333 0.08958333333333333 0.13125
0 0.03125 0.12083333333333333 0.014583333333333334 0.12291666666666666 0.004166666666666667 0.125 0 0.12916666666666668 0 0.20625 0.00625 0.2125 0.027083333333333334 0.2125 0.03958333333333333 0.20625 0.052083333333333336 0.19375 0.06458333333333334 0.17916666666666667 0.06458333333333334 0.14583333333333334 0.0625 0.14166666666666666 0.058333333333333334 0.13541666666666666 0.05416666666666667 0.13125 0.04791666666666667 0.12708333333333333 0.041666666666666664 0.12291666666666666 0.0375 0.12083333333333333
0 0 0.6125 0 0.7 0.004166666666666667 0.7 0.014583333333333334 0.7020833333333333 0.03958333333333333 0.6895833333333333 0.05625 0.6729166666666667 0.058333333333333334 0.6625 0.058333333333333334 0.6520833333333333 0.05625 0.6458333333333334 0.052083333333333336 0.6375 0.04583333333333333 0.6291666666666667 0.035416666666666666 0.61875 0.022916666666666665 0.6125
0 0 0.7125 0 0.78125 0.027083333333333334 0.7791666666666667 0.03333333333333333 0.7708333333333334 0.0375 0.7645833333333333 0.03958333333333333 0.7604166666666666 0.03958333333333333 0.7375 0.03125 0.7270833333333333 0.022916666666666665 0.71875 0.01875 0.7166666666666667 0.010416666666666666 0.7145833333333333
0 0.48541666666666666 0.8770833333333333 0.475 0.8833333333333333 0.4708333333333333 0.8833333333333333 0.4583333333333333 0.8895833333333333 0.4479166666666667 0.9 0.44583333333333336 0.9041666666666667 0.44375 0.9125 0.44166666666666665 0.9208333333333333 0.4395833333333333 0.9291666666666667 0.4395833333333333 0.9333333333333333 0.45 0.9541666666666667 0.4583333333333333 0.9625 0.4708333333333333 0.9729166666666667 0.475 0.975 0.48333333333333334 0.9770833333333333 0.49166666666666664 0.9791666666666666 0.5 0.98125 0.50625 0.98125 0.5104166666666666 0.9833333333333333 0.5354166666666667 0.9583333333333334 0.5375 0.9479166666666666 0.5395833333333333 0.9270833333333334 0.5395833333333333 0.9166666666666666 0.5354166666666667 0.9104166666666667 0.5354166666666667 0.90625 0.53125 0.8979166666666667 0.5270833333333333 0.89375 0.5166666666666667 0.8854166666666666 0.5104166666666666 0.88125 0.5041666666666667 0.8791666666666667 0.49166666666666664 0.8770833333333333
0 0.4041666666666667 0.9645833333333333 0.39791666666666664 0.9666666666666667 0.39166666666666666 0.96875 0.3875 0.9708333333333333 0.3770833333333333 0.9791666666666666 0.35625 0.9979166666666667 0.45 0.9979166666666667 0.44583333333333336 0.9916666666666667 0.44375 0.9854166666666667 0.4395833333333333 0.98125 0.42916666666666664 0.9729166666666667 0.425 0.9729166666666667 0.41875 0.96875 0.41458333333333336 0.96875 0.4083333333333333 0.9645833333333333
0 0.9104166666666667 0.9104166666666667 0.8875 0.9333333333333333 0.8854166666666666 0.9479166666666666 0.8854166666666666 0.9625 0.8875 0.96875 0.8895833333333333 0.9729166666666667 0.8979166666666667 0.9833333333333333 0.90625 0.9916666666666667 0.91875 0.9979166666666667 0.9479166666666666 0.9979166666666667 0.9666666666666667 0.9791666666666666 0.9666666666666667 0.9416666666666667 0.95625 0.9291666666666667 0.9458333333333333 0.91875 0.9395833333333333 0.9166666666666666 0.93125 0.9145833333333333 0.9229166666666667 0.9125 0.9145833333333333 0.9104166666666667
0 0.94375 0.3958333333333333 0.9395833333333333 0.39791666666666664 0.93125 0.4041666666666667 0.925 0.4083333333333333 0.9208333333333333 0.4166666666666667 0.91875 0.4270833333333333 0.91875 0.43125 0.9416666666666667 0.45416666666666666 0.9729166666666667 0.45416666666666666 0.9979166666666667 0.42916666666666664 0.9979166666666667 0.41875 0.9875 0.4083333333333333 0.975 0.39791666666666664 0.9583333333333334 0.3958333333333333
0 0.99375 0.50625 0.9895833333333334 0.50625 0.9833333333333333 0.5083333333333333 0.9770833333333333 0.5104166666666666 0.9708333333333333 0.5125 0.9645833333333333 0.5145833333333333 0.9604166666666667 0.5166666666666667 0.95 0.5270833333333333 0.9375 0.5520833333333334 0.9354166666666667 0.56875 0.9354166666666667 0.5833333333333334 0.9416666666666667 0.5958333333333333 0.9479166666666666 0.6020833333333333 0.95625 0.6083333333333333 0.9625 0.6125 0.96875 0.6145833333333334 0.9770833333333333 0.6166666666666667 0.9854166666666667 0.61875 0.99375 0.6208333333333333 0.9979166666666667 0.6208333333333333 0.9979166666666667 0.5041666666666667
0 0.23541666666666666 0.60625 0.225 0.6166666666666667 0.21666666666666667 0.6270833333333333 0.21666666666666667 0.6354166666666666 0.21875 0.64375 0.24166666666666667 0.6666666666666666 0.25416666666666665 0.66875 0.2625 0.66875 0.2791666666666667 0.6520833333333333 0.2791666666666667 0.6291666666666667 0.2708333333333333 0.6208333333333333 0.25833333333333336 0.6104166666666667 0.25 0.60625
0 0.21875 0.8479166666666667 0.2125 0.85 0.20625 0.8520833333333333 0.20208333333333334 0.8541666666666666 0.19375 0.8604166666666667 0.18541666666666667 0.86875 0.17916666666666667 0.88125 0.17708333333333334 0.89375 0.17708333333333334 0.90625 0.18125 0.9125 0.18125 0.9166666666666666 0.18541666666666667 0.9229166666666667 0.18541666666666667 0.9270833333333334 0.1875 0.93125 0.18958333333333333 0.9354166666666667 0.19583333333333333 0.9333333333333333 0.2 0.9354166666666667 0.20416666666666666 0.9375 0.20833333333333334 0.9416666666666667 0.2125 0.94375 0.23541666666666666 0.94375 0.2625 0.9229166666666667 0.2625 0.91875 0.26666666666666666 0.9125 0.26666666666666666 0.8875 0.2625 0.88125 0.2625 0.8770833333333333 0.25833333333333336 0.86875 0.24791666666666667 0.8583333333333333 0.23958333333333334 0.8541666666666666 0.23333333333333334 0.8520833333333333 0.22916666666666666 0.8520833333333333 0.22291666666666668 0.8479166666666667
0 0.19583333333333333 0.9354166666666667 0.19166666666666668 0.9375 0.18541666666666667 0.9416666666666667 0.18125 0.95 0.17916666666666667 0.9604166666666667 0.17916666666666667 0.9645833333333333 0.18958333333333333 0.9854166666666667 0.20208333333333334 0.9895833333333334 0.20833333333333334 0.9895833333333334 0.22083333333333333 0.9770833333333333 0.22083333333333333 0.9583333333333334 0.21875 0.9520833333333333 0.20833333333333334 0.94375 0.20416666666666666 0.9395833333333333 0.2 0.9375
0 0.12083333333333333 0.8895833333333333 0.10416666666666667 0.8979166666666667 0.09375 0.90625 0.0875 0.9125 0.08541666666666667 0.9166666666666666 0.08333333333333333 0.925 0.08125 0.9333333333333333 0.08125 0.9375 0.08333333333333333 0.9458333333333333 0.08541666666666667 0.9541666666666667 0.08958333333333333 0.9625 0.09583333333333334 0.9708333333333333 0.10208333333333333 0.9770833333333333 0.11458333333333333 0.9833333333333333 0.12708333333333333 0.9854166666666667 0.13958333333333334 0.9854166666666667 0.15625 0.9770833333333333 0.16666666666666666 0.96875 0.17708333333333334 0.9583333333333334 0.17916666666666667 0.9479166666666666 0.17916666666666667 0.9375 0.175 0.93125 0.175 0.9270833333333334 0.17083333333333334 0.9208333333333333 0.17083333333333334 0.9166666666666666 0.1625 0.90625 0.15625 0.9 0.14791666666666667 0.89375 0.14375 0.8916666666666667 0.13333333333333333 0.8895833333333333
0 0.1 0.55 0.09583333333333334 0.5520833333333334 0.0875 0.5583333333333333 0.08125 0.5645833333333333 0.07083333333333333 0.5791666666666667 0.07083333333333333 0.5895833333333333 0.07291666666666667 0.6 0.07916666666666666 0.6083333333333333 0.08541666666666667 0.6145833333333334 0.11041666666666666 0.6270833333333333 0.12083333333333333 0.6270833333333333 0.12708333333333333 0.61875 0.13333333333333333 0.61875 0.1375 0.6166666666666667 0.14375 0.6083333333333333 0.14375 0.5916666666666667 0.14166666666666666 0.5666666666666667 0.1375 0.5625 0.12708333333333333 0.5541666666666667 0.12083333333333333 0.55
0 0.15833333333333333 0.55625 0.15416666666666667 0.5583333333333333 0.14583333333333334 0.5645833333333333 0.14375 0.5895833333333333 0.14583333333333334 0.6145833333333334 0.15625 0.6145833333333334 0.16458333333333333 0.6166666666666667 0.17291666666666666 0.61875 0.175 0.6208333333333333 0.18125 0.6229166666666667 0.18541666666666667 0.61875 0.19583333333333333 0.6104166666666667 0.19791666666666666 0.6020833333333333 0.2 0.5895833333333333 0.2 0.5833333333333334 0.19791666666666666 0.5791666666666667 0.19375 0.5729166666666666 0.18958333333333333 0.5666666666666667 0.18541666666666667 0.5604166666666667 0.17083333333333334 0.55625