0 0.9104166666666667 0.28541666666666665 0.8875 0.30833333333333335 0.8854166666666666 0.3229166666666667 0.8854166666666666 0.3375 0.8875 0.34375 0.8895833333333333 0.34791666666666665 0.8979166666666667 0.35833333333333334 0.90625 0.36666666666666664 0.9229166666666667 0.375 0.9458333333333333 0.375 0.9666666666666667 0.3541666666666667 0.9666666666666667 0.31666666666666665 0.95625 0.30416666666666664 0.9458333333333333 0.29375 0.9395833333333333 0.2916666666666667 0.93125 0.28958333333333336 0.9229166666666667 0.2875 0.9145833333333333 0.28541666666666665
0 0.21666666666666667 0.0020833333333333333 0.21666666666666667 0.010416666666666666 0.21875 0.01875 0.24166666666666667 0.041666666666666664 0.25416666666666665 0.04375 0.2625 0.04375 0.2791666666666667 0.027083333333333334 0.2791666666666667 0.004166666666666667 0.275 0
0 0.12083333333333333 0.26458333333333334 0.10416666666666667 0.27291666666666664 0.09375 0.28125 0.0875 0.2875 0.08541666666666667 0.2916666666666667 0.08333333333333333 0.3 0.08125 0.30833333333333335 0.08125 0.3125 0.08333333333333333 0.32083333333333336 0.08541666666666667 0.32916666666666666 0.08958333333333333 0.3375 0.09583333333333334 0.3458333333333333 0.10208333333333333 0.35208333333333336 0.11458333333333333 0.35833333333333334 0.12708333333333333 0.36041666666666666 0.13958333333333334 0.36041666666666666 0.15625 0.35208333333333336 0.16666666666666666 0.34375 0.17708333333333334 0.3333333333333333 0.17916666666666667 0.3229166666666667 0.17916666666666667 0.3125 0.175 0.30625 0.175 0.3020833333333333 0.17083333333333334 0.29583333333333334 0.17083333333333334 0.2916666666666667 0.1625 0.28125 0.15625 0.275 0.14791666666666667 0.26875 0.14375 0.26666666666666666 0.13333333333333333 0.26458333333333334
0 0.14166666666666666 0.7854166666666667 0.13541666666666666 0.7854166666666667 0.13125 0.7875 0.12083333333333333 0.7958333333333333 0.11458333333333333 0.8020833333333334 0.1125 0.8104166666666667 0.1125 0.81875 0.12708333333333333 0.8333333333333334 0.15208333333333332 0.8333333333333334 0.15833333333333333 0.8270833333333333 0.16458333333333333 0.81875 0.16458333333333333 0.8145833333333333 0.1625 0.8020833333333334 0.16041666666666668 0.7958333333333333 0.15416666666666667 0.7895833333333333 0.14583333333333334 0.7833333333333333
0 0.375 0.8916666666666667 0.3645833333333333 0.89375 0.35833333333333334 0.8979166666666667 0.35 0.9041666666666667 0.3458333333333333 0.9083333333333333 0.34375 0.9145833333333333 0.3416666666666667 0.925 0.33958333333333335 0.9354166666666667 0.33958333333333335 0.9395833333333333 0.34375 0.9479166666666666 0.34791666666666665 0.9520833333333333 0.3645833333333333 0.9666666666666667 0.38333333333333336 0.9666666666666667 0.38958333333333334 0.9645833333333333 0.3958333333333333 0.9604166666666667 0.4 0.9604166666666667 0.4041666666666667 0.9583333333333334 0.4166666666666667 0.9458333333333333 0.41875 0.9416666666666667 0.42083333333333334 0.9354166666666667 0.42083333333333334 0.925 0.41875 0.9145833333333333 0.4 0.8958333333333334 0.3958333333333333 0.89375 0.3875 0.8916666666666667
0 0.6395833333333333 0.7541666666666667 0.625 0.7645833333333333 0.6208333333333333 0.76875 0.6166666666666667 0.775 0.6125 0.78125 0.6104166666666667 0.7854166666666667 0.6083333333333333 0.79375 0.60625 0.8104166666666667 0.60625 0.81875 0.6083333333333333 0.825 0.6125 0.8333333333333334 0.625 0.8458333333333333 0.63125 0.8458333333333333 0.6479166666666667 0.84375 0.65625 0.8416666666666667 0.6645833333333333 0.8354166666666667 0.6791666666666667 0.8229166666666666 0.6854166666666667 0.8166666666666667 0.6875 0.8125 0.6895833333333333 0.80625 0.6895833333333333 0.79375 0.6875 0.7791666666666667 0.6854166666666667 0.775 0.6791666666666667 0.7666666666666667 0.675 0.7625 0.6625 0.75625 0.6520833333333333 0.7541666666666667
0 0.10625 0 0.11041666666666666 0.0020833333333333333 0.12083333333333333 0
0 0.12291666666666666 0 0.12083333333333333 0.004166666666666667 0.12083333333333333 0.010416666666666666 0.12291666666666666 0.022916666666666665 0.125 0.03125 0.13541666666666666 0.041666666666666664 0.1625 0.041666666666666664 0.16666666666666666 0.0375 0.175 0.027083333333333334 0.17916666666666667 0.020833333333333332 0.17916666666666667 0
0 0 0.0875 0 0.15625 0.027083333333333334 0.15416666666666667 0.03333333333333333 0.14583333333333334 0.0375 0.13958333333333334 0.03958333333333333 0.13541666666666666 0.03958333333333333 0.1125 0.03125 0.10208333333333333 0.022916666666666665 0.09375 0.01875 0.09166666666666666 0.010416666666666666 0.08958333333333333
0 0.48541666666666666 0.2520833333333333 0.475 0.25833333333333336 0.4708333333333333 0.25833333333333336 0.4583333333333333 0.26458333333333334 0.4479166666666667 0.275 0.44583333333333336 0.2791666666666667 0.44375 0.2875 0.44166666666666665 0.29583333333333334 0.4395833333333333 0.30416666666666664 0.4395833333333333 0.30833333333333335 0.45 0.32916666666666666 0.4583333333333333 0.3375 0.4708333333333333 0.34791666666666665 0.475 0.35 0.48333333333333334 0.35208333333333336 0.49166666666666664 0.3541666666666667 0.5 0.35625 0.50625 0.35625 0.5104166666666666 0.35833333333333334 0.5354166666666667 0.3333333333333333 0.5375 0.3229166666666667 0.5395833333333333 0.3020833333333333 0.5395833333333333 0.2916666666666667 0.5354166666666667 0.28541666666666665 0.5354166666666667 0.28125 0.53125 0.27291666666666664 0.5270833333333333 0.26875 0.5166666666666667 0.2604166666666667 0.5104166666666666 0.25625 0.5041666666666667 0.25416666666666665 0.49166666666666664 0.2520833333333333
0 0.21875 0.22291666666666668 0.2125 0.225 0.20625 0.22708333333333333 0.20208333333333334 0.22916666666666666 0.19375 0.23541666666666666 0.18541666666666667 0.24375 0.17916666666666667 0.25625 0.17708333333333334 0.26875 0.17708333333333334 0.28125 0.18125 0.2875 0.18125 0.2916666666666667 0.18541666666666667 0.29791666666666666 0.18541666666666667 0.3020833333333333 0.1875 0.30625 0.18958333333333333 0.3104166666666667 0.19583333333333333 0.30833333333333335 0.2 0.3104166666666667 0.20416666666666666 0.3125 0.20833333333333334 0.31666666666666665 0.2125 0.31875 0.23541666666666666 0.31875 0.2625 0.29791666666666666 0.2625 0.29375 0.26666666666666666 0.2875 0.26666666666666666 0.2625 0.2625 0.25625 0.2625 0.2520833333333333 0.25833333333333336 0.24375 0.24791666666666667 0.23333333333333334 0.23958333333333334 0.22916666666666666 0.23333333333333334 0.22708333333333333 0.22916666666666666 0.22708333333333333 0.22291666666666668 0.22291666666666668
0 0.19583333333333333 0.3104166666666667 0.19166666666666668 0.3125 0.18541666666666667 0.31666666666666665 0.18125 0.325 0.17916666666666667 0.33541666666666664 0.17916666666666667 0.33958333333333335 0.18958333333333333 0.36041666666666666 0.20208333333333334 0.3645833333333333 0.20833333333333334 0.3645833333333333 0.22083333333333333 0.35208333333333336 0.22083333333333333 0.3333333333333333 0.21875 0.32708333333333334 0.20833333333333334 0.31875 0.20416666666666666 0.3145833333333333 0.2 0.3125
0 0.4041666666666667 0.33958333333333335 0.39791666666666664 0.3416666666666667 0.39166666666666666 0.34375 0.3875 0.3458333333333333 0.3770833333333333 0.3541666666666667 0.35625 0.3729166666666667 0.34791666666666665 0.38125 0.3458333333333333 0.3854166666666667 0.34375 0.39166666666666666 0.3416666666666667 0.39791666666666664 0.3416666666666667 0.40208333333333335 0.34375 0.4083333333333333 0.3458333333333333 0.41458333333333336 0.34791666666666665 0.41875 0.35208333333333336 0.42291666666666666 0.35833333333333334 0.4270833333333333 0.3645833333333333 0.42916666666666664 0.3729166666666667 0.43125 0.38125 0.43333333333333335 0.38958333333333334 0.4354166666666667 0.39791666666666664 0.4375 0.40625 0.4395833333333333 0.41458333333333336 0.44166666666666665 0.42083333333333334 0.44166666666666665 0.42916666666666664 0.4395833333333333 0.43333333333333335 0.4375 0.4479166666666667 0.42291666666666666 0.45208333333333334 0.41458333333333336 0.45208333333333334 0.41041666666666665 0.45625 0.4041666666666667 0.45625 0.38125 0.45416666666666666 0.3770833333333333 0.45 0.37083333333333335 0.44583333333333336 0.36666666666666664 0.44375 0.36041666666666666 0.4395833333333333 0.35625 0.42916666666666664 0.34791666666666665 0.425 0.34791666666666665 0.41875 0.34375 0.41458333333333336 0.34375 0.4083333333333333 0.33958333333333335
0 0 0 0 0.075 0.004166666666666667 0.075 0.014583333333333334 0.07708333333333334 0.03958333333333333 0.06458333333333334 0.05625 0.04791666666666667 0.058333333333333334 0.0375 0.058333333333333334 0.027083333333333334 0.05625 0.020833333333333332 0.052083333333333336 0.0125 0.04583333333333333 0.004166666666666667 0.041666666666666664 0