0 0.0004583333333333333 0.5252083333333333 0.010895833333333334 0.5338958333333333 0.019604166666666666 0.5443541666666667 0.023958333333333335 0.5573958333333333 0.0248125 0.5704583333333333 0.022208333333333333 0.5835 0.011770833333333335 0.5930833333333333 0.0021875 0.6026458333333333 0 0.6012500000000001 0 0.5259166666666667
0 0.09356249999999999 0.5312916666666667 0.10227083333333334 0.5208541666666666 0.11358333333333334 0.5138958333333333 0.12577083333333333 0.5077916666666666 0.13881249999999998 0.5051875 0.151875 0.5086666666666667 0.1623125 0.517375 0.16927083333333334 0.5286875 0.17450000000000002 0.540875 0.1779791666666667 0.5539166666666666 0.17710416666666667 0.5669791666666666 0.17189583333333333 0.5800208333333334 0.16318749999999999 0.5904583333333334 0.151875 0.5974375 0.13881249999999998 0.5991666666666667 0.12577083333333333 0.5982916666666667 0.11270833333333334 0.5948125 0.106625 0.5826458333333334 0.10400000000000001 0.5695833333333333 0.10139583333333334 0.5565208333333334 0.09966666666666667 0.5434791666666666
0 0.85675 0.36508333333333337 0.8628541666666667 0.3528958333333333 0.8698125 0.34158333333333335 0.881125 0.334625 0.8941874999999999 0.332875 0.9072291666666668 0.332 0.9185416666666666 0.33897916666666666 0.9263750000000001 0.3502916666666666 0.9307291666666667 0.36333333333333334 0.9298541666666666 0.3763958333333333 0.928125 0.3894375 0.9246458333333333 0.40249999999999997 0.9168125 0.41468750000000004 0.904625 0.4207708333333333 0.8915624999999999 0.423375 0.879375 0.41729166666666667 0.8672083333333334 0.41120833333333334 0.85675 0.401625 0.8489375 0.3903125 0.8463125 0.37727083333333333
0 0.4782083333333333 0.3259166666666667 0.4912708333333333 0.3267916666666667 0.5043124999999999 0.33027083333333335 0.51475 0.33897916666666666 0.5191041666666666 0.35202083333333334 0.5112708333333333 0.36333333333333334 0.49822916666666667 0.36595833333333333 0.4860416666666667 0.36072916666666666 0.4747291666666667 0.3537708333333333 0.470375 0.34070833333333334
0 0.5269375000000001 0.23541666666666666 0.53825 0.22845833333333332 0.5513125 0.22497916666666665 0.562625 0.2319375 0.5713333333333334 0.24325000000000002 0.5756666666666667 0.25629166666666664 0.5721875 0.2693541666666667 0.56 0.27458333333333335 0.5460833333333334 0.27458333333333335 0.5347708333333333 0.26587500000000003 0.5278125 0.2536875
0 0.5199791666666667 0.08312499999999999 0.5269375000000001 0.0718125 0.5399999999999999 0.06745833333333334 0.5530416666666667 0.06920833333333333 0.562625 0.07877083333333333 0.5678333333333333 0.09095833333333332 0.5687083333333334 0.10400000000000001 0.5635 0.11618750000000001 0.5521875 0.12402083333333333 0.539125 0.12577083333333333 0.5278125 0.1188125 0.5217291666666667 0.106625
0 0.40075000000000005 0.07704166666666666 0.41381249999999997 0.0718125 0.426 0.06658333333333334 0.4399166666666667 0.059625000000000004 0.44949999999999996 0.0500625 0.45297916666666665 0.037000000000000005 0.4590625 0.0248125 0.46341666666666664 0.011770833333333335 0.4657708333333333 0 0.36204166666666665 0 0.3624583333333333 0.006541666666666667 0.36595833333333333 0.019604166666666666 0.3685625 0.03264583333333333 0.37116666666666664 0.04570833333333334 0.37464583333333334 0.05875 0.3842291666666667 0.06833333333333333
0 0.09183333333333334 0.2528125 0.10400000000000001 0.2467291666666667 0.1179375 0.2467291666666667 0.13097916666666667 0.2502083333333333 0.13795833333333332 0.2615208333333333 0.13708333333333333 0.27458333333333335 0.13708333333333333 0.2885 0.13272916666666668 0.3015416666666667 0.12229166666666667 0.31024999999999997 0.10922916666666667 0.30852083333333336 0.09704166666666666 0.3032916666666667 0.09008333333333333 0.2919791666666667 0.08835416666666666 0.27891666666666665
0 0.05266666666666667 0.18058333333333335 0.051791666666666666 0.16754166666666667 0.05439583333333333 0.15447916666666667 0.06485416666666667 0.14404166666666668 0.07704166666666666 0.13795833333333332 0.09008333333333333 0.1396875 0.10052083333333334 0.14839583333333334 0.10487500000000001 0.16143749999999998 0.106625 0.17450000000000002 0.10575 0.18754166666666666 0.09704166666666666 0.198 0.084 0.20060416666666667 0.0709375 0.19712500000000002
0 0.008291666666666666 0.005666666666666667 0.017854166666666667 0.015250000000000001 0.0265625 0.0256875 0.030041666666666668 0.03875 0.030041666666666668 0.05266666666666667 0.0265625 0.06572916666666667 0.016979166666666667 0.07529166666666667 0.0039375 0.07964583333333333 0 0.07722916666666667 0 0.006104166666666667
0 0 0.1625 0 0.22708333333333333 0.00625 0.22083333333333333 0.010416666666666666 0.21458333333333332 0.0125 0.21041666666666667 0.0125 0.18958333333333333 0.010416666666666666 0.17916666666666667 0.008333333333333333 0.17291666666666666 0.00625 0.16875
0 0 0.3333333333333333 0 0.42083333333333334 0.00625 0.42083333333333334 0.014583333333333334 0.41875 0.022916666666666665 0.4166666666666667 0.027083333333333334 0.41458333333333336 0.03125 0.41041666666666665 0.0375 0.40208333333333335 0.04375 0.38958333333333334 0.04583333333333333 0.38125 0.04583333333333333 0.3729166666666667 0.04375 0.3645833333333333 0.041666666666666664 0.36041666666666666 0.027083333333333334 0.3458333333333333 0.020833333333333332 0.3416666666666667 0.008333333333333333 0.33541666666666664 0.004166666666666667 0.33541666666666664
0 0 0.4479166666666667 0 0.5208333333333334 0.004166666666666667 0.525 0.020833333333333332 0.5333333333333333 0.029166666666666667 0.5354166666666667 0.03333333333333333 0.5354166666666667 0.03958333333333333 0.5333333333333333 0.05625 0.525 0.06041666666666667 0.5208333333333334 0.06458333333333334 0.5125 0.06666666666666667 0.50625 0.06875 0.4979166666666667 0.06875 0.49375 0.0625 0.48333333333333334 0.0625 0.4791666666666667 0.058333333333333334 0.4708333333333333 0.052083333333333336 0.46458333333333335 0.04375 0.4583333333333333 0.035416666666666666 0.45416666666666666 0.025 0.45208333333333334 0.016666666666666666 0.45208333333333334 0.010416666666666666 0.45 0.008333333333333333 0.4479166666666667
0 0.9729166666666667 0.8 0.9666666666666667 0.8041666666666667 0.9583333333333334 0.8104166666666667 0.9541666666666667 0.8145833333333333 0.9541666666666667 0.8333333333333334 0.95625 0.85 0.9729166666666667 0.8625 0.9875 0.8625 0.9958333333333333 0.8583333333333333 0.9958333333333333 0.8020833333333334 0.9833333333333333 0.8
0 0.8979166666666667 0.7854166666666667 0.8916666666666667 0.7895833333333333 0.8833333333333333 0.7958333333333333 0.875 0.8020833333333334 0.8708333333333333 0.80625 0.8708333333333333 0.8104166666666667 0.86875 0.81875 0.8666666666666667 0.8208333333333333 0.8645833333333334 0.83125 0.8645833333333334 0.8354166666666667 0.8708333333333333 0.8479166666666667 0.8791666666666667 0.85625 0.8916666666666667 0.8666666666666667 0.9 0.8729166666666667 0.9041666666666667 0.875 0.9083333333333333 0.875 0.9145833333333333 0.8791666666666667 0.9229166666666667 0.8791666666666667 0.93125 0.8770833333333333 0.9375 0.8729166666666667 0.9458333333333333 0.8645833333333334 0.9541666666666667 0.8479166666666667 0.9541666666666667 0.8354166666666667 0.9520833333333333 0.81875 0.95 0.8145833333333333 0.94375 0.80625 0.9395833333333333 0.8 0.9354166666666667 0.7958333333333333 0.9270833333333334 0.7895833333333333 0.9229166666666667 0.7875 0.9104166666666667 0.7854166666666667
0 0.20208333333333334 0.8416666666666667 0.19583333333333333 0.8458333333333333 0.19166666666666668 0.8458333333333333 0.1875 0.8479166666666667 0.18333333333333332 0.8520833333333333 0.17708333333333334 0.8604166666666667 0.17291666666666666 0.8666666666666667 0.16875 0.875 0.16875 0.8791666666666667 0.16458333333333333 0.8854166666666666 0.16458333333333333 0.9083333333333333 0.16666666666666666 0.9145833333333333 0.17083333333333334 0.9229166666666667 0.17708333333333334 0.93125 0.18333333333333332 0.9375 0.20833333333333334 0.95 0.225 0.95 0.22916666666666666 0.9479166666666666 0.23333333333333334 0.94375 0.25416666666666665 0.9083333333333333 0.25625 0.8958333333333334 0.25625 0.8854166666666666 0.2520833333333333 0.8791666666666667 0.2520833333333333 0.875 0.25 0.86875 0.24166666666666667 0.8583333333333333 0.23541666666666666 0.8520833333333333 0.22708333333333333 0.8458333333333333 0.22291666666666668 0.84375 0.2125 0.8416666666666667
0 0.08541666666666667 0.81875 0.07708333333333334 0.8208333333333333 0.07083333333333333 0.8229166666666666 0.06458333333333334 0.825 0.05625 0.8270833333333333 0.05 0.8333333333333334 0.04583333333333333 0.8375 0.04375 0.84375 0.03958333333333333 0.8479166666666667 0.0375 0.8520833333333333 0.035416666666666666 0.8645833333333334 0.035416666666666666 0.8791666666666667 0.03958333333333333 0.8875 0.04791666666666667 0.8979166666666667 0.05625 0.90625 0.06875 0.9125 0.08541666666666667 0.9125 0.09791666666666667 0.90625 0.12083333333333333 0.8833333333333333 0.12291666666666666 0.8791666666666667 0.12291666666666666 0.8708333333333333 0.12083333333333333 0.8583333333333333 0.11875 0.8458333333333333 0.11666666666666667 0.8375 0.10416666666666667 0.825 0.09583333333333334 0.8208333333333333 0.08958333333333333 0.81875
0 0.15625 0.36875 0.14791666666666667 0.3770833333333333 0.14375 0.38125 0.13958333333333334 0.3854166666666667 0.1375 0.38958333333333334 0.1375 0.4166666666666667 0.13958333333333334 0.42083333333333334 0.14375 0.425 0.15833333333333333 0.4354166666666667 0.1625 0.4354166666666667 0.17291666666666666 0.44166666666666665 0.18958333333333333 0.44166666666666665 0.20416666666666666 0.4395833333333333 0.20416666666666666 0.43333333333333335 0.20625 0.42083333333333334 0.20416666666666666 0.41041666666666665 0.20208333333333334 0.4041666666666667 0.2 0.39791666666666664 0.19583333333333333 0.38958333333333334 0.1875 0.37916666666666665 0.18125 0.3729166666666667 0.17291666666666666 0.36875
0 0.13125 0.32083333333333336 0.12083333333333333 0.3229166666666667 0.10833333333333334 0.32916666666666666 0.10416666666666667 0.3333333333333333 0.1 0.33958333333333335 0.09791666666666667 0.34791666666666665 0.09791666666666667 0.35625 0.10208333333333333 0.3645833333333333 0.10625 0.36875 0.12916666666666668 0.37916666666666665 0.13541666666666666 0.38333333333333336 0.13958333333333334 0.38125 0.14791666666666667 0.375 0.15625 0.36666666666666664 0.15625 0.3375 0.15208333333333332 0.32916666666666666 0.14791666666666667 0.325 0.13958333333333334 0.32083333333333336
0 0.66875 0.32916666666666666 0.6645833333333333 0.33125 0.65625 0.3375 0.6520833333333333 0.3416666666666667 0.6458333333333334 0.3541666666666667 0.6458333333333334 0.3729166666666667 0.6479166666666667 0.3958333333333333 0.6520833333333333 0.4041666666666667 0.65625 0.4083333333333333 0.6625 0.4125 0.66875 0.4166666666666667 0.6729166666666667 0.41875 0.6875 0.42083333333333334 0.6979166666666666 0.42083333333333334 0.7104166666666667 0.41458333333333336 0.7145833333333333 0.41041666666666665 0.71875 0.4041666666666667 0.7229166666666667 0.3958333333333333 0.725 0.38958333333333334 0.7270833333333333 0.38125 0.7291666666666666 0.375 0.7291666666666666 0.36875 0.7270833333333333 0.36041666666666666 0.725 0.35 0.7229166666666667 0.34375 0.71875 0.33958333333333335 0.7104166666666667 0.3333333333333333 0.7041666666666667 0.32916666666666666
0 0.1375 0.43333333333333335 0.13333333333333333 0.4375 0.12916666666666668 0.44166666666666665 0.12083333333333333 0.45416666666666666 0.13541666666666666 0.4666666666666667 0.14166666666666666 0.4666666666666667 0.14791666666666667 0.4666666666666667 0.15208333333333332 0.46458333333333335 0.15625 0.46041666666666664 0.1625 0.45208333333333334 0.16458333333333333 0.44583333333333336 0.16458333333333333 0.4395833333333333 0.14583333333333334 0.43125
0 0 0.61875 0 0.6875 0.004166666666666667 0.6854166666666667 0.0125 0.68125 0.014583333333333334 0.6729166666666667 0.0125 0.6625 0.016666666666666666 0.65625 0.01875 0.65 0.020833333333333332 0.64375 0.022916666666666665 0.6354166666666666 0.022916666666666665 0.63125 0.016666666666666666 0.625 0.008333333333333333 0.61875
0 0 0.7083333333333334 0 0.7833333333333333 0.00625 0.7770833333333333 0.0125 0.7645833333333333 0.0125 0.7416666666666667 0.010416666666666666 0.7333333333333333 0.008333333333333333 0.725 0.00625 0.7166666666666667 0.004166666666666667 0.7125
0 0.7354166666666667 0.2625 0.7291666666666666 0.26666666666666666 0.725 0.26666666666666666 0.7166666666666667 0.2708333333333333 0.70625 0.2791666666666667 0.7 0.28541666666666665 0.6958333333333333 0.29375 0.69375 0.3 0.69375 0.30625 0.6958333333333333 0.3125 0.6979166666666666 0.31666666666666665 0.7041666666666667 0.325 0.7104166666666667 0.33125 0.7166666666666667 0.33541666666666664 0.7229166666666667 0.33958333333333335 0.7270833333333333 0.3416666666666667 0.75 0.34375 0.7708333333333334 0.3416666666666667 0.775 0.33541666666666664 0.7791666666666667 0.32916666666666666 0.7854166666666667 0.32083333333333336 0.7895833333333333 0.3145833333333333 0.79375 0.30833333333333335 0.7958333333333333 0.30416666666666664 0.7958333333333333 0.3 0.79375 0.2916666666666667 0.7916666666666666 0.2833333333333333 0.7895833333333333 0.27708333333333335 0.7854166666666667 0.27291666666666664 0.7770833333333333 0.26666666666666666 0.7708333333333334 0.2625
0 0.8958333333333334 0.425 0.8854166666666666 0.4270833333333333 0.8729166666666667 0.42916666666666664 0.8666666666666667 0.43125 0.8583333333333333 0.4395833333333333 0.85625 0.44375 0.85625 0.4479166666666667 0.8520833333333333 0.45416666666666666 0.85 0.46041666666666664 0.85 0.46458333333333335 0.8520833333333333 0.4708333333333333 0.85625 0.4791666666666667 0.8604166666666667 0.48333333333333334 0.8708333333333333 0.49166666666666664 0.8770833333333333 0.49583333333333335 0.8833333333333333 0.4979166666666667 0.8916666666666667 0.5 0.8979166666666667 0.5 0.9104166666666667 0.4979166666666667 0.91875 0.49375 0.9229166666666667 0.4875 0.925 0.48125 0.9291666666666667 0.47708333333333336 0.93125 0.47291666666666665 0.93125 0.45 0.9020833333333333 0.425
0 0.9520833333333333 0.35208333333333336 0.9375 0.35625 0.93125 0.3645833333333333 0.9291666666666667 0.36875 0.9291666666666667 0.375 0.93125 0.3875 0.9354166666666667 0.3958333333333333 0.9416666666666667 0.39791666666666664 0.9458333333333333 0.40208333333333335 0.9541666666666667 0.40625 0.9604166666666667 0.40625 0.96875 0.4041666666666667 0.9729166666666667 0.4 0.9791666666666666 0.39166666666666666 0.98125 0.3875 0.98125 0.37916666666666665 0.9791666666666666 0.36875 0.9708333333333333 0.36041666666666666 0.9604166666666667 0.35208333333333336
0 0.7791666666666667 0.4979166666666667 0.7708333333333334 0.5 0.7583333333333333 0.5104166666666666 0.7479166666666667 0.5208333333333334 0.7458333333333333 0.5395833333333333 0.7458333333333333 0.55625 0.7479166666666667 0.5604166666666667 0.7520833333333333 0.5666666666666667 0.75625 0.5729166666666666 0.7604166666666666 0.5770833333333333 0.7666666666666667 0.5791666666666667 0.7708333333333334 0.5833333333333334 0.7791666666666667 0.5875 0.7875 0.5895833333333333 0.79375 0.5895833333333333 0.8 0.5854166666666667 0.8041666666666667 0.5854166666666667 0.8104166666666667 0.5833333333333334 0.81875 0.5791666666666667 0.8270833333333333 0.5708333333333333 0.8291666666666667 0.5666666666666667 0.83125 0.5583333333333333 0.8333333333333334 0.55 0.8354166666666667 0.5416666666666666 0.8354166666666667 0.5375 0.81875 0.5104166666666666 0.8145833333333333 0.50625 0.8083333333333333 0.5020833333333333 0.8041666666666667 0.5 0.79375 0.4979166666666667
0 0.825 0.6020833333333333 0.8166666666666667 0.6041666666666666 0.8125 0.60625 0.8104166666666667 0.61875 0.8104166666666667 0.6291666666666667 0.8208333333333333 0.6395833333333333 0.8395833333333333 0.6395833333333333 0.84375 0.6354166666666666 0.8479166666666667 0.6291666666666667 0.8479166666666667 0.625 0.8458333333333333 0.6166666666666667 0.8416666666666667 0.6083333333333333 0.8291666666666667 0.6020833333333333
0 0.16458333333333333 0.68125 0.15416666666666667 0.6833333333333333 0.15 0.6854166666666667 0.14375 0.6916666666666667 0.1375 0.6979166666666666 0.13541666666666666 0.70625 0.13541666666666666 0.7166666666666667 0.1375 0.7270833333333333 0.14166666666666666 0.7354166666666667 0.14583333333333334 0.7416666666666667 0.15208333333333332 0.75 0.15625 0.7541666666666667 0.16041666666666668 0.7541666666666667 0.16875 0.75625 0.17083333333333334 0.7583333333333333 0.18958333333333333 0.7583333333333333 0.19791666666666666 0.75 0.2 0.7458333333333333 0.20208333333333334 0.7375 0.20208333333333334 0.7104166666666667 0.2 0.7020833333333333 0.19791666666666666 0.6958333333333333 0.19166666666666668 0.6875 0.1875 0.6833333333333333 0.17916666666666667 0.68125
0 0.13333333333333333 0.7125 0.12916666666666668 0.7145833333333333 0.11666666666666667 0.73125 0.11666666666666667 0.75 0.12083333333333333 0.7583333333333333 0.12291666666666666 0.7625 0.14166666666666666 0.7604166666666666 0.14791666666666667 0.7520833333333333 0.15 0.7479166666666667 0.14375 0.7416666666666667 0.13541666666666666 0.73125 0.13333333333333333 0.7208333333333333
0 0.7520833333333333 0.98125 0.7395833333333334 0.9875 0.7354166666666667 0.9916666666666667 0.7333333333333333 0.9979166666666667 0.7916666666666666 0.9979166666666667 0.7875 0.99375 0.7770833333333333 0.9854166666666667 0.7708333333333334 0.9833333333333333 0.7604166666666666 0.98125
0 0.15416666666666667 0.9645833333333333 0.14166666666666666 0.9666666666666667 0.13333333333333333 0.96875 0.12916666666666668 0.9708333333333333 0.12916666666666668 0.975 0.12708333333333333 0.9833333333333333 0.125 0.9854166666666667 0.125 0.9979166666666667 0.18958333333333333 0.9979166666666667 0.18958333333333333 0.99375 0.1875 0.9833333333333333 0.18125 0.9708333333333333 0.17291666666666666 0.9666666666666667 0.16458333333333333 0.9645833333333333
0 0.23541666666666666 0.9625 0.22916666666666666 0.9666666666666667 0.22291666666666668 0.96875 0.2125 0.9770833333333333 0.20416666666666666 0.9854166666666667 0.2 0.99375 0.2 0.9979166666666667 0.2833333333333333 0.9979166666666667 0.2833333333333333 0.99375 0.2791666666666667 0.9854166666666667 0.26875 0.98125 0.26458333333333334 0.9770833333333333 0.24166666666666667 0.9666666666666667
0 0.26458333333333334 0.90625 0.2604166666666667 0.9083333333333333 0.25416666666666665 0.9104166666666667 0.2520833333333333 0.9145833333333333 0.24166666666666667 0.9354166666666667 0.23958333333333334 0.9416666666666667 0.23958333333333334 0.9541666666666667 0.24375 0.9645833333333333 0.25833333333333336 0.9708333333333333 0.2625 0.975 0.275 0.98125 0.28125 0.98125 0.28958333333333336 0.9791666666666666 0.29375 0.9770833333333333 0.29791666666666666 0.9729166666666667 0.30416666666666664 0.9666666666666667 0.30625 0.9583333333333334 0.30625 0.9458333333333333 0.30416666666666664 0.9375 0.3020833333333333 0.9333333333333333 0.29583333333333334 0.925 0.2875 0.9145833333333333 0.28125 0.9083333333333333 0.27291666666666664 0.90625
0 0.3020833333333333 0.8666666666666667 0.29791666666666666 0.8708333333333333 0.28958333333333336 0.88125 0.2875 0.8875 0.2875 0.90625 0.2916666666666667 0.9125 0.3 0.9229166666666667 0.3104166666666667 0.9354166666666667 0.31875 0.9375 0.325 0.9375 0.32916666666666666 0.9354166666666667 0.33541666666666664 0.9291666666666667 0.3416666666666667 0.9208333333333333 0.34375 0.9125 0.34375 0.9020833333333333 0.3333333333333333 0.88125 0.32708333333333334 0.875 0.32083333333333336 0.86875 0.3145833333333333 0.8666666666666667 0.3104166666666667 0.8666666666666667
0 0.0625 0.7208333333333333 0.052083333333333336 0.7229166666666667 0.04375 0.7270833333333333 0.0375 0.73125 0.03333333333333333 0.7354166666666667 0.016666666666666666 0.75625 0.016666666666666666 0.7604166666666666 0.010416666666666666 0.7708333333333334 0.008333333333333333 0.7833333333333333 0.008333333333333333 0.79375 0.010416666666666666 0.8 0.016666666666666666 0.80625 0.020833333333333332 0.8104166666666667 0.029166666666666667 0.8166666666666667 0.035416666666666666 0.8208333333333333 0.03958333333333333 0.8229166666666666 0.04791666666666667 0.825 0.05416666666666667 0.825 0.06041666666666667 0.8208333333333333 0.06458333333333334 0.8208333333333333 0.07083333333333333 0.81875 0.07708333333333334 0.8145833333333333 0.08125 0.8145833333333333 0.08958333333333333 0.8104166666666667 0.09375 0.80625 0.09583333333333334 0.8020833333333334 0.09583333333333334 0.7729166666666667 0.09375 0.7416666666666667 0.0875 0.7333333333333333 0.07916666666666666 0.725 0.07083333333333333 0.7208333333333333
0 0.9166666666666666 0.8875 0.9125 0.8895833333333333 0.90625 0.89375 0.9 0.8979166666666667 0.89375 0.9020833333333333 0.8875 0.90625 0.8833333333333333 0.9104166666666667 0.875 0.9208333333333333 0.875 0.9625 0.8833333333333333 0.9791666666666666 0.8895833333333333 0.9854166666666667 0.9 0.99375 0.90625 0.9979166666666667 0.95625 0.9979166666666667 0.9604166666666667 0.9958333333333333 0.9666666666666667 0.9916666666666667 0.9729166666666667 0.9875 0.9770833333333333 0.9833333333333333 0.98125 0.9770833333333333 0.9854166666666667 0.96875 0.9875 0.9541666666666667 0.9875 0.9375 0.9854166666666667 0.9291666666666667 0.9833333333333333 0.925 0.9770833333333333 0.9166666666666666 0.9666666666666667 0.9041666666666667 0.9583333333333334 0.8958333333333334 0.9458333333333333 0.8895833333333333 0.9291666666666667 0.8875
0 0.9854166666666667 0.24166666666666667 0.98125 0.24375 0.9770833333333333 0.24791666666666667 0.9708333333333333 0.25 0.9666666666666667 0.25416666666666665 0.9604166666666667 0.2604166666666667 0.9583333333333334 0.26875 0.9583333333333334 0.275 0.9645833333333333 0.2875 0.9770833333333333 0.3 0.9895833333333334 0.3020833333333333 0.9979166666666667 0.3020833333333333 0.9979166666666667 0.24375 0.99375 0.24166666666666667
0 0.725 0 0.7270833333333333 0.0125 0.73125 0.020833333333333332 0.7416666666666667 0.03125 0.7541666666666667 0.041666666666666664 0.7583333333333333 0.04375 0.7666666666666667 0.04583333333333333 0.7729166666666667 0.04791666666666667 0.7770833333333333 0.04791666666666667 0.8020833333333334 0.035416666666666666 0.8145833333333333 0.022916666666666665 0.81875 0.014583333333333334 0.81875 0.010416666666666666 0.8229166666666666 0.004166666666666667 0.8229166666666666 0
0 0.05 0.63125 0.03125 0.6416666666666667 0.025 0.64375 0.022916666666666665 0.65 0.016666666666666666 0.6604166666666667 0.016666666666666666 0.6770833333333334 0.01875 0.68125 0.025 0.6895833333333333 0.03125 0.6958333333333333 0.0375 0.7020833333333333 0.04583333333333333 0.7041666666666667 0.052083333333333336 0.7041666666666667 0.058333333333333334 0.7041666666666667 0.06458333333333334 0.7020833333333333 0.07083333333333333 0.6979166666666666 0.075 0.69375 0.08125 0.6916666666666667 0.08541666666666667 0.6833333333333333 0.0875 0.675 0.08958333333333333 0.6645833333333333 0.08958333333333333 0.6604166666666667 0.0875 0.65625 0.08125 0.6479166666666667 0.075 0.6416666666666667 0.06875 0.6354166666666666 0.0625 0.6333333333333333 0.05416666666666667 0.63125
0 0.08125 0.9208333333333333 0.07083333333333333 0.9229166666666667 0.06458333333333334 0.925 0.05416666666666667 0.9333333333333333 0.04583333333333333 0.9416666666666667 0.04375 0.9458333333333333 0.04375 0.95 0.03958333333333333 0.95625 0.0375 0.9625 0.0375 0.9666666666666667 0.03958333333333333 0.975 0.041666666666666664 0.98125 0.04375 0.9854166666666667 0.05625 0.9979166666666667 0.10625 0.9979166666666667 0.11041666666666666 0.99375 0.11666666666666667 0.9854166666666667 0.12083333333333333 0.9791666666666666 0.12083333333333333 0.9541666666666667 0.11041666666666666 0.9395833333333333 0.10416666666666667 0.9333333333333333 0.09791666666666667 0.9291666666666667 0.08958333333333333 0.9229166666666667 0.08541666666666667 0.9208333333333333
0 0.2791666666666667 0.7979166666666667 0.27291666666666664 0.8 0.26458333333333334 0.80625 0.25833333333333336 0.8125 0.25625 0.8229166666666666 0.25416666666666665 0.8395833333333333 0.25416666666666665 0.8479166666666667 0.25833333333333336 0.8541666666666666 0.26458333333333334 0.8625 0.26875 0.8666666666666667 0.27291666666666664 0.86875 0.28125 0.8708333333333333 0.2875 0.8729166666666667 0.2916666666666667 0.8729166666666667 0.29791666666666666 0.86875 0.3020833333333333 0.8645833333333334 0.3104166666666667 0.8625 0.3125 0.8583333333333333 0.3125 0.8541666666666666 0.31666666666666665 0.8479166666666667 0.31875 0.8416666666666667 0.32083333333333336 0.8354166666666667 0.32083333333333336 0.8291666666666667 0.31875 0.8208333333333333 0.31666666666666665 0.8166666666666667 0.3104166666666667 0.8083333333333333 0.30625 0.8041666666666667 0.3020833333333333 0.8020833333333334 0.29375 0.8 0.28541666666666665 0.7979166666666667
0 0.49166666666666664 0.8895833333333333 0.4875 0.8916666666666667 0.4791666666666667 0.8979166666666667 0.47291666666666665 0.9020833333333333 0.46458333333333335 0.9083333333333333 0.46041666666666664 0.9166666666666666 0.4583333333333333 0.925 0.45625 0.9333333333333333 0.45625 0.9375 0.4583333333333333 0.9416666666666667 0.46458333333333335 0.95 0.4708333333333333 0.9583333333333334 0.47708333333333336 0.9645833333333333 0.49166666666666664 0.975 0.5125 0.975 0.525 0.96875 0.5375 0.95625 0.5416666666666666 0.9479166666666666 0.5416666666666666 0.91875 0.5375 0.9125 0.53125 0.9041666666666667 0.525 0.8958333333333334 0.5208333333333334 0.8916666666666667 0.50625 0.8895833333333333
0 0.9375 0.5083333333333333 0.9333333333333333 0.5125 0.93125 0.5229166666666667 0.93125 0.5270833333333333 0.9333333333333333 0.53125 0.9375 0.5333333333333333 0.9416666666666667 0.5354166666666667 0.9458333333333333 0.5354166666666667 0.9541666666666667 0.5395833333333333 0.9547916666666667 0.5260416666666666 0.9583333333333334 0.5083333333333333
0 0.5125 0.6708333333333333 0.50625 0.675 0.5020833333333333 0.675 0.49583333333333335 0.6770833333333334 0.4875 0.68125 0.47708333333333336 0.6916666666666667 0.46875 0.7083333333333334 0.46875 0.7125 0.4625 0.7229166666666667 0.4625 0.7520833333333333 0.46458333333333335 0.75625 0.4708333333333333 0.7645833333333333 0.47708333333333336 0.7729166666666667 0.48125 0.7770833333333333 0.49375 0.7833333333333333 0.5166666666666667 0.7833333333333333 0.5208333333333334 0.78125 0.5270833333333333 0.7770833333333333 0.5333333333333333 0.7729166666666667 0.5395833333333333 0.76875 0.5458333333333333 0.7645833333333333 0.55 0.7604166666666666 0.5520833333333334 0.7541666666666667 0.55625 0.75 0.5625 0.7375 0.5645833333333333 0.7291666666666666 0.5666666666666667 0.7208333333333333 0.5666666666666667 0.7083333333333334 0.5645833333333333 0.6958333333333333 0.5395833333333333 0.6729166666666667 0.525 0.6708333333333333
0 0.49166666666666664 0.8020833333333334 0.475 0.8041666666666667 0.4625 0.8083333333333333 0.46041666666666664 0.8145833333333333 0.45625 0.81875 0.45208333333333334 0.825 0.4479166666666667 0.8333333333333334 0.4479166666666667 0.8395833333333333 0.45 0.8541666666666666 0.45208333333333334 0.8625 0.45625 0.86875 0.4666666666666667 0.88125 0.47291666666666665 0.8875 0.50625 0.8875 0.5166666666666667 0.8791666666666667 0.5208333333333334 0.875 0.5270833333333333 0.8666666666666667 0.53125 0.8604166666666667 0.5333333333333333 0.85625 0.5354166666666667 0.84375 0.5354166666666667 0.8333333333333334 0.5333333333333333 0.8291666666666667 0.5270833333333333 0.8208333333333333 0.51875 0.8125 0.5125 0.80625 0.50625 0.8041666666666667 0.5 0.8020833333333334
0 0.5416666666666666 0.7729166666666667 0.5354166666666667 0.7770833333333333 0.525 0.7854166666666667 0.5208333333333334 0.7895833333333333 0.51875 0.79375 0.5166666666666667 0.8020833333333334 0.5166666666666667 0.80625 0.5208333333333334 0.8125 0.53125 0.825 0.5375 0.83125 0.5479166666666667 0.8333333333333334 0.55625 0.8333333333333334 0.5645833333333333 0.8270833333333333 0.5708333333333333 0.8208333333333333 0.5729166666666666 0.8166666666666667 0.575 0.8083333333333333 0.5770833333333333 0.8 0.5770833333333333 0.7958333333333333 0.5541666666666667 0.7729166666666667
0 0.6104166666666667 0.71875 0.6020833333333333 0.7229166666666667 0.59375 0.73125 0.5854166666666667 0.7416666666666667 0.5833333333333334 0.7479166666666667 0.58125 0.7583333333333333 0.5791666666666667 0.76875 0.5770833333333333 0.7791666666666667 0.5770833333333333 0.7833333333333333 0.5875 0.8041666666666667 0.5916666666666667 0.8083333333333333 0.5979166666666667 0.8125 0.60625 0.8145833333333333 0.61875 0.8166666666666667 0.625 0.8166666666666667 0.63125 0.8145833333333333 0.6375 0.8125 0.64375 0.8104166666666667 0.6479166666666667 0.8083333333333333 0.6583333333333333 0.7979166666666667 0.6604166666666667 0.79375 0.6625 0.7875 0.6645833333333333 0.7791666666666667 0.6666666666666666 0.7729166666666667 0.6666666666666666 0.76875 0.6645833333333333 0.7625 0.6604166666666667 0.75625 0.6604166666666667 0.7520833333333333 0.6583333333333333 0.7479166666666667 0.6541666666666667 0.7416666666666667 0.6458333333333334 0.73125 0.6395833333333333 0.725 0.63125 0.7208333333333333 0.6208333333333333 0.71875
0 0.7083333333333334 0.71875 0.6916666666666667 0.7270833333333333 0.6854166666666667 0.7333333333333333 0.68125 0.7395833333333334 0.68125 0.75625 0.6854166666666667 0.7770833333333333 0.69375 0.7833333333333333 0.7020833333333333 0.7895833333333333 0.70625 0.7916666666666666 0.7291666666666666 0.7916666666666666 0.7354166666666667 0.7875 0.7479166666666667 0.7770833333333333 0.7520833333333333 0.7729166666666667 0.7541666666666667 0.76875 0.75625 0.7625 0.75625 0.7520833333333333 0.7541666666666667 0.74375 0.74375 0.73125 0.7354166666666667 0.7229166666666667 0.7270833333333333 0.7208333333333333 0.7145833333333333 0.71875
0 0.6708333333333333 0.81875 0.6625 0.8229166666666666 0.64375 0.8416666666666667 0.6416666666666667 0.8458333333333333 0.6416666666666667 0.8729166666666667 0.64375 0.8770833333333333 0.6479166666666667 0.8833333333333333 0.6541666666666667 0.8916666666666667 0.6583333333333333 0.8979166666666667 0.6708333333333333 0.9020833333333333 0.6875 0.9041666666666667 0.6979166666666666 0.9041666666666667 0.70625 0.9 0.7125 0.89375 0.7166666666666667 0.8875 0.7166666666666667 0.8479166666666667 0.7145833333333333 0.84375 0.7083333333333334 0.8354166666666667 0.7020833333333333 0.8270833333333333 0.69375 0.8229166666666666 0.6854166666666667 0.8208333333333333 0.6770833333333334 0.81875
0 0.7729166666666667 0.80625 0.7666666666666667 0.8104166666666667 0.7625 0.8145833333333333 0.7604166666666666 0.8208333333333333 0.7583333333333333 0.83125 0.7583333333333333 0.8354166666666667 0.7604166666666666 0.8395833333333333 0.7666666666666667 0.8479166666666667 0.78125 0.8520833333333333 0.7916666666666666 0.8520833333333333 0.8 0.8458333333333333 0.8083333333333333 0.8375 0.8083333333333333 0.81875 0.8041666666666667 0.8145833333333333 0.7958333333333333 0.8083333333333333 0.7916666666666666 0.80625
0 0.7354166666666667 0.8708333333333333 0.73125 0.8729166666666667 0.725 0.8770833333333333 0.7208333333333333 0.88125 0.7145833333333333 0.89375 0.7145833333333333 0.9020833333333333 0.7166666666666667 0.9145833333333333 0.71875 0.9229166666666667 0.725 0.9354166666666667 0.7291666666666666 0.9395833333333333 0.7375 0.9458333333333333 0.7416666666666667 0.9479166666666666 0.7708333333333334 0.9479166666666666 0.7770833333333333 0.9416666666666667 0.7875 0.9291666666666667 0.7916666666666666 0.9229166666666667 0.7916666666666666 0.89375 0.7895833333333333 0.8895833333333333 0.7833333333333333 0.88125 0.7770833333333333 0.8729166666666667
0 0.53125 0.5958333333333333 0.525 0.6041666666666666 0.5208333333333334 0.6104166666666667 0.51875 0.6145833333333334 0.5166666666666667 0.6229166666666667 0.5166666666666667 0.6291666666666667 0.51875 0.6333333333333333 0.525 0.6416666666666667 0.5291666666666667 0.6458333333333334 0.5395833333333333 0.6479166666666667 0.5458333333333333 0.6479166666666667 0.55 0.6458333333333334 0.55625 0.6416666666666667 0.5604166666666667 0.6375 0.5666666666666667 0.63125 0.56875 0.6229166666666667 0.56875 0.61875 0.5666666666666667 0.6145833333333334 0.5604166666666667 0.60625 0.5541666666666667 0.5979166666666667 0.5375 0.5958333333333333
0 0.5791666666666667 0.32916666666666666 0.5708333333333333 0.33125 0.5645833333333333 0.3333333333333333 0.55625 0.3375 0.5520833333333334 0.3416666666666667 0.5416666666666666 0.3458333333333333 0.5291666666666667 0.35833333333333334 0.51875 0.37083333333333335 0.5145833333333333 0.37916666666666665 0.5145833333333333 0.39791666666666664 0.51875 0.4041666666666667 0.51875 0.4083333333333333 0.5229166666666667 0.4166666666666667 0.53125 0.4270833333333333 0.5416666666666666 0.4375 0.5479166666666667 0.4395833333333333 0.55625 0.44166666666666665 0.5666666666666667 0.44375 0.575 0.44583333333333336 0.5833333333333334 0.4479166666666667 0.5895833333333333 0.4479166666666667 0.5958333333333333 0.44583333333333336 0.6020833333333333 0.44166666666666665 0.60625 0.44166666666666665 0.6104166666666667 0.4395833333333333 0.63125 0.41875 0.6354166666666666 0.4125 0.6395833333333333 0.4041666666666667 0.6416666666666667 0.38958333333333334 0.6416666666666667 0.375 0.6395833333333333 0.36666666666666664 0.6375 0.3625 0.6291666666666667 0.35208333333333336 0.61875 0.3416666666666667 0.6125 0.33958333333333335 0.6083333333333333 0.33541666666666664 0.6 0.33125 0.5895833333333333 0.32916666666666666
0 0.5645833333333333 0.4479166666666667 0.55 0.45 0.5416666666666666 0.45208333333333334 0.5270833333333333 0.4666666666666667 0.51875 0.48333333333333334 0.51875 0.49166666666666664 0.5208333333333334 0.50625 0.5229166666666667 0.51875 0.525 0.5270833333333333 0.5416666666666666 0.54375 0.5458333333333333 0.5458333333333333 0.55625 0.5458333333333333 0.5604166666666667 0.5479166666666667 0.5666666666666667 0.5520833333333334 0.5708333333333333 0.55625 0.5791666666666667 0.55625 0.5958333333333333 0.5541666666666667 0.6041666666666666 0.5520833333333334 0.6270833333333333 0.5291666666666667 0.6270833333333333 0.5145833333333333 0.6270833333333333 0.5104166666666666 0.625 0.4895833333333333 0.60625 0.4708333333333333 0.5875 0.4625 0.5791666666666667 0.45416666666666666 0.5708333333333333 0.4479166666666667
0 0.5479166666666667 0.5479166666666667 0.5395833333333333 0.55625 0.5333333333333333 0.5645833333333333 0.53125 0.575 0.53125 0.5833333333333334 0.5354166666666667 0.5916666666666667 0.55625 0.59375 0.5666666666666667 0.5833333333333334 0.575 0.5729166666666666 0.5729166666666666 0.5583333333333333 0.5666666666666667 0.5541666666666667 0.5604166666666667 0.55 0.55625 0.5479166666666667
0 0.8979166666666667 0.5583333333333333 0.8854166666666666 0.5604166666666667 0.8791666666666667 0.5625 0.8666666666666667 0.5729166666666666 0.85625 0.5833333333333334 0.85625 0.5895833333333333 0.8583333333333333 0.6020833333333333 0.8604166666666667 0.6104166666666667 0.8708333333333333 0.63125 0.8895833333333333 0.65 0.8979166666666667 0.6541666666666667 0.9020833333333333 0.6541666666666667 0.9083333333333333 0.6583333333333333 0.9166666666666666 0.6583333333333333 0.9229166666666667 0.65625 0.94375 0.6354166666666666 0.94375 0.5979166666666667 0.9416666666666667 0.59375 0.9354166666666667 0.5854166666666667 0.9291666666666667 0.5770833333333333 0.9229166666666667 0.56875 0.91875 0.5645833333333333 0.9104166666666667 0.5604166666666667 0.9041666666666667 0.5583333333333333
0 0.99375 0 0.99375 0.00625 0.9958333333333333 0.014583333333333334 0.9979166666666667 0.01875 0.9979166666666667 0
0 0.9875 0.48333333333333334 0.9729166666666667 0.49583333333333335 0.9604166666666667 0.5083333333333333 0.9541666666666667 0.5416666666666666 0.95625 0.5458333333333333 0.9625 0.5541666666666667 0.96875 0.5604166666666667 0.9833333333333333 0.5666666666666667 0.9875 0.5708333333333333 0.99375 0.5729166666666666 0.9979166666666667 0.575 0.9979166666666667 0.48333333333333334
0 0.9833333333333333 0.68125 0.96875 0.6854166666666667 0.9604166666666667 0.7020833333333333 0.9604166666666667 0.70625 0.9625 0.7125 0.9666666666666667 0.71875 0.9666666666666667 0.7229166666666667 0.9770833333333333 0.73125 0.98125 0.7354166666666667 0.9875 0.7395833333333334 0.99375 0.7416666666666667 0.9979166666666667 0.74375 0.9979166666666667 0.6833333333333333 0.99375 0.68125
0 0.39375 0.7395833333333334 0.36666666666666664 0.75625 0.3625 0.7604166666666666 0.35833333333333334 0.7666666666666667 0.3541666666666667 0.7729166666666667 0.35 0.7791666666666667 0.34791666666666665 0.7833333333333333 0.3458333333333333 0.7958333333333333 0.3458333333333333 0.8104166666666667 0.34791666666666665 0.81875 0.35 0.8270833333333333 0.35208333333333336 0.8333333333333334 0.35625 0.8395833333333333 0.3645833333333333 0.85 0.36875 0.8541666666666666 0.3729166666666667 0.8541666666666666 0.38125 0.85625 0.38958333333333334 0.8583333333333333 0.39166666666666666 0.8604166666666667 0.4 0.8625 0.40625 0.8625 0.4125 0.8604166666666667 0.41875 0.8583333333333333 0.42291666666666666 0.85625 0.42916666666666664 0.8520833333333333 0.4375 0.8458333333333333 0.44166666666666665 0.8416666666666667 0.46041666666666664 0.8041666666666667 0.46041666666666664 0.8 0.4583333333333333 0.79375 0.45625 0.7875 0.45208333333333334 0.7791666666666667 0.44583333333333336 0.7708333333333334 0.44166666666666665 0.7645833333333333 0.4375 0.7583333333333333 0.43125 0.75 0.4270833333333333 0.7458333333333333 0.41875 0.7416666666666667 0.4041666666666667 0.7395833333333334
0 0.4166666666666667 0.8708333333333333 0.4041666666666667 0.8729166666666667 0.39791666666666664 0.875 0.3875 0.8854166666666666 0.37916666666666665 0.8958333333333334 0.375 0.9041666666666667 0.3729166666666667 0.9104166666666667 0.3729166666666667 0.91875 0.375 0.9354166666666667 0.3770833333333333 0.94375 0.3854166666666667 0.9520833333333333 0.3958333333333333 0.9604166666666667 0.40208333333333335 0.9625 0.41041666666666665 0.9645833333333333 0.41458333333333336 0.9645833333333333 0.42083333333333334 0.9604166666666667 0.425 0.9604166666666667 0.43333333333333335 0.95625 0.45208333333333334 0.9375 0.45625 0.9291666666666667 0.4583333333333333 0.9229166666666667 0.4583333333333333 0.9145833333333333 0.45625 0.9020833333333333 0.45416666666666666 0.89375 0.44583333333333336 0.8854166666666666 0.4354166666666667 0.8770833333333333 0.42291666666666666 0.8708333333333333
0 0.28125 0.71875 0.26458333333333334 0.7208333333333333 0.25625 0.7229166666666667 0.24791666666666667 0.73125 0.24166666666666667 0.7395833333333334 0.24166666666666667 0.75 0.24375 0.7604166666666666 0.2520833333333333 0.7708333333333334 0.2625 0.78125 0.2708333333333333 0.7833333333333333 0.2791666666666667 0.7833333333333333 0.2833333333333333 0.78125 0.2875 0.7770833333333333 0.28958333333333336 0.7708333333333334 0.29375 0.7666666666666667 0.29791666666666666 0.7583333333333333 0.29791666666666666 0.73125 0.2916666666666667 0.7229166666666667 0.2875 0.71875
0 0.31666666666666665 0.6270833333333333 0.30625 0.6291666666666667 0.3020833333333333 0.63125 0.29583333333333334 0.6354166666666666 0.28958333333333336 0.6395833333333333 0.2833333333333333 0.64375 0.2791666666666667 0.6479166666666667 0.27291666666666664 0.6604166666666667 0.2708333333333333 0.6729166666666667 0.2708333333333333 0.6854166666666667 0.275 0.6916666666666667 0.275 0.6958333333333333 0.27708333333333335 0.7020833333333333 0.28125 0.7104166666666667 0.28958333333333336 0.71875 0.29791666666666666 0.7229166666666667 0.3145833333333333 0.7229166666666667 0.32916666666666666 0.7208333333333333 0.3416666666666667 0.7104166666666667 0.35208333333333336 0.7 0.35833333333333334 0.6875 0.35833333333333334 0.6833333333333333 0.3625 0.6770833333333334 0.3625 0.65625 0.36041666666666666 0.65 0.35833333333333334 0.6458333333333334 0.35 0.6375 0.3416666666666667 0.63125 0.33541666666666664 0.6291666666666667 0.32708333333333334 0.6270833333333333
0 0.41875 0.5916666666666667 0.4125 0.59375 0.4041666666666667 0.5958333333333333 0.4 0.5979166666666667 0.3770833333333333 0.6208333333333333 0.375 0.625 0.3729166666666667 0.6333333333333333 0.3729166666666667 0.6479166666666667 0.375 0.6625 0.37916666666666665 0.66875 0.3875 0.6791666666666667 0.39166666666666666 0.6833333333333333 0.4041666666666667 0.6895833333333333 0.4166666666666667 0.6895833333333333 0.42916666666666664 0.6875 0.4375 0.6833333333333333 0.44375 0.6791666666666667 0.45 0.6729166666666667 0.45625 0.6645833333333333 0.46041666666666664 0.65625 0.4625 0.6479166666666667 0.46458333333333335 0.6395833333333333 0.4666666666666667 0.63125 0.4666666666666667 0.625 0.46041666666666664 0.6125 0.44166666666666665 0.59375 0.43125 0.5916666666666667
0 0.46875 0.3729166666666667 0.45416666666666666 0.3770833333333333 0.4479166666666667 0.3854166666666667 0.44583333333333336 0.38958333333333334 0.44583333333333336 0.41458333333333336 0.4479166666666667 0.41875 0.45625 0.4270833333333333 0.46458333333333335 0.43333333333333335 0.48333333333333334 0.43333333333333335 0.49166666666666664 0.42916666666666664 0.49583333333333335 0.425 0.5020833333333333 0.4125 0.5020833333333333 0.40625 0.5 0.3958333333333333 0.4979166666666667 0.38958333333333334 0.4895833333333333 0.38125 0.4791666666666667 0.3729166666666667
0 0.3 0.37083333333333335 0.29375 0.375 0.28125 0.3854166666666667 0.27708333333333335 0.38958333333333334 0.275 0.39375 0.27291666666666664 0.4 0.2708333333333333 0.4083333333333333 0.26875 0.41458333333333336 0.26875 0.41875 0.2708333333333333 0.425 0.275 0.43333333333333335 0.2791666666666667 0.4375 0.28541666666666665 0.44166666666666665 0.3 0.44375 0.3104166666666667 0.44375 0.3145833333333333 0.44166666666666665 0.32083333333333336 0.4375 0.32708333333333334 0.43333333333333335 0.33125 0.42916666666666664 0.33541666666666664 0.42083333333333334 0.33541666666666664 0.39375 0.3333333333333333 0.38958333333333334 0.32708333333333334 0.38125 0.3229166666666667 0.375 0.3104166666666667 0.37083333333333335
0 0.10416666666666667 0.3729166666666667 0.09791666666666667 0.3729166666666667 0.08125 0.38125 0.06875 0.39375 0.06666666666666667 0.39791666666666664 0.06666666666666667 0.40625 0.06875 0.43125 0.07291666666666667 0.4395833333333333 0.07916666666666666 0.44583333333333336 0.08541666666666667 0.45 0.10208333333333333 0.45 0.11041666666666666 0.4479166666666667 0.11666666666666667 0.44583333333333336 0.13125 0.4354166666666667 0.13541666666666666 0.43125 0.1375 0.4270833333333333 0.1375 0.41875 0.13541666666666666 0.39375 0.13125 0.38333333333333336 0.125 0.37916666666666665 0.11041666666666666 0.3729166666666667
0 0.7416666666666667 0.3729166666666667 0.7333333333333333 0.38125 0.7270833333333333 0.38958333333333334 0.725 0.39375 0.7229166666666667 0.40208333333333335 0.7208333333333333 0.41041666666666665 0.7208333333333333 0.41458333333333336 0.725 0.42291666666666666 0.7291666666666666 0.4270833333333333 0.73125 0.43333333333333335 0.7395833333333334 0.4375 0.7479166666666667 0.4395833333333333 0.75625 0.44166666666666665 0.7604166666666666 0.44166666666666665 0.7833333333333333 0.41875 0.7833333333333333 0.3958333333333333 0.775 0.3854166666666667 0.7666666666666667 0.3770833333333333 0.7604166666666666 0.375 0.7479166666666667 0.3729166666666667
0 0.64375 0.4166666666666667 0.6375 0.41875 0.6333333333333333 0.42291666666666666 0.6270833333333333 0.425 0.6145833333333334 0.4375 0.6104166666666667 0.44583333333333336 0.6104166666666667 0.46458333333333335 0.6145833333333334 0.4708333333333333 0.6208333333333333 0.4791666666666667 0.6270833333333333 0.4875 0.63125 0.49166666666666664 0.6541666666666667 0.49166666666666664 0.6604166666666667 0.4875 0.6645833333333333 0.4875 0.6854166666666667 0.4666666666666667 0.6854166666666667 0.46041666666666664 0.6895833333333333 0.45625 0.6895833333333333 0.4395833333333333 0.6875 0.4354166666666667 0.6833333333333333 0.43125 0.6770833333333334 0.425 0.6729166666666667 0.425 0.6666666666666666 0.42291666666666666 0.6604166666666667 0.41875 0.6541666666666667 0.4166666666666667 0.65 0.4166666666666667
0 0.058333333333333334 0 0.0625 0.0020833333333333333 0.06875 0.008333333333333333 0.07291666666666667 0.010416666666666666 0.09166666666666666 0.010416666666666666 0.10416666666666667 0.004166666666666667 0.10833333333333334 0
0 0.7854166666666667 0.32708333333333334 0.775 0.3375 0.7729166666666667 0.3416666666666667 0.7708333333333334 0.35 0.7708333333333334 0.3541666666666667 0.7729166666666667 0.35833333333333334 0.7770833333333333 0.3645833333333333 0.78125 0.36875 0.8041666666666667 0.38333333333333336 0.8104166666666667 0.38333333333333336 0.8166666666666667 0.38125 0.8229166666666666 0.3770833333333333 0.83125 0.37083333333333335 0.8354166666666667 0.36666666666666664 0.8375 0.3625 0.8395833333333333 0.35625 0.8395833333333333 0.34791666666666665 0.8375 0.33958333333333335 0.8291666666666667 0.33125 0.81875 0.3229166666666667 0.8145833333333333 0.32083333333333336 0.8083333333333333 0.31875 0.8020833333333334 0.31875
0 0.052083333333333336 0.19791666666666666 0.0375 0.2 0.016666666666666666 0.22083333333333333 0.0125 0.22916666666666666 0.010416666666666666 0.23541666666666666 0.010416666666666666 0.23958333333333334 0.00625 0.24583333333333332 0.004166666666666667 0.25416666666666665 0.004166666666666667 0.26458333333333334 0.00625 0.27291666666666664 0.010416666666666666 0.2791666666666667 0.020833333333333332 0.2916666666666667 0.027083333333333334 0.29791666666666666 0.03958333333333333 0.3 0.04791666666666667 0.3 0.05625 0.29583333333333334 0.06041666666666667 0.2916666666666667 0.07083333333333333 0.2875 0.075 0.2833333333333333 0.08125 0.28125 0.08541666666666667 0.27708333333333335 0.08333333333333333 0.2708333333333333 0.08541666666666667 0.26666666666666666 0.09375 0.2520833333333333 0.09375 0.22916666666666666 0.08958333333333333 0.22083333333333333 0.07708333333333334 0.20833333333333334 0.06458333333333334 0.19791666666666666
0 0.8375 0.25625 0.8145833333333333 0.2791666666666667 0.8145833333333333 0.30833333333333335 0.8270833333333333 0.3229166666666667 0.8395833333333333 0.33541666666666664 0.8541666666666666 0.3375 0.8645833333333334 0.3375 0.8770833333333333 0.33125 0.88125 0.32708333333333334 0.8854166666666666 0.32083333333333336 0.8875 0.31666666666666665 0.8895833333333333 0.30833333333333335 0.8916666666666667 0.29583333333333334 0.89375 0.28125 0.89375 0.27291666666666664 0.8895833333333333 0.26458333333333334 0.8854166666666666 0.2604166666666667 0.8791666666666667 0.25625
0 0.17083333333333334 0.21666666666666667 0.16666666666666666 0.21875 0.15833333333333333 0.225 0.15208333333333332 0.22916666666666666 0.14791666666666667 0.23333333333333334 0.1375 0.25416666666666665 0.1375 0.26875 0.13958333333333334 0.275 0.16875 0.29583333333333334 0.175 0.29583333333333334 0.17916666666666667 0.29583333333333334 0.18541666666666667 0.29375 0.19166666666666668 0.2916666666666667 0.19583333333333333 0.28958333333333336 0.20208333333333334 0.2833333333333333 0.20833333333333334 0.275 0.21041666666666667 0.2708333333333333 0.21041666666666667 0.26666666666666666 0.21458333333333332 0.2604166666666667 0.21666666666666667 0.25416666666666665 0.21666666666666667 0.24791666666666667 0.21458333333333332 0.2375 0.2125 0.23125 0.20625 0.22291666666666668 0.20208333333333334 0.21875 0.18541666666666667 0.21666666666666667
0 0.09583333333333334 0.06875 0.0875 0.07291666666666667 0.08125 0.07916666666666666 0.075 0.0875 0.07291666666666667 0.1 0.07291666666666667 0.11041666666666666 0.07708333333333334 0.11875 0.08125 0.125 0.1 0.12708333333333333 0.1125 0.12083333333333333 0.12083333333333333 0.1125 0.12708333333333333 0.10416666666666667 0.12708333333333333 0.09583333333333334 0.125 0.08541666666666667 0.11666666666666667 0.07708333333333334 0.10833333333333334 0.07083333333333333 0.10208333333333333 0.06875
0 0.23958333333333334 0.17708333333333334 0.23333333333333334 0.18125 0.22291666666666668 0.18958333333333333 0.21875 0.19375 0.21458333333333332 0.20208333333333334 0.2125 0.20833333333333334 0.2125 0.22916666666666666 0.21458333333333332 0.23541666666666666 0.21666666666666667 0.24166666666666667 0.22083333333333333 0.24791666666666667 0.22291666666666668 0.25416666666666665 0.22916666666666666 0.25625 0.23958333333333334 0.2625 0.25 0.2625 0.2604166666666667 0.2604166666666667 0.27291666666666664 0.25416666666666665 0.2791666666666667 0.24791666666666667 0.28541666666666665 0.23958333333333334 0.2875 0.23541666666666666 0.28958333333333336 0.22916666666666666 0.2916666666666667 0.21666666666666667 0.2916666666666667 0.21041666666666667 0.28541666666666665 0.19791666666666666 0.275 0.1875 0.26458333333333334 0.17916666666666667 0.2520833333333333 0.17708333333333334
0 0.24375 0.28541666666666665 0.23958333333333334 0.2875 0.23541666666666666 0.2916666666666667 0.22916666666666666 0.29375 0.22291666666666668 0.29791666666666666 0.21875 0.30625 0.21666666666666667 0.3145833333333333 0.21666666666666667 0.31875 0.22083333333333333 0.32708333333333334 0.225 0.33125 0.22708333333333333 0.3375 0.2375 0.3416666666666667 0.25 0.34375 0.25625 0.34375 0.2604166666666667 0.3416666666666667 0.26875 0.33541666666666664 0.27291666666666664 0.32708333333333334 0.275 0.31875 0.27708333333333335 0.3104166666666667 0.27708333333333335 0.30416666666666664 0.2708333333333333 0.2916666666666667 0.2625 0.2875 0.25 0.28541666666666665
0 0.07916666666666666 0.5333333333333333 0.075 0.5333333333333333 0.06666666666666667 0.5375 0.06041666666666667 0.5416666666666666 0.05625 0.5458333333333333 0.052083333333333336 0.5520833333333334 0.05 0.55625 0.04791666666666667 0.5645833333333333 0.04791666666666667 0.575 0.052083333333333336 0.5833333333333334 0.05625 0.5875 0.0625 0.5916666666666667 0.06666666666666667 0.59375 0.075 0.5958333333333333 0.08125 0.5958333333333333 0.08958333333333333 0.59375 0.09375 0.5916666666666667 0.10208333333333333 0.5770833333333333 0.09791666666666667 0.56875 0.09791666666666667 0.55625 0.09583333333333334 0.5416666666666666 0.08958333333333333 0.5354166666666667 0.08333333333333333 0.53125
0 0.8375 0.46875 0.83125 0.47291666666666665 0.8229166666666666 0.4791666666666667 0.8208333333333333 0.4875 0.8208333333333333 0.49375 0.8270833333333333 0.5041666666666667 0.8291666666666667 0.5104166666666666 0.8333333333333334 0.5125 0.8375 0.5145833333333333 0.8416666666666667 0.5145833333333333 0.8479166666666667 0.5125 0.8541666666666666 0.5083333333333333 0.8583333333333333 0.5083333333333333 0.8625 0.50625 0.8645833333333334 0.5020833333333333 0.8666666666666667 0.49375 0.8666666666666667 0.4895833333333333 0.8625 0.48541666666666666 0.8541666666666666 0.4791666666666667 0.8520833333333333 0.47291666666666665 0.85 0.46875
0 0.7916666666666666 0.42083333333333334 0.775 0.4354166666666667 0.76875 0.44166666666666665 0.76875 0.45208333333333334 0.7708333333333334 0.46458333333333335 0.7854166666666667 0.4791666666666667 0.8208333333333333 0.4791666666666667 0.825 0.47708333333333336 0.83125 0.4708333333333333 0.8395833333333333 0.46041666666666664 0.8395833333333333 0.45416666666666666 0.8375 0.44583333333333336 0.8354166666666667 0.44166666666666665 0.8291666666666667 0.4354166666666667 0.825 0.42916666666666664 0.8041666666666667 0.4166666666666667
0 0.64375 0.49375 0.6354166666666666 0.4979166666666667 0.63125 0.5020833333333333 0.6291666666666667 0.50625 0.6270833333333333 0.5166666666666667 0.6270833333333333 0.5270833333333333 0.6291666666666667 0.53125 0.6354166666666666 0.5395833333333333 0.6416666666666667 0.5479166666666667 0.65625 0.5520833333333334 0.6666666666666666 0.5520833333333334 0.6708333333333333 0.55 0.6770833333333334 0.5458333333333333 0.6833333333333333 0.5416666666666666 0.6875 0.5333333333333333 0.6895833333333333 0.5229166666666667 0.6895833333333333 0.51875 0.6875 0.5145833333333333 0.68125 0.50625 0.675 0.4979166666666667 0.6583333333333333 0.49375
0 0.7229166666666667 0.4395833333333333 0.7166666666666667 0.44166666666666665 0.7104166666666667 0.44583333333333336 0.70625 0.44583333333333336 0.7020833333333333 0.4479166666666667 0.69375 0.45416666666666666 0.6875 0.46041666666666664 0.6854166666666667 0.46875 0.6833333333333333 0.48541666666666666 0.6833333333333333 0.49583333333333335 0.6875 0.5020833333333333 0.6875 0.50625 0.6895833333333333 0.5125 0.6916666666666667 0.5166666666666667 0.69375 0.5208333333333334 0.7 0.5208333333333334 0.7145833333333333 0.5229166666666667 0.7166666666666667 0.525 0.725 0.525 0.7520833333333333 0.5083333333333333 0.75625 0.5041666666666667 0.7583333333333333 0.4979166666666667 0.7625 0.49375 0.7645833333333333 0.4895833333333333 0.7645833333333333 0.4666666666666667 0.7625 0.4625 0.75625 0.45416666666666666 0.7520833333333333 0.45 0.74375 0.44583333333333336 0.7375 0.44375 0.7333333333333333 0.44375 0.7270833333333333 0.4395833333333333