0 0.925 0.9645833333333333 0.9145833333333333 0.9666666666666667 0.9083333333333333 0.9729166666666667 0.9083333333333333 0.98125 0.9125 0.99375 0.91875 0.9979166666666667 0.9479166666666666 0.9979166666666667 0.9520833333333333 0.9916666666666667 0.9520833333333333 0.9875 0.95 0.9791666666666666 0.94375 0.9729166666666667 0.9395833333333333 0.96875 0.93125 0.9645833333333333
0 0.15208333333333332 0.94375 0.14375 0.9479166666666666 0.125 0.9666666666666667 0.12083333333333333 0.975 0.11875 0.98125 0.11875 0.9979166666666667 0.19375 0.9979166666666667 0.19583333333333333 0.99375 0.19583333333333333 0.9875 0.19375 0.98125 0.18958333333333333 0.975 0.18958333333333333 0.9708333333333333 0.1875 0.9645833333333333 0.18541666666666667 0.9604166666666667 0.17708333333333334 0.9520833333333333 0.16875 0.9458333333333333 0.16041666666666668 0.94375
0 0.052083333333333336 0.00625 0.04583333333333333 0.014583333333333334 0.04375 0.01875 0.04375 0.025 0.04583333333333333 0.03333333333333333 0.05416666666666667 0.041666666666666664 0.06875 0.041666666666666664 0.07291666666666667 0.03958333333333333 0.07708333333333334 0.035416666666666666 0.07916666666666666 0.03125 0.08125 0.022916666666666665 0.08125 0.01875 0.07708333333333334 0.010416666666666666 0.06875 0.00625 0.058333333333333334 0.004166666666666667
0 0.20416666666666666 0.6916666666666667 0.18958333333333333 0.69375 0.17916666666666667 0.6979166666666666 0.175 0.7041666666666667 0.17083333333333334 0.7104166666666667 0.16875 0.7145833333333333 0.16875 0.7354166666666667 0.175 0.7479166666666667 0.18125 0.7541666666666667 0.19375 0.7645833333333333 0.2 0.76875 0.20416666666666666 0.7708333333333334 0.2125 0.7729166666666667 0.225 0.7729166666666667 0.2375 0.76875 0.24166666666666667 0.7625 0.24583333333333332 0.7541666666666667 0.24583333333333332 0.7291666666666666 0.24375 0.7229166666666667 0.23958333333333334 0.7166666666666667 0.23958333333333334 0.7125 0.22916666666666666 0.7041666666666667 0.225 0.7 0.21875 0.6958333333333333 0.21041666666666667 0.6916666666666667
0 0.29791666666666666 0.6625 0.28958333333333336 0.6645833333333333 0.28541666666666665 0.6666666666666666 0.2708333333333333 0.68125 0.26666666666666666 0.6895833333333333 0.26666666666666666 0.7145833333333333 0.26875 0.71875 0.27291666666666664 0.725 0.27708333333333335 0.73125 0.28125 0.7354166666666667 0.2875 0.7416666666666667 0.29583333333333334 0.74375 0.3020833333333333 0.7458333333333333 0.30625 0.7458333333333333 0.3125 0.74375 0.32083333333333336 0.7395833333333334 0.33125 0.7291666666666666 0.3375 0.7166666666666667 0.3375 0.7 0.3333333333333333 0.69375 0.3333333333333333 0.6895833333333333 0.32916666666666666 0.68125 0.31666666666666665 0.66875 0.30833333333333335 0.6645833333333333 0.3020833333333333 0.6625
0 0.3958333333333333 0.8270833333333333 0.38333333333333336 0.8333333333333334 0.37916666666666665 0.8375 0.3729166666666667 0.8458333333333333 0.36666666666666664 0.8541666666666666 0.3645833333333333 0.8583333333333333 0.3625 0.8791666666666667 0.3625 0.9 0.3729166666666667 0.9125 0.3854166666666667 0.925 0.39375 0.9270833333333334 0.4083333333333333 0.9291666666666667 0.4166666666666667 0.9291666666666667 0.425 0.925 0.4375 0.9125 0.4479166666666667 0.9 0.45 0.89375 0.45208333333333334 0.88125 0.45208333333333334 0.875 0.42291666666666666 0.83125 0.41875 0.83125 0.4125 0.8270833333333333
0 0.75 0.825 0.7395833333333334 0.8270833333333333 0.7291666666666666 0.8375 0.7291666666666666 0.8583333333333333 0.7375 0.8666666666666667 0.7479166666666667 0.875 0.75625 0.875 0.7666666666666667 0.8729166666666667 0.7729166666666667 0.8666666666666667 0.7770833333333333 0.8604166666666667 0.7770833333333333 0.85625 0.775 0.84375 0.7708333333333334 0.8333333333333334 0.7625 0.8270833333333333 0.7583333333333333 0.825
0 0.5541666666666667 0.84375 0.55 0.8458333333333333 0.54375 0.85 0.5395833333333333 0.8541666666666666 0.5354166666666667 0.8604166666666667 0.53125 0.86875 0.53125 0.8958333333333334 0.5375 0.9083333333333333 0.5416666666666666 0.9125 0.55 0.91875 0.5541666666666667 0.9208333333333333 0.5708333333333333 0.9229166666666667 0.5854166666666667 0.9229166666666667 0.5958333333333333 0.9125 0.6041666666666666 0.9020833333333333 0.60625 0.8895833333333333 0.60625 0.875 0.6041666666666666 0.86875 0.6020833333333333 0.8645833333333334 0.5958333333333333 0.8583333333333333 0.5833333333333334 0.8479166666666667 0.5770833333333333 0.84375
0 0.27708333333333335 0.2791666666666667 0.2604166666666667 0.2875 0.25416666666666665 0.29375 0.24791666666666667 0.3020833333333333 0.24375 0.30833333333333335 0.24166666666666667 0.3229166666666667 0.24166666666666667 0.3375 0.2520833333333333 0.35833333333333334 0.2604166666666667 0.36666666666666664 0.26875 0.3729166666666667 0.27708333333333335 0.3729166666666667 0.29375 0.37083333333333335 0.30416666666666664 0.36875 0.3333333333333333 0.33958333333333335 0.33541666666666664 0.33541666666666664 0.3375 0.32708333333333334 0.3375 0.32083333333333336 0.33541666666666664 0.3125 0.32083333333333336 0.29583333333333334 0.30416666666666664 0.2791666666666667
0 0.26666666666666666 0.9270833333333334 0.2625 0.9291666666666667 0.25625 0.9333333333333333 0.25 0.9375 0.24583333333333332 0.9416666666666667 0.23958333333333334 0.9541666666666667 0.23958333333333334 0.9729166666666667 0.24375 0.9791666666666666 0.2520833333333333 0.9895833333333334 0.25625 0.99375 0.26666666666666666 0.9958333333333333 0.275 0.9958333333333333 0.2791666666666667 0.99375 0.2833333333333333 0.9895833333333334 0.28958333333333336 0.9875 0.29583333333333334 0.9833333333333333 0.3 0.9791666666666666 0.30625 0.9666666666666667 0.30625 0.9604166666666667 0.30416666666666664 0.95 0.3020833333333333 0.9458333333333333 0.29791666666666666 0.9395833333333333 0.29375 0.9354166666666667 0.27708333333333335 0.9270833333333334
0 0.35 0.9145833333333333 0.33541666666666664 0.9166666666666666 0.32708333333333334 0.91875 0.3229166666666667 0.9208333333333333 0.31666666666666665 0.9270833333333334 0.30625 0.9416666666666667 0.30625 0.9583333333333334 0.30833333333333335 0.975 0.31875 0.9854166666666667 0.32708333333333334 0.9916666666666667 0.3625 0.9895833333333334 0.36666666666666664 0.9833333333333333 0.3729166666666667 0.975 0.3770833333333333 0.96875 0.37916666666666665 0.9645833333333333 0.37916666666666665 0.9354166666666667 0.375 0.9270833333333334 0.37083333333333335 0.9229166666666667 0.3645833333333333 0.91875 0.35625 0.9145833333333333
0 0.32916666666666666 0.99375 0.325 0.9979166666666667 0.3625 0.9979166666666667 0.35833333333333334 0.99375
0 0.15 0.25416666666666665 0.14375 0.25833333333333336 0.13333333333333333 0.26666666666666666 0.125 0.27291666666666664 0.11875 0.2791666666666667 0.11458333333333333 0.2875 0.1125 0.29791666666666666 0.1125 0.30833333333333335 0.11458333333333333 0.3145833333333333 0.11875 0.32083333333333336 0.11875 0.325 0.125 0.33125 0.12916666666666668 0.33541666666666664 0.1375 0.3416666666666667 0.14166666666666666 0.34375 0.16666666666666666 0.34375 0.17916666666666667 0.3333333333333333 0.19166666666666668 0.32083333333333336 0.19375 0.31666666666666665 0.19583333333333333 0.30833333333333335 0.19791666666666666 0.3020833333333333 0.19791666666666666 0.29583333333333334 0.19791666666666666 0.2875 0.19375 0.2833333333333333 0.18958333333333333 0.27708333333333335 0.1875 0.2708333333333333 0.18333333333333332 0.26458333333333334 0.17916666666666667 0.2604166666666667 0.16666666666666666 0.25416666666666665
0 0.14375 0.08125 0.13125 0.0875 0.125 0.09375 0.12083333333333333 0.1 0.12083333333333333 0.11666666666666667 0.12708333333333333 0.12916666666666668 0.14791666666666667 0.13125 0.15833333333333333 0.12291666666666666 0.16666666666666666 0.11458333333333333 0.16875 0.10625 0.16875 0.09791666666666667 0.1625 0.08958333333333333 0.15625 0.08333333333333333 0.15 0.08125