0 0.35 0.9708333333333333 0.34375 0.975 0.33958333333333335 0.975 0.33541666666666664 0.9770833333333333 0.325 0.9875 0.3229166666666667 0.9979166666666667 0.4 0.9979166666666667 0.3958333333333333 0.99375 0.38333333333333336 0.9833333333333333 0.3770833333333333 0.9791666666666666 0.3729166666666667 0.9770833333333333 0.36666666666666664 0.975 0.36041666666666666 0.9729166666666667 0.3541666666666667 0.9708333333333333
0 0.06666666666666667 0.9104166666666667 0.04375 0.9333333333333333 0.041666666666666664 0.9395833333333333 0.041666666666666664 0.9479166666666666 0.04583333333333333 0.9541666666666667 0.04583333333333333 0.9583333333333334 0.06458333333333334 0.9770833333333333 0.07083333333333333 0.9770833333333333 0.07708333333333334 0.9770833333333333 0.08541666666666667 0.975 0.09375 0.9729166666666667 0.10208333333333333 0.9625 0.10625 0.9583333333333334 0.1125 0.9458333333333333 0.1125 0.9375 0.11041666666666666 0.925 0.1 0.9145833333333333 0.09583333333333334 0.9125 0.08958333333333333 0.9104166666666667
0 0.25625 0.06041666666666667 0.2520833333333333 0.0625 0.25 0.06875 0.24791666666666667 0.075 0.24583333333333332 0.08125 0.24375 0.08541666666666667 0.24375 0.09166666666666666 0.24583333333333332 0.09791666666666667 0.25 0.10416666666666667 0.2604166666666667 0.10833333333333334 0.26666666666666666 0.10833333333333334 0.275 0.10416666666666667 0.28125 0.08958333333333333 0.26875 0.07708333333333334 0.26458333333333334 0.07083333333333333 0.26458333333333334 0.06875
0 0.4979166666666667 0 0.49375 0.0020833333333333333 0.4895833333333333 0.00625 0.4875 0.010416666666666666 0.48541666666666666 0.014583333333333334 0.4875 0.01875 0.49375 0.025 0.5 0.03333333333333333 0.5 0.035416666666666666 0.5041666666666667 0.041666666666666664 0.5104166666666666 0.04791666666666667 0.5166666666666667 0.052083333333333336 0.525 0.05625 0.53125 0.05625 0.5375 0.05416666666666667 0.5458333333333333 0.05 0.55 0.041666666666666664 0.5520833333333334 0.027083333333333334 0.5520833333333334 0
0 0.7791666666666667 0.5729166666666666 0.7729166666666667 0.5770833333333333 0.7625 0.5854166666666667 0.7583333333333333 0.5895833333333333 0.75625 0.59375 0.7541666666666667 0.6 0.7520833333333333 0.6083333333333333 0.7520833333333333 0.6125 0.7520833333333333 0.61875 0.7645833333333333 0.6375 0.7708333333333334 0.6395833333333333 0.7791666666666667 0.6416666666666667 0.7833333333333333 0.6416666666666667 0.7895833333333333 0.6416666666666667 0.8166666666666667 0.6291666666666667 0.8208333333333333 0.625 0.8229166666666666 0.6208333333333333 0.8229166666666666 0.6020833333333333 0.81875 0.5958333333333333 0.8104166666666667 0.5854166666666667 0.8041666666666667 0.5791666666666667 0.7916666666666666 0.5729166666666666
0 0.7916666666666666 0.39375 0.7833333333333333 0.40208333333333335 0.7833333333333333 0.40625 0.7854166666666667 0.41458333333333336 0.7875 0.42083333333333334 0.7895833333333333 0.425 0.79375 0.425 0.8020833333333334 0.42083333333333334 0.8041666666666667 0.41458333333333336 0.8041666666666667 0.4083333333333333 0.8041666666666667 0.4041666666666667 0.7958333333333333 0.3958333333333333
0 0.425 0.05625 0.41875 0.058333333333333334 0.4125 0.0625 0.41041666666666665 0.07083333333333333 0.425 0.0875 0.43333333333333335 0.0875 0.43125 0.07708333333333334 0.43333333333333335 0.058333333333333334 0.42916666666666664 0.05416666666666667
0 0.38333333333333336 0.0020833333333333333 0.38333333333333336 0.010416666666666666 0.3854166666666667 0.016666666666666666 0.3958333333333333 0.0375 0.4 0.041666666666666664 0.4083333333333333 0.04791666666666667 0.4166666666666667 0.052083333333333336 0.43333333333333335 0.052083333333333336 0.4395833333333333 0.05 0.46041666666666664 0.03958333333333333 0.4708333333333333 0.029166666666666667 0.475 0.020833333333333332 0.47708333333333336 0.0125 0.47708333333333336 0
0 0.34375 0.01875 0.33541666666666664 0.022916666666666665 0.33125 0.027083333333333334 0.325 0.029166666666666667 0.3229166666666667 0.03958333333333333 0.325 0.04583333333333333 0.32916666666666666 0.052083333333333336 0.33125 0.058333333333333334 0.33125 0.0625 0.3333333333333333 0.07083333333333333 0.3375 0.075 0.3458333333333333 0.07916666666666666 0.35208333333333336 0.07916666666666666 0.36041666666666666 0.075 0.36041666666666666 0.06666666666666667 0.3645833333333333 0.0625 0.36875 0.058333333333333334 0.375 0.052083333333333336 0.37916666666666665 0.04375 0.37916666666666665 0.03958333333333333 0.3770833333333333 0.03333333333333333 0.375 0.029166666666666667 0.37083333333333335 0.022916666666666665 0.3625 0.01875
0 0.2875 0 0.28958333333333336 0.010416666666666666 0.29583333333333334 0.016666666666666666 0.30625 0.020833333333333332 0.3104166666666667 0.025 0.32708333333333334 0.025 0.3333333333333333 0.022916666666666665 0.34791666666666665 0.014583333333333334 0.35208333333333336 0.014583333333333334 0.35625 0.0125 0.3645833333333333 0.004166666666666667 0.3645833333333333 0
0 0.23333333333333334 0 0.23333333333333334 0.010416666666666666 0.2375 0.016666666666666666 0.24166666666666667 0.020833333333333332 0.25 0.025 0.2604166666666667 0.027083333333333334 0.26458333333333334 0.027083333333333334 0.26875 0.025 0.27291666666666664 0.020833333333333332 0.2791666666666667 0.020833333333333332 0.28541666666666665 0.014583333333333334 0.2875 0.008333333333333333 0.28541666666666665 0
0 0.29375 0.01875 0.28125 0.020833333333333332 0.27291666666666664 0.022916666666666665 0.26666666666666666 0.027083333333333334 0.2625 0.03125 0.25833333333333336 0.03958333333333333 0.25625 0.04583333333333333 0.25625 0.05 0.25416666666666665 0.05416666666666667 0.25833333333333336 0.06041666666666667 0.26666666666666666 0.06875 0.2708333333333333 0.075 0.2708333333333333 0.07708333333333334 0.2833333333333333 0.08958333333333333 0.2916666666666667 0.09375 0.29791666666666666 0.09375 0.30416666666666664 0.08958333333333333 0.30833333333333335 0.08958333333333333 0.3125 0.0875 0.32083333333333336 0.08125 0.32708333333333334 0.075 0.32916666666666666 0.06875 0.32916666666666666 0.0625 0.32916666666666666 0.058333333333333334 0.32708333333333334 0.052083333333333336 0.3229166666666667 0.04583333333333333 0.3229166666666667 0.041666666666666664 0.31875 0.03333333333333333 0.3145833333333333 0.029166666666666667 0.30625 0.022916666666666665 0.29791666666666666 0.01875
0 0.42916666666666664 0.9583333333333334 0.40625 0.9854166666666667 0.40625 0.9916666666666667 0.4083333333333333 0.9979166666666667 0.4708333333333333 0.9979166666666667 0.47291666666666665 0.9895833333333334 0.47291666666666665 0.9854166666666667 0.46875 0.98125 0.46458333333333335 0.9708333333333333 0.4583333333333333 0.9645833333333333 0.45416666666666666 0.9625 0.4479166666666667 0.9604166666666667 0.4395833333333333 0.9583333333333334 0.4354166666666667 0.9583333333333334
0 0.25416666666666665 0.9916666666666667 0.24375 0.99375 0.23958333333333334 0.9979166666666667 0.2833333333333333 0.9979166666666667 0.2791666666666667 0.9979166666666667 0.2708333333333333 0.9958333333333333 0.26458333333333334 0.99375 0.2625 0.9916666666666667
0 0.075 0.8354166666666667 0.06458333333333334 0.84375 0.06041666666666667 0.8479166666666667 0.058333333333333334 0.8541666666666666 0.05416666666666667 0.8583333333333333 0.05416666666666667 0.8666666666666667 0.05625 0.8708333333333333 0.05625 0.875 0.0625 0.8875 0.06666666666666667 0.8916666666666667 0.075 0.8979166666666667 0.08125 0.9020833333333333 0.10833333333333334 0.9020833333333333 0.11041666666666666 0.89375 0.11458333333333333 0.8875 0.12708333333333333 0.8770833333333333 0.12708333333333333 0.8729166666666667 0.12916666666666668 0.8625 0.125 0.8541666666666666 0.11875 0.8479166666666667 0.11041666666666666 0.8416666666666667 0.10416666666666667 0.8375 0.08958333333333333 0.8354166666666667
0 0.675 0 0.6791666666666667 0.004166666666666667 0.6854166666666667 0.0125 0.6916666666666667 0.025 0.69375 0.03125 0.6979166666666666 0.03333333333333333 0.7041666666666667 0.035416666666666666 0.7145833333333333 0.0375 0.73125 0.0375 0.7395833333333334 0.03333333333333333 0.7583333333333333 0.014583333333333334 0.7583333333333333 0
0 0.4791666666666667 0.91875 0.46875 0.9291666666666667 0.46458333333333335 0.9375 0.4625 0.9458333333333333 0.4625 0.95625 0.46458333333333335 0.9666666666666667 0.4666666666666667 0.9729166666666667 0.4708333333333333 0.98125 0.47708333333333336 0.9875 0.48333333333333334 0.9916666666666667 0.4895833333333333 0.99375 0.5 0.99375 0.5083333333333333 0.9895833333333334 0.5145833333333333 0.975 0.51875 0.9708333333333333 0.51875 0.9645833333333333 0.5166666666666667 0.9583333333333334 0.5104166666666666 0.9479166666666666 0.5104166666666666 0.9375 0.5041666666666667 0.925 0.49583333333333335 0.9208333333333333 0.48541666666666666 0.91875
0 0.5333333333333333 0.925 0.525 0.9270833333333334 0.5208333333333334 0.93125 0.5145833333333333 0.9375 0.5125 0.94375 0.5125 0.9479166666666666 0.5166666666666667 0.95625 0.525 0.9645833333333333 0.53125 0.9645833333333333 0.5375 0.9604166666666667 0.54375 0.9604166666666667 0.5541666666666667 0.9479166666666666 0.55625 0.9395833333333333 0.55625 0.9333333333333333 0.5541666666666667 0.9291666666666667 0.55 0.925
0 0.5958333333333333 0.9125 0.5729166666666666 0.9229166666666667 0.5645833333333333 0.93125 0.5583333333333333 0.9395833333333333 0.55625 0.94375 0.5541666666666667 0.95 0.5541666666666667 0.9541666666666667 0.55625 0.9604166666666667 0.5645833333333333 0.96875 0.5708333333333333 0.98125 0.5708333333333333 0.9854166666666667 0.575 0.9895833333333334 0.58125 0.99375 0.5895833333333333 0.9979166666666667 0.6208333333333333 0.9979166666666667 0.625 0.9958333333333333 0.6333333333333333 0.9895833333333334 0.6395833333333333 0.9833333333333333 0.64375 0.975 0.64375 0.9604166666666667 0.6416666666666667 0.9541666666666667 0.6395833333333333 0.9479166666666666 0.6354166666666666 0.9416666666666667 0.6354166666666666 0.9375 0.6333333333333333 0.93125 0.63125 0.9270833333333334 0.6270833333333333 0.9229166666666667 0.6229166666666667 0.9229166666666667 0.6020833333333333 0.9125
0 0.5458333333333333 0.9604166666666667 0.5375 0.9625 0.5208333333333334 0.9708333333333333 0.5166666666666667 0.975 0.5104166666666666 0.9875 0.5083333333333333 0.99375 0.5083333333333333 0.9979166666666667 0.5729166666666666 0.9979166666666667 0.5708333333333333 0.9875 0.56875 0.98125 0.5625 0.96875 0.5583333333333333 0.9645833333333333 0.55 0.9604166666666667
0 0.5666666666666667 0.8458333333333333 0.5604166666666667 0.85 0.5583333333333333 0.8541666666666666 0.55625 0.8583333333333333 0.5541666666666667 0.8645833333333334 0.5541666666666667 0.86875 0.5520833333333334 0.8729166666666667 0.5458333333333333 0.8791666666666667 0.5458333333333333 0.8875 0.55 0.8958333333333334 0.5541666666666667 0.9 0.5625 0.9041666666666667 0.575 0.9041666666666667 0.5833333333333334 0.9 0.5916666666666667 0.89375 0.5958333333333333 0.8895833333333333 0.5979166666666667 0.88125 0.5979166666666667 0.875 0.5895833333333333 0.8583333333333333 0.5791666666666667 0.8479166666666667 0.5729166666666666 0.8458333333333333
0 0.5895833333333333 0.8229166666666666 0.58125 0.8270833333333333 0.5770833333333333 0.8354166666666667 0.5770833333333333 0.8416666666666667 0.58125 0.8479166666666667 0.5895833333333333 0.85625 0.5958333333333333 0.8583333333333333 0.6020833333333333 0.8583333333333333 0.6083333333333333 0.85625 0.6104166666666667 0.8520833333333333 0.6125 0.8458333333333333 0.6125 0.8395833333333333 0.6083333333333333 0.8291666666666667 0.6 0.825 0.59375 0.8229166666666666
0 0.6145833333333334 0.8645833333333334 0.6041666666666666 0.86875 0.6 0.8770833333333333 0.5979166666666667 0.8833333333333333 0.5979166666666667 0.9 0.6020833333333333 0.9083333333333333 0.60625 0.9125 0.6229166666666667 0.9208333333333333 0.63125 0.9208333333333333 0.6375 0.91875 0.6416666666666667 0.9145833333333333 0.6479166666666667 0.9020833333333333 0.65 0.8958333333333334 0.65 0.8854166666666666 0.6458333333333334 0.8791666666666667 0.6375 0.8708333333333333 0.63125 0.8666666666666667 0.625 0.8645833333333334
0 0.6979166666666666 0.8604166666666667 0.69375 0.8645833333333334 0.6854166666666667 0.8708333333333333 0.6770833333333334 0.875 0.6708333333333333 0.8770833333333333 0.6625 0.8770833333333333 0.65625 0.8791666666666667 0.6520833333333333 0.88125 0.6520833333333333 0.8958333333333334 0.65 0.9020833333333333 0.64375 0.9145833333333333 0.6375 0.9208333333333333 0.6354166666666666 0.93125 0.6354166666666666 0.9354166666666667 0.6375 0.9416666666666667 0.6416666666666667 0.9479166666666666 0.6416666666666667 0.9520833333333333 0.6458333333333334 0.9604166666666667 0.6520833333333333 0.96875 0.65625 0.9729166666666667 0.6854166666666667 0.9729166666666667 0.69375 0.96875 0.7 0.9625 0.7166666666666667 0.94375 0.7229166666666667 0.9395833333333333 0.7333333333333333 0.9354166666666667 0.74375 0.925 0.7458333333333333 0.91875 0.7458333333333333 0.9083333333333333 0.74375 0.9 0.7395833333333334 0.8916666666666667 0.7354166666666667 0.8875 0.7270833333333333 0.8770833333333333 0.7229166666666667 0.8770833333333333 0.71875 0.875 0.7125 0.8708333333333333 0.70625 0.8645833333333334 0.7020833333333333 0.8625
0 0.5166666666666667 0.8104166666666667 0.5104166666666666 0.8125 0.50625 0.8145833333333333 0.5020833333333333 0.81875 0.4979166666666667 0.8270833333333333 0.4979166666666667 0.83125 0.49375 0.8375 0.49375 0.8520833333333333 0.5083333333333333 0.875 0.5125 0.8791666666666667 0.5166666666666667 0.88125 0.5395833333333333 0.88125 0.5458333333333333 0.8770833333333333 0.55 0.8729166666666667 0.5520833333333334 0.86875 0.5541666666666667 0.8625 0.5541666666666667 0.8583333333333333 0.5583333333333333 0.8520833333333333 0.5583333333333333 0.8458333333333333 0.55625 0.8354166666666667 0.5520833333333334 0.8270833333333333 0.5479166666666667 0.8208333333333333 0.54375 0.8166666666666667 0.5395833333333333 0.8145833333333333 0.5333333333333333 0.8125 0.525 0.8104166666666667
0 0.475 0.7916666666666666 0.4708333333333333 0.7916666666666666 0.4666666666666667 0.79375 0.46458333333333335 0.7979166666666667 0.46458333333333335 0.8020833333333334 0.46041666666666664 0.8083333333333333 0.46041666666666664 0.8125 0.4583333333333333 0.8166666666666667 0.45416666666666666 0.8208333333333333 0.45416666666666666 0.8291666666666667 0.45625 0.8354166666666667 0.4625 0.84375 0.46875 0.85 0.47708333333333336 0.8541666666666666 0.48125 0.8541666666666666 0.4875 0.8520833333333333 0.4895833333333333 0.8479166666666667 0.4895833333333333 0.84375 0.49166666666666664 0.8375 0.49583333333333335 0.83125 0.4979166666666667 0.825 0.5 0.81875 0.5 0.8125 0.4979166666666667 0.80625 0.49375 0.8 0.4875 0.79375 0.48125 0.7916666666666666
0 0.5604166666666667 0.7208333333333333 0.5520833333333334 0.7229166666666667 0.5458333333333333 0.725 0.54375 0.7270833333333333 0.5354166666666667 0.7270833333333333 0.525 0.725 0.51875 0.7291666666666666 0.5125 0.73125 0.5104166666666666 0.7375 0.50625 0.74375 0.5041666666666667 0.75 0.5020833333333333 0.75625 0.5 0.7645833333333333 0.5 0.78125 0.5125 0.79375 0.5291666666666667 0.8083333333333333 0.5375 0.8125 0.54375 0.8125 0.55 0.8104166666666667 0.5583333333333333 0.80625 0.5666666666666667 0.8 0.5729166666666666 0.79375 0.575 0.7875 0.575 0.7833333333333333 0.5791666666666667 0.7791666666666667 0.5833333333333334 0.7729166666666667 0.5854166666666667 0.76875 0.5875 0.7625 0.5875 0.75625 0.5854166666666667 0.75 0.58125 0.7416666666666667 0.5770833333333333 0.7375 0.575 0.73125 0.5645833333333333 0.7208333333333333
0 0.5458333333333333 0.6958333333333333 0.5375 0.6979166666666666 0.5333333333333333 0.7020833333333333 0.5291666666666667 0.7083333333333334 0.5270833333333333 0.7145833333333333 0.5270833333333333 0.7208333333333333 0.53125 0.7229166666666667 0.5354166666666667 0.725 0.54375 0.725 0.55 0.7229166666666667 0.55625 0.71875 0.5604166666666667 0.7145833333333333 0.5583333333333333 0.7 0.55 0.6958333333333333
0 0.15208333333333332 0.15833333333333333 0.13541666666666666 0.15833333333333333 0.12708333333333333 0.16041666666666668 0.12291666666666666 0.16458333333333333 0.11666666666666667 0.17291666666666666 0.10833333333333334 0.18958333333333333 0.10625 0.19583333333333333 0.10416666666666667 0.20208333333333334 0.10416666666666667 0.22291666666666668 0.10625 0.22916666666666666 0.11041666666666666 0.23333333333333334 0.11666666666666667 0.2375 0.12291666666666666 0.23958333333333334 0.13125 0.24166666666666667 0.1375 0.24375 0.14166666666666666 0.24375 0.14791666666666667 0.24166666666666667 0.15416666666666667 0.23958333333333334 0.16041666666666668 0.2375 0.16458333333333333 0.23541666666666666 0.17916666666666667 0.22083333333333333 0.18333333333333332 0.21458333333333332 0.18541666666666667 0.20833333333333334 0.18541666666666667 0.2 0.18541666666666667 0.18541666666666667 0.18333333333333332 0.17916666666666667 0.18125 0.175 0.17916666666666667 0.17083333333333334 0.16666666666666666 0.16041666666666668 0.1625 0.15833333333333333 0.15833333333333333 0.15833333333333333
0 0 0.19166666666666668 0 0.24375 0.004166666666666667 0.24375 0.008333333333333333 0.23958333333333334 0.014583333333333334 0.23125 0.016666666666666666 0.22708333333333333 0.01875 0.21666666666666667 0.01875 0.2 0.010416666666666666 0.19166666666666668
0 0.575 0 0.56875 0.0020833333333333333 0.5645833333333333 0.00625 0.5583333333333333 0.014583333333333334 0.5541666666666667 0.022916666666666665 0.5520833333333334 0.029166666666666667 0.55 0.04375 0.55 0.058333333333333334 0.5520833333333334 0.07708333333333334 0.55625 0.08541666666666667 0.56875 0.09791666666666667 0.5770833333333333 0.10208333333333333 0.58125 0.10208333333333333 0.5875 0.1 0.59375 0.09791666666666667 0.6020833333333333 0.09375 0.60625 0.08958333333333333 0.6125 0.0875 0.6270833333333333 0.07291666666666667 0.6395833333333333 0.058333333333333334 0.64375 0.05 0.64375 0.04583333333333333 0.6416666666666667 0.03958333333333333 0.6395833333333333 0.035416666666666666 0.6354166666666666 0.029166666666666667 0.6291666666666667 0.022916666666666665 0.6270833333333333 0.016666666666666666 0.6208333333333333 0.010416666666666666 0.6125 0.004166666666666667 0.6041666666666666 0
0 0.6395833333333333 0 0.6333333333333333 0.0020833333333333333 0.625 0.010416666666666666 0.6270833333333333 0.014583333333333334 0.6333333333333333 0.020833333333333332 0.6395833333333333 0.029166666666666667 0.6416666666666667 0.035416666666666666 0.6479166666666667 0.041666666666666664 0.6541666666666667 0.04583333333333333 0.6666666666666666 0.04583333333333333 0.675 0.041666666666666664 0.6791666666666667 0.03333333333333333 0.6791666666666667 0.025 0.6770833333333334 0.016666666666666666 0.6729166666666667 0.010416666666666666 0.66875 0.00625 0.6604166666666667 0.0020833333333333333 0.6541666666666667 0
0 0.42291666666666666 0.8458333333333333 0.41041666666666665 0.8520833333333333 0.39791666666666664 0.8625 0.38958333333333334 0.8708333333333333 0.3875 0.8791666666666667 0.3854166666666667 0.8958333333333334 0.3854166666666667 0.9041666666666667 0.3875 0.9104166666666667 0.39166666666666666 0.91875 0.39791666666666664 0.9270833333333334 0.4041666666666667 0.9333333333333333 0.4083333333333333 0.9354166666666667 0.4125 0.9354166666666667 0.41875 0.9395833333333333 0.4395833333333333 0.9395833333333333 0.44583333333333336 0.9375 0.45416666666666666 0.9333333333333333 0.4625 0.9270833333333334 0.46875 0.9208333333333333 0.4708333333333333 0.9166666666666666 0.47291666666666665 0.9083333333333333 0.475 0.9020833333333333 0.47708333333333336 0.89375 0.47708333333333336 0.8895833333333333 0.475 0.8833333333333333 0.4708333333333333 0.8770833333333333 0.4708333333333333 0.8729166666666667 0.46875 0.86875 0.45625 0.85625 0.45208333333333334 0.8541666666666666 0.44583333333333336 0.8520833333333333 0.4395833333333333 0.85 0.43333333333333335 0.8479166666666667 0.4270833333333333 0.8458333333333333
0 0.42916666666666664 0.7666666666666667 0.425 0.76875 0.42083333333333334 0.7729166666666667 0.41458333333333336 0.775 0.4083333333333333 0.7791666666666667 0.4041666666666667 0.7833333333333333 0.39166666666666666 0.7958333333333333 0.38958333333333334 0.8020833333333334 0.38958333333333334 0.8229166666666666 0.39375 0.83125 0.39791666666666664 0.8354166666666667 0.4083333333333333 0.84375 0.41458333333333336 0.84375 0.425 0.8416666666666667 0.43125 0.8395833333333333 0.44375 0.8291666666666667 0.45625 0.8166666666666667 0.4583333333333333 0.8125 0.4583333333333333 0.8083333333333333 0.4625 0.8020833333333334 0.46458333333333335 0.7958333333333333 0.46458333333333335 0.7916666666666666 0.4666666666666667 0.7875 0.46041666666666664 0.7791666666666667 0.45208333333333334 0.7708333333333334 0.44583333333333336 0.76875 0.43333333333333335 0.7666666666666667
0 0.3 0.89375 0.2916666666666667 0.9 0.2791666666666667 0.9104166666666667 0.26666666666666666 0.9208333333333333 0.2604166666666667 0.9270833333333334 0.25625 0.9354166666666667 0.25625 0.9583333333333334 0.2604166666666667 0.9645833333333333 0.2708333333333333 0.9770833333333333 0.275 0.98125 0.2875 0.9875 0.3125 0.9875 0.32083333333333336 0.9833333333333333 0.325 0.9791666666666666 0.33541666666666664 0.975 0.33958333333333335 0.9708333333333333 0.35 0.9625 0.35208333333333336 0.9541666666666667 0.3541666666666667 0.9458333333333333 0.3541666666666667 0.93125 0.35208333333333336 0.9145833333333333 0.3416666666666667 0.9041666666666667 0.32916666666666666 0.89375
0 0.06666666666666667 0 0.07083333333333333 0.00625 0.075 0.010416666666666666 0.07916666666666666 0.0125 0.08541666666666667 0.014583333333333334 0.09583333333333334 0.016666666666666666 0.10208333333333333 0.016666666666666666 0.10833333333333334 0.014583333333333334 0.1125 0.010416666666666666 0.12291666666666666 0
0 0.5958333333333333 0.28125 0.5770833333333333 0.3 0.5770833333333333 0.30625 0.5791666666666667 0.31875 0.58125 0.32708333333333334 0.5854166666666667 0.3333333333333333 0.5916666666666667 0.33958333333333335 0.6041666666666666 0.3458333333333333 0.6104166666666667 0.3458333333333333 0.625 0.34375 0.6333333333333333 0.3416666666666667 0.6375 0.3375 0.6458333333333334 0.32708333333333334 0.65 0.32083333333333336 0.6520833333333333 0.3125 0.6520833333333333 0.3020833333333333 0.6479166666666667 0.29375 0.64375 0.28958333333333336 0.6354166666666666 0.2833333333333333 0.63125 0.28125
0 0.7708333333333334 0.14166666666666666 0.7458333333333333 0.15625 0.7416666666666667 0.16041666666666668 0.7375 0.16875 0.7375 0.19166666666666668 0.74375 0.20416666666666666 0.7479166666666667 0.20833333333333334 0.75625 0.2125 0.7625 0.2125 0.7770833333333333 0.21041666666666667 0.7875 0.20625 0.7895833333333333 0.2 0.79375 0.19583333333333333 0.8 0.18333333333333332 0.8 0.17291666666666666 0.7979166666666667 0.15833333333333333 0.79375 0.15416666666666667 0.78125 0.14375 0.775 0.13958333333333334
0 0.76875 0.06041666666666667 0.7458333333333333 0.07916666666666666 0.74375 0.08541666666666667 0.74375 0.10833333333333334 0.7583333333333333 0.12916666666666668 0.7666666666666667 0.13125 0.775 0.13333333333333333 0.7833333333333333 0.13541666666666666 0.7875 0.13541666666666666 0.8104166666666667 0.11666666666666667 0.8125 0.11041666666666666 0.8125 0.08541666666666667 0.8104166666666667 0.08125 0.8041666666666667 0.07291666666666667 0.8 0.06666666666666667 0.7895833333333333 0.0625 0.775 0.06041666666666667
0 0.5979166666666667 0.10208333333333333 0.58125 0.11041666666666666 0.5770833333333333 0.12291666666666666 0.5770833333333333 0.13333333333333333 0.58125 0.14166666666666666 0.5895833333333333 0.14583333333333334 0.6 0.14791666666666667 0.6041666666666666 0.14791666666666667 0.6208333333333333 0.13958333333333334 0.625 0.13125 0.625 0.125 0.6104166666666667 0.10416666666666667 0.6020833333333333 0.10208333333333333
0 0.6708333333333333 0.04791666666666667 0.6645833333333333 0.05 0.6583333333333333 0.052083333333333336 0.6520833333333333 0.05416666666666667 0.6479166666666667 0.05625 0.6354166666666666 0.06875 0.6229166666666667 0.08333333333333333 0.6229166666666667 0.11666666666666667 0.625 0.12083333333333333 0.6291666666666667 0.125 0.6354166666666666 0.12708333333333333 0.6395833333333333 0.13125 0.65 0.13541666666666666 0.6541666666666667 0.13958333333333334 0.6625 0.14375 0.68125 0.14375 0.6979166666666666 0.13541666666666666 0.7083333333333334 0.12708333333333333 0.7208333333333333 0.11458333333333333 0.725 0.10625 0.7270833333333333 0.09375 0.7270833333333333 0.08125 0.725 0.075 0.7083333333333334 0.06041666666666667 0.7041666666666667 0.05625 0.6875 0.04791666666666667
0 0.5145833333333333 0.10625 0.50625 0.1125 0.5 0.11875 0.49375 0.125 0.49166666666666664 0.13333333333333333 0.4895833333333333 0.14166666666666666 0.4875 0.15 0.4875 0.15416666666666667 0.4895833333333333 0.16041666666666668 0.49166666666666664 0.16666666666666666 0.49375 0.17083333333333334 0.50625 0.18333333333333332 0.51875 0.18958333333333333 0.5333333333333333 0.18958333333333333 0.5583333333333333 0.17708333333333334 0.5625 0.17291666666666666 0.5666666666666667 0.16458333333333333 0.5666666666666667 0.13958333333333334 0.5645833333333333 0.13333333333333333 0.5604166666666667 0.125 0.5479166666666667 0.1125 0.54375 0.11041666666666666 0.5354166666666667 0.10833333333333334 0.5291666666666667 0.10625 0.5229166666666667 0.10625
0 0.4708333333333333 0.035416666666666666 0.44166666666666665 0.05 0.4375 0.052083333333333336 0.4375 0.058333333333333334 0.4354166666666667 0.075 0.43333333333333335 0.07708333333333334 0.43333333333333335 0.08541666666666667 0.4395833333333333 0.09375 0.45416666666666666 0.11041666666666666 0.4625 0.11875 0.4791666666666667 0.12083333333333333 0.49375 0.12083333333333333 0.50625 0.11041666666666666 0.5166666666666667 0.1 0.5166666666666667 0.06458333333333334 0.5125 0.058333333333333334 0.50625 0.05 0.5020833333333333 0.04583333333333333 0.4979166666666667 0.04375 0.49375 0.04375 0.4875 0.03958333333333333 0.48125 0.0375 0.475 0.035416666666666666
0 0.4270833333333333 0.12083333333333333 0.42291666666666666 0.12291666666666666 0.41458333333333336 0.12916666666666668 0.4083333333333333 0.13541666666666666 0.4 0.14583333333333334 0.4 0.15833333333333333 0.40208333333333335 0.16875 0.4083333333333333 0.17708333333333334 0.4166666666666667 0.18541666666666667 0.425 0.18958333333333333 0.4354166666666667 0.18958333333333333 0.44375 0.1875 0.45208333333333334 0.18333333333333332 0.45625 0.17916666666666667 0.4625 0.17708333333333334 0.4666666666666667 0.16875 0.46875 0.16041666666666668 0.4708333333333333 0.15 0.4708333333333333 0.14375 0.45208333333333334 0.12083333333333333
0 0.3625 0.10208333333333333 0.3458333333333333 0.11041666666666666 0.3416666666666667 0.11458333333333333 0.3333333333333333 0.13125 0.33125 0.14166666666666666 0.33125 0.15 0.33958333333333335 0.16041666666666668 0.35 0.17083333333333334 0.3729166666666667 0.17083333333333334 0.3854166666666667 0.16458333333333333 0.38958333333333334 0.16041666666666668 0.3958333333333333 0.15208333333333332 0.4 0.14375 0.4 0.1375 0.4 0.12916666666666668 0.3958333333333333 0.125 0.39375 0.11875 0.38958333333333334 0.1125 0.3854166666666667 0.10833333333333334 0.3770833333333333 0.10416666666666667 0.37083333333333335 0.10208333333333333
0 0.37916666666666665 0.05625 0.375 0.058333333333333334 0.37083333333333335 0.0625 0.3645833333333333 0.06458333333333334 0.36041666666666666 0.07916666666666666 0.36041666666666666 0.09166666666666666 0.36875 0.1 0.3729166666666667 0.10208333333333333 0.37916666666666665 0.10208333333333333 0.38333333333333336 0.10416666666666667 0.39375 0.09583333333333334 0.4041666666666667 0.08541666666666667 0.4041666666666667 0.06875 0.3958333333333333 0.06041666666666667 0.39166666666666666 0.058333333333333334 0.38333333333333336 0.05625
0 0.48541666666666666 0.20833333333333334 0.46875 0.21666666666666667 0.46458333333333335 0.22083333333333333 0.46041666666666664 0.22708333333333333 0.4583333333333333 0.23958333333333334 0.45625 0.26458333333333334 0.45625 0.27708333333333335 0.4625 0.2791666666666667 0.46875 0.28541666666666665 0.4708333333333333 0.2916666666666667 0.475 0.29583333333333334 0.5083333333333333 0.29583333333333334 0.5291666666666667 0.28541666666666665 0.5354166666666667 0.2791666666666667 0.5395833333333333 0.27291666666666664 0.54375 0.26458333333333334 0.5458333333333333 0.25833333333333336 0.5458333333333333 0.24791666666666667 0.54375 0.2375 0.5395833333333333 0.23125 0.5291666666666667 0.21875 0.525 0.21458333333333332 0.5166666666666667 0.21041666666666667 0.5104166666666666 0.20833333333333334
0 0.42291666666666666 0.20625 0.4125 0.20833333333333334 0.40208333333333335 0.21041666666666667 0.3958333333333333 0.2125 0.38958333333333334 0.21666666666666667 0.38125 0.22291666666666668 0.3770833333333333 0.22708333333333333 0.3729166666666667 0.23541666666666666 0.3729166666666667 0.2708333333333333 0.38333333333333336 0.28125 0.39791666666666664 0.29375 0.41041666666666665 0.29375 0.4270833333333333 0.2916666666666667 0.4354166666666667 0.2875 0.44375 0.2791666666666667 0.4479166666666667 0.275 0.45416666666666666 0.26875 0.45625 0.24791666666666667 0.45416666666666666 0.225 0.44583333333333336 0.21875 0.4395833333333333 0.21458333333333332 0.43125 0.20833333333333334 0.4270833333333333 0.20625
0 0.3625 0.38333333333333336 0.3541666666666667 0.3875 0.34791666666666665 0.38958333333333334 0.3458333333333333 0.39375 0.3458333333333333 0.39791666666666664 0.34375 0.40625 0.3416666666666667 0.4083333333333333 0.3416666666666667 0.4125 0.3416666666666667 0.42083333333333334 0.3458333333333333 0.425 0.34791666666666665 0.43125 0.35208333333333336 0.4375 0.3645833333333333 0.44166666666666665 0.37083333333333335 0.44166666666666665 0.37916666666666665 0.4375 0.38333333333333336 0.43333333333333335 0.38958333333333334 0.4270833333333333 0.39166666666666666 0.42083333333333334 0.39375 0.4125 0.39375 0.4083333333333333 0.39166666666666666 0.4 0.38958333333333334 0.3958333333333333 0.37916666666666665 0.3854166666666667 0.375 0.38333333333333336 0.36875 0.38333333333333336
0 0.26458333333333334 0.3875 0.24375 0.4083333333333333 0.24166666666666667 0.42083333333333334 0.24166666666666667 0.42916666666666664 0.24583333333333332 0.4354166666666667 0.25416666666666665 0.44583333333333336 0.25833333333333336 0.45 0.26458333333333334 0.45208333333333334 0.275 0.45416666666666666 0.2791666666666667 0.45416666666666666 0.2833333333333333 0.45208333333333334 0.2916666666666667 0.44583333333333336 0.3 0.4395833333333333 0.30416666666666664 0.4354166666666667 0.30416666666666664 0.43125 0.30625 0.42291666666666666 0.30833333333333335 0.42083333333333334 0.30833333333333335 0.4166666666666667 0.30625 0.4125 0.3020833333333333 0.40625 0.29791666666666666 0.40208333333333335 0.29583333333333334 0.3958333333333333 0.2916666666666667 0.39166666666666666 0.28958333333333336 0.3875 0.2791666666666667 0.38958333333333334
0 0.7416666666666667 0.93125 0.7375 0.9333333333333333 0.7333333333333333 0.9375 0.7229166666666667 0.9416666666666667 0.7166666666666667 0.9458333333333333 0.7020833333333333 0.9604166666666667 0.6958333333333333 0.96875 0.69375 0.9729166666666667 0.69375 0.9770833333333333 0.6958333333333333 0.9854166666666667 0.6979166666666666 0.99375 0.7 0.9979166666666667 0.7833333333333333 0.9979166666666667 0.7854166666666667 0.99375 0.7895833333333333 0.9854166666666667 0.7895833333333333 0.96875 0.7833333333333333 0.95625 0.7645833333333333 0.9375 0.7604166666666666 0.9354166666666667 0.7541666666666667 0.9333333333333333 0.7458333333333333 0.93125
0 0.18125 0.44583333333333336 0.17291666666666666 0.45 0.16875 0.45416666666666666 0.15416666666666667 0.46458333333333335 0.15208333333333332 0.47291666666666665 0.15 0.4791666666666667 0.14791666666666667 0.4875 0.14791666666666667 0.49166666666666664 0.15 0.5 0.15208333333333332 0.5083333333333333 0.15416666666666667 0.5125 0.15833333333333333 0.5166666666666667 0.17083333333333334 0.5270833333333333 0.17708333333333334 0.53125 0.18333333333333332 0.5333333333333333 0.19375 0.5354166666666667 0.2 0.5354166666666667 0.2125 0.5291666666666667 0.22916666666666666 0.5125 0.23541666666666666 0.5 0.23541666666666666 0.475 0.23333333333333334 0.4708333333333333 0.22708333333333333 0.4625 0.22083333333333333 0.45625 0.21041666666666667 0.4479166666666667 0.20208333333333334 0.44583333333333336
0 0.14583333333333334 0.51875 0.13125 0.5270833333333333 0.125 0.5291666666666667 0.12291666666666666 0.5354166666666667 0.1125 0.5541666666666667 0.11041666666666666 0.5604166666666667 0.11041666666666666 0.5666666666666667 0.10416666666666667 0.5729166666666666 0.10416666666666667 0.5854166666666667 0.11458333333333333 0.5958333333333333 0.12708333333333333 0.60625 0.16458333333333333 0.60625 0.18541666666666667 0.5854166666666667 0.1875 0.5625 0.18541666666666667 0.5375 0.17916666666666667 0.5333333333333333 0.17291666666666666 0.5291666666666667 0.16666666666666666 0.5270833333333333 0.1625 0.5229166666666667 0.15833333333333333 0.5208333333333334 0.15208333333333332 0.51875
0 0.29791666666666666 0.49166666666666664 0.2916666666666667 0.49583333333333335 0.2875 0.49583333333333335 0.28125 0.4979166666666667 0.26666666666666666 0.5145833333333333 0.2625 0.51875 0.25625 0.53125 0.25625 0.54375 0.2604166666666667 0.5583333333333333 0.26875 0.5645833333333333 0.27708333333333335 0.5708333333333333 0.2833333333333333 0.575 0.29791666666666666 0.575 0.3125 0.5729166666666666 0.32083333333333336 0.56875 0.32708333333333334 0.5645833333333333 0.33125 0.5604166666666667 0.3333333333333333 0.5541666666666667 0.3375 0.55 0.3416666666666667 0.54375 0.3458333333333333 0.5354166666666667 0.3458333333333333 0.51875 0.34375 0.5145833333333333 0.3375 0.50625 0.3333333333333333 0.5 0.325 0.49583333333333335 0.3145833333333333 0.49375 0.30416666666666664 0.49166666666666664
0 0.23541666666666666 0.5583333333333333 0.22708333333333333 0.5604166666666667 0.22083333333333333 0.5625 0.19791666666666666 0.5854166666666667 0.19583333333333333 0.59375 0.19375 0.6104166666666667 0.19375 0.6166666666666667 0.20208333333333334 0.6333333333333333 0.21041666666666667 0.6416666666666667 0.21875 0.6479166666666667 0.23541666666666666 0.65 0.24791666666666667 0.65 0.2520833333333333 0.6479166666666667 0.2604166666666667 0.6416666666666667 0.26458333333333334 0.6375 0.26666666666666666 0.6333333333333333 0.26666666666666666 0.61875 0.26875 0.6125 0.2708333333333333 0.60625 0.27291666666666664 0.6041666666666666 0.275 0.5979166666666667 0.27708333333333335 0.5916666666666667 0.27708333333333335 0.5770833333333333 0.26875 0.56875 0.25833333333333336 0.5604166666666667 0.24791666666666667 0.5583333333333333
0 0.3 0.5770833333333333 0.29375 0.5791666666666667 0.28541666666666665 0.58125 0.28125 0.5833333333333334 0.2791666666666667 0.5875 0.2791666666666667 0.5916666666666667 0.27708333333333335 0.5979166666666667 0.275 0.6041666666666666 0.27291666666666664 0.60625 0.2708333333333333 0.6125 0.26875 0.61875 0.26875 0.6479166666666667 0.27708333333333335 0.65625 0.29791666666666666 0.6666666666666666 0.32083333333333336 0.6666666666666666 0.32916666666666666 0.6645833333333333 0.33541666666666664 0.6625 0.34375 0.6604166666666667 0.34791666666666665 0.6583333333333333 0.3541666666666667 0.6541666666666667 0.36041666666666666 0.6479166666666667 0.36666666666666664 0.6354166666666666 0.36666666666666664 0.6291666666666667 0.3645833333333333 0.625 0.34791666666666665 0.6104166666666667 0.33958333333333335 0.6020833333333333 0.33541666666666664 0.5958333333333333 0.33541666666666664 0.59375 0.32083333333333336 0.5791666666666667 0.3104166666666667 0.5770833333333333
0 0.8833333333333333 0.5875 0.875 0.5916666666666667 0.8708333333333333 0.5958333333333333 0.8666666666666667 0.6020833333333333 0.8625 0.6083333333333333 0.8604166666666667 0.6125 0.8604166666666667 0.6229166666666667 0.8625 0.6333333333333333 0.86875 0.6395833333333333 0.875 0.6416666666666667 0.8854166666666666 0.64375 0.89375 0.6458333333333334 0.9 0.6458333333333334 0.90625 0.64375 0.9125 0.6416666666666667 0.9166666666666666 0.6395833333333333 0.925 0.63125 0.9270833333333334 0.6270833333333333 0.9291666666666667 0.61875 0.9291666666666667 0.6145833333333334 0.9020833333333333 0.5875
0 0.4625 0.5604166666666667 0.43333333333333335 0.5791666666666667 0.43125 0.5875 0.42916666666666664 0.5958333333333333 0.4270833333333333 0.6041666666666666 0.4270833333333333 0.6104166666666667 0.425 0.6145833333333334 0.43333333333333335 0.625 0.44375 0.6354166666666666 0.45208333333333334 0.6375 0.4666666666666667 0.6395833333333333 0.47291666666666665 0.6395833333333333 0.4791666666666667 0.6354166666666666 0.4875 0.6291666666666667 0.49583333333333335 0.6229166666666667 0.5 0.61875 0.5020833333333333 0.6104166666666667 0.5041666666666667 0.59375 0.5041666666666667 0.5854166666666667 0.4875 0.5604166666666667
0 0.6583333333333333 0.8104166666666667 0.6479166666666667 0.8125 0.6395833333333333 0.8166666666666667 0.6354166666666666 0.8229166666666666 0.63125 0.8291666666666667 0.6270833333333333 0.8354166666666667 0.625 0.8395833333333333 0.625 0.8520833333333333 0.6270833333333333 0.8645833333333334 0.63125 0.8645833333333334 0.6375 0.86875 0.6458333333333334 0.8770833333333333 0.6520833333333333 0.8770833333333333 0.66875 0.875 0.6770833333333334 0.8729166666666667 0.6875 0.8625 0.6895833333333333 0.8479166666666667 0.6895833333333333 0.8333333333333334 0.6875 0.8291666666666667 0.68125 0.8208333333333333 0.6770833333333334 0.8166666666666667 0.6645833333333333 0.8104166666666667
0 0.5958333333333333 0.7625 0.5916666666666667 0.7645833333333333 0.5875 0.7666666666666667 0.5854166666666667 0.7708333333333334 0.58125 0.7770833333333333 0.575 0.7895833333333333 0.575 0.8041666666666667 0.5916666666666667 0.8208333333333333 0.5958333333333333 0.8229166666666666 0.6 0.8229166666666666 0.6145833333333334 0.83125 0.61875 0.83125 0.6229166666666667 0.8270833333333333 0.63125 0.8208333333333333 0.6333333333333333 0.8208333333333333 0.64375 0.8125 0.6458333333333334 0.7875 0.6395833333333333 0.78125 0.6270833333333333 0.7708333333333334 0.6208333333333333 0.7666666666666667 0.6145833333333334 0.7645833333333333 0.6020833333333333 0.7625
0 0.6916666666666667 0.6479166666666667 0.6854166666666667 0.6520833333333333 0.68125 0.6520833333333333 0.6770833333333334 0.6541666666666667 0.6645833333333333 0.6645833333333333 0.6541666666666667 0.675 0.65 0.6833333333333333 0.65 0.7083333333333334 0.6583333333333333 0.725 0.6666666666666666 0.7333333333333333 0.6770833333333334 0.7416666666666667 0.6958333333333333 0.74375 0.7104166666666667 0.74375 0.7291666666666666 0.7270833333333333 0.7479166666666667 0.7083333333333334 0.75 0.6979166666666666 0.75 0.6895833333333333 0.7375 0.6645833333333333 0.7333333333333333 0.6604166666666667 0.7125 0.65 0.7020833333333333 0.6479166666666667
0 0.78125 0.6895833333333333 0.7708333333333334 0.6979166666666666 0.7645833333333333 0.7041666666666667 0.7625 0.7083333333333334 0.7625 0.725 0.7645833333333333 0.7416666666666667 0.7729166666666667 0.75 0.7875 0.7625 0.7895833333333333 0.76875 0.79375 0.775 0.8041666666666667 0.7791666666666667 0.8104166666666667 0.7791666666666667 0.8166666666666667 0.7770833333333333 0.8229166666666666 0.775 0.8270833333333333 0.7729166666666667 0.83125 0.76875 0.8375 0.7604166666666666 0.8416666666666667 0.7541666666666667 0.8416666666666667 0.7270833333333333 0.8375 0.71875 0.83125 0.7125 0.8229166666666666 0.70625 0.8145833333333333 0.7 0.80625 0.69375 0.8020833333333334 0.6916666666666667 0.7916666666666666 0.6895833333333333
0 0.75625 0.74375 0.7395833333333334 0.7458333333333333 0.73125 0.7479166666666667 0.71875 0.7583333333333333 0.7104166666666667 0.7666666666666667 0.7083333333333334 0.7729166666666667 0.70625 0.7854166666666667 0.70625 0.7895833333333333 0.7083333333333334 0.79375 0.7125 0.7979166666666667 0.7145833333333333 0.8041666666666667 0.71875 0.8083333333333333 0.725 0.8145833333333333 0.73125 0.8145833333333333 0.7375 0.8166666666666667 0.7395833333333334 0.81875 0.7458333333333333 0.8208333333333333 0.7520833333333333 0.8208333333333333 0.75625 0.8229166666666666 0.7625 0.81875 0.7708333333333334 0.8125 0.7791666666666667 0.80625 0.7854166666666667 0.8 0.7875 0.7958333333333333 0.7875 0.7708333333333334 0.7833333333333333 0.7625 0.7791666666666667 0.75625 0.775 0.7520833333333333 0.7666666666666667 0.7458333333333333 0.7625 0.74375
0 0.7229166666666667 0.8229166666666666 0.71875 0.825 0.7145833333333333 0.8291666666666667 0.7083333333333334 0.83125 0.7041666666666667 0.8395833333333333 0.7020833333333333 0.8520833333333333 0.7020833333333333 0.85625 0.7041666666666667 0.8604166666666667 0.7125 0.86875 0.71875 0.8729166666666667 0.7229166666666667 0.875 0.7291666666666666 0.8770833333333333 0.7375 0.8770833333333333 0.7479166666666667 0.8666666666666667 0.75 0.8583333333333333 0.7520833333333333 0.8458333333333333 0.7520833333333333 0.8395833333333333 0.7395833333333334 0.8270833333333333 0.7354166666666667 0.825 0.7270833333333333 0.8229166666666666
0 0.7958333333333333 0.7979166666666667 0.7916666666666666 0.8 0.7854166666666667 0.80625 0.7791666666666667 0.8104166666666667 0.7770833333333333 0.8104166666666667 0.76875 0.8166666666666667 0.7645833333333333 0.8208333333333333 0.7583333333333333 0.8291666666666667 0.75625 0.8333333333333334 0.75625 0.8375 0.7583333333333333 0.85 0.7604166666666666 0.85625 0.76875 0.8666666666666667 0.7770833333333333 0.875 0.7833333333333333 0.8770833333333333 0.79375 0.8791666666666667 0.8041666666666667 0.88125 0.8125 0.88125 0.8166666666666667 0.8791666666666667 0.8270833333333333 0.86875 0.8375 0.85625 0.8395833333333333 0.85 0.8416666666666667 0.8375 0.8416666666666667 0.83125 0.8354166666666667 0.81875 0.83125 0.8145833333333333 0.8229166666666666 0.8083333333333333 0.8166666666666667 0.8041666666666667 0.8083333333333333 0.8 0.8 0.7979166666666667
0 0.8645833333333334 0.8270833333333333 0.8583333333333333 0.8354166666666667 0.8520833333333333 0.84375 0.85 0.8479166666666667 0.85 0.8583333333333333 0.8541666666666666 0.8708333333333333 0.8604166666666667 0.8729166666666667 0.8645833333333334 0.8770833333333333 0.8708333333333333 0.88125 0.8833333333333333 0.8875 0.8916666666666667 0.8895833333333333 0.8979166666666667 0.8895833333333333 0.90625 0.8875 0.9104166666666667 0.8854166666666666 0.91875 0.8770833333333333 0.925 0.86875 0.925 0.8583333333333333 0.9229166666666667 0.8458333333333333 0.9166666666666666 0.8395833333333333 0.9041666666666667 0.8291666666666667 0.8979166666666667 0.825
0 0.9291666666666667 0.9208333333333333 0.9229166666666667 0.925 0.9125 0.9291666666666667 0.9083333333333333 0.93125 0.9083333333333333 0.9416666666666667 0.9125 0.9541666666666667 0.9208333333333333 0.9604166666666667 0.925 0.9625 0.9333333333333333 0.9625 0.94375 0.9583333333333334 0.9479166666666666 0.95 0.9479166666666666 0.9458333333333333 0.9458333333333333 0.9354166666666667 0.9416666666666667 0.9270833333333334 0.9354166666666667 0.925
0 0.8604166666666667 0.9041666666666667 0.8520833333333333 0.9083333333333333 0.8479166666666667 0.9125 0.8416666666666667 0.9145833333333333 0.8375 0.91875 0.8208333333333333 0.9395833333333333 0.8208333333333333 0.9583333333333334 0.8229166666666666 0.9645833333333333 0.825 0.96875 0.8333333333333334 0.9791666666666666 0.8416666666666667 0.9875 0.8583333333333333 0.9958333333333333 0.875 0.9958333333333333 0.8875 0.9854166666666667 0.9 0.9729166666666667 0.90625 0.9604166666666667 0.90625 0.9479166666666666 0.90625 0.9416666666666667 0.90625 0.9291666666666667 0.9 0.9208333333333333 0.89375 0.9145833333333333 0.8791666666666667 0.9041666666666667
0 0.3 0.23125 0.2916666666666667 0.23958333333333334 0.2833333333333333 0.25 0.28125 0.26666666666666666 0.28125 0.2833333333333333 0.29375 0.29375 0.3 0.29583333333333334 0.3145833333333333 0.29583333333333334 0.3229166666666667 0.2916666666666667 0.32708333333333334 0.2875 0.3333333333333333 0.28541666666666665 0.3375 0.27708333333333335 0.33958333333333335 0.26666666666666666 0.33958333333333335 0.2604166666666667 0.3375 0.25416666666666665 0.33541666666666664 0.25 0.32916666666666666 0.24166666666666667 0.32083333333333336 0.23333333333333334 0.3104166666666667 0.23125
0 0.17708333333333334 0.2520833333333333 0.17291666666666666 0.25416666666666665 0.16875 0.25833333333333336 0.1625 0.2604166666666667 0.15833333333333333 0.26458333333333334 0.15208333333333332 0.27708333333333335 0.15 0.28958333333333336 0.14791666666666667 0.3145833333333333 0.14791666666666667 0.32916666666666666 0.15 0.3333333333333333 0.15625 0.33958333333333335 0.16458333333333333 0.3458333333333333 0.17291666666666666 0.34791666666666665 0.18125 0.34791666666666665 0.18958333333333333 0.3458333333333333 0.20208333333333334 0.33541666666666664 0.21041666666666667 0.32708333333333334 0.22291666666666668 0.3145833333333333 0.225 0.30833333333333335 0.225 0.3020833333333333 0.22291666666666668 0.29375 0.22083333333333333 0.28541666666666665 0.21875 0.27708333333333335 0.21458333333333332 0.26875 0.20833333333333334 0.26666666666666666 0.20416666666666666 0.2625 0.19791666666666666 0.2604166666666667 0.19375 0.25625 0.18541666666666667 0.2520833333333333
0 0.25416666666666665 0.24166666666666667 0.24375 0.24375 0.2375 0.24583333333333332 0.23333333333333334 0.25 0.22708333333333333 0.25833333333333336 0.22083333333333333 0.26666666666666666 0.21875 0.2708333333333333 0.21875 0.275 0.22083333333333333 0.2833333333333333 0.22291666666666668 0.28958333333333336 0.22916666666666666 0.29791666666666666 0.23541666666666666 0.30416666666666664 0.25833333333333336 0.30416666666666664 0.26666666666666666 0.29583333333333334 0.27291666666666664 0.29375 0.27708333333333335 0.28958333333333336 0.2791666666666667 0.28541666666666665 0.2791666666666667 0.25833333333333336 0.275 0.25416666666666665 0.26458333333333334 0.24583333333333332 0.25833333333333336 0.24166666666666667
0 0.21875 0.32708333333333334 0.21458333333333332 0.32708333333333334 0.21041666666666667 0.32916666666666666 0.2 0.3375 0.19166666666666668 0.3458333333333333 0.18958333333333333 0.35625 0.18958333333333333 0.36666666666666664 0.19166666666666668 0.37083333333333335 0.19791666666666666 0.37916666666666665 0.20208333333333334 0.38333333333333336 0.20625 0.38333333333333336 0.21458333333333332 0.3854166666666667 0.21666666666666667 0.3875 0.22291666666666668 0.3875 0.22708333333333333 0.38958333333333334 0.23541666666666666 0.38333333333333336 0.24166666666666667 0.3770833333333333 0.24166666666666667 0.36875 0.24375 0.35833333333333334 0.24791666666666667 0.35208333333333336 0.25 0.3458333333333333 0.24583333333333332 0.3416666666666667 0.2375 0.33541666666666664 0.22916666666666666 0.32916666666666666 0.22291666666666668 0.325
0 0.10416666666666667 0.23958333333333334 0.08541666666666667 0.24166666666666667 0.07916666666666666 0.24583333333333332 0.07291666666666667 0.2520833333333333 0.06458333333333334 0.26875 0.06458333333333334 0.27708333333333335 0.06666666666666667 0.28958333333333336 0.06875 0.29583333333333334 0.075 0.3020833333333333 0.09166666666666666 0.31666666666666665 0.1 0.3229166666666667 0.10625 0.3229166666666667 0.12291666666666666 0.32083333333333336 0.13125 0.31875 0.14166666666666666 0.30833333333333335 0.14375 0.30416666666666664 0.14583333333333334 0.29791666666666666 0.14791666666666667 0.28958333333333336 0.14791666666666667 0.26875 0.14375 0.2625 0.14375 0.25833333333333336 0.12083333333333333 0.23958333333333334
0 0.07083333333333333 0.3125 0.058333333333333334 0.31875 0.052083333333333336 0.32083333333333336 0.05 0.325 0.05 0.32916666666666666 0.04791666666666667 0.33541666666666664 0.04583333333333333 0.3375 0.04583333333333333 0.3416666666666667 0.06041666666666667 0.3645833333333333 0.06458333333333334 0.36875 0.07708333333333334 0.37083333333333335 0.06875 0.37916666666666665 0.06458333333333334 0.3875 0.06458333333333334 0.39166666666666666 0.06041666666666667 0.39791666666666664 0.06041666666666667 0.40208333333333335 0.0625 0.4083333333333333 0.06458333333333334 0.4125 0.06875 0.4166666666666667 0.075 0.42083333333333334 0.07916666666666666 0.42291666666666666 0.08541666666666667 0.425 0.08958333333333333 0.425 0.09583333333333334 0.42083333333333334 0.10625 0.4041666666666667 0.10416666666666667 0.39791666666666664 0.09166666666666666 0.3854166666666667 0.09166666666666666 0.38125 0.08958333333333333 0.3770833333333333 0.08541666666666667 0.3729166666666667 0.07916666666666666 0.36875 0.09166666666666666 0.3645833333333333 0.09791666666666667 0.35625 0.1 0.35208333333333336 0.1 0.3458333333333333 0.09791666666666667 0.32916666666666666 0.09583333333333334 0.32083333333333336 0.09166666666666666 0.31875 0.07708333333333334 0.3125
0 0.13333333333333333 0.3229166666666667 0.12083333333333333 0.325 0.11041666666666666 0.32916666666666666 0.10833333333333334 0.33541666666666664 0.10416666666666667 0.33958333333333335 0.10208333333333333 0.34375 0.10208333333333333 0.35208333333333336 0.1 0.35625 0.09375 0.3625 0.09166666666666666 0.36666666666666664 0.09166666666666666 0.37916666666666665 0.09375 0.3854166666666667 0.10625 0.39791666666666664 0.1125 0.40208333333333335 0.11666666666666667 0.4041666666666667 0.13125 0.40625 0.13958333333333334 0.40625 0.14375 0.4041666666666667 0.14791666666666667 0.4 0.16458333333333333 0.38333333333333336 0.16666666666666666 0.37916666666666665 0.16666666666666666 0.375 0.16875 0.36666666666666664 0.17083333333333334 0.3645833333333333 0.17083333333333334 0.35833333333333334 0.16666666666666666 0.35 0.15833333333333333 0.3416666666666667 0.14791666666666667 0.3333333333333333 0.14583333333333334 0.32708333333333334 0.14166666666666666 0.325 0.1375 0.3229166666666667
0 0.19166666666666668 0.08958333333333333 0.18541666666666667 0.09375 0.18125 0.09375 0.17708333333333334 0.09583333333333334 0.17291666666666666 0.1 0.16875 0.10625 0.16458333333333333 0.11458333333333333 0.16458333333333333 0.11875 0.16041666666666668 0.125 0.16041666666666668 0.14791666666666667 0.16458333333333333 0.15416666666666667 0.17291666666666666 0.16458333333333333 0.17708333333333334 0.16875 0.18541666666666667 0.17083333333333334 0.20416666666666666 0.17083333333333334 0.21041666666666667 0.16666666666666666 0.21458333333333332 0.16666666666666666 0.21875 0.16458333333333333 0.225 0.16041666666666668 0.23125 0.15625 0.23541666666666666 0.14791666666666667 0.2375 0.13958333333333334 0.23958333333333334 0.13125 0.23958333333333334 0.12708333333333333 0.23333333333333334 0.11458333333333333 0.22916666666666666 0.11041666666666666 0.225 0.1 0.22083333333333333 0.09583333333333334 0.2125 0.09166666666666666 0.20208333333333334 0.08958333333333333
0 0.25833333333333336 0.125 0.24583333333333332 0.13125 0.24166666666666667 0.13958333333333334 0.23958333333333334 0.15208333333333332 0.23958333333333334 0.15833333333333333 0.24166666666666667 0.1625 0.24791666666666667 0.17083333333333334 0.2625 0.175 0.2708333333333333 0.175 0.27708333333333335 0.17083333333333334 0.2833333333333333 0.16458333333333333 0.28541666666666665 0.16041666666666668 0.2875 0.15416666666666667 0.2875 0.15 0.2875 0.14375 0.28541666666666665 0.1375 0.28125 0.13333333333333333 0.2791666666666667 0.12708333333333333
0 0.22083333333333333 0.16458333333333333 0.21458333333333332 0.16875 0.21041666666666667 0.16875 0.20416666666666666 0.17291666666666666 0.2 0.17291666666666666 0.18541666666666667 0.1875 0.18541666666666667 0.19791666666666666 0.1875 0.20833333333333334 0.20625 0.22708333333333333 0.23125 0.22708333333333333 0.23958333333333334 0.22291666666666668 0.24583333333333332 0.21666666666666667 0.2520833333333333 0.20833333333333334 0.25625 0.20208333333333334 0.25625 0.18541666666666667 0.25416666666666665 0.18125 0.24791666666666667 0.175 0.24166666666666667 0.16875 0.23333333333333334 0.16666666666666666 0.225 0.16458333333333333
0 0.6833333333333333 0.5 0.6666666666666666 0.5020833333333333 0.6479166666666667 0.5208333333333334 0.6458333333333334 0.5291666666666667 0.64375 0.5458333333333333 0.64375 0.5520833333333334 0.6479166666666667 0.5583333333333333 0.6583333333333333 0.5708333333333333 0.6625 0.575 0.6666666666666666 0.5770833333333333 0.675 0.5791666666666667 0.68125 0.5791666666666667 0.6895833333333333 0.5770833333333333 0.6958333333333333 0.575 0.7083333333333334 0.5625 0.71875 0.55 0.7208333333333333 0.5354166666666667 0.7208333333333333 0.5229166666666667 0.6979166666666666 0.5
0 0.5541666666666667 0.5875 0.55 0.5916666666666667 0.5416666666666666 0.5979166666666667 0.5395833333333333 0.5979166666666667 0.5354166666666667 0.6020833333333333 0.53125 0.6104166666666667 0.53125 0.6208333333333333 0.5333333333333333 0.6291666666666667 0.5354166666666667 0.6333333333333333 0.5416666666666666 0.6416666666666667 0.5479166666666667 0.65 0.5520833333333334 0.6541666666666667 0.5583333333333333 0.65625 0.5708333333333333 0.6583333333333333 0.575 0.6583333333333333 0.5791666666666667 0.6541666666666667 0.5875 0.6479166666666667 0.5895833333333333 0.6479166666666667 0.59375 0.64375 0.5979166666666667 0.6354166666666666 0.5979166666666667 0.625 0.5958333333333333 0.6145833333333334 0.5854166666666667 0.6020833333333333 0.575 0.5916666666666667 0.56875 0.5895833333333333 0.5583333333333333 0.5875
0 0.425 0.6541666666666667 0.42083333333333334 0.65625 0.4166666666666667 0.6604166666666667 0.39375 0.69375 0.39375 0.7 0.4041666666666667 0.71875 0.4041666666666667 0.7270833333333333 0.4083333333333333 0.73125 0.4166666666666667 0.7333333333333333 0.43125 0.7354166666666667 0.4395833333333333 0.7354166666666667 0.44583333333333336 0.7333333333333333 0.45 0.73125 0.46875 0.7125 0.4708333333333333 0.7083333333333334 0.47291666666666665 0.7020833333333333 0.47291666666666665 0.6958333333333333 0.47291666666666665 0.6895833333333333 0.4708333333333333 0.6833333333333333 0.4666666666666667 0.6770833333333334 0.4625 0.6729166666666667 0.46041666666666664 0.6666666666666666 0.45625 0.6625 0.44375 0.65625 0.43333333333333335 0.6541666666666667
0 0.35625 0.6916666666666667 0.35 0.69375 0.3458333333333333 0.6958333333333333 0.33541666666666664 0.7041666666666667 0.32916666666666666 0.7104166666666667 0.32708333333333334 0.725 0.32708333333333334 0.7416666666666667 0.3333333333333333 0.7541666666666667 0.33958333333333335 0.7604166666666666 0.3458333333333333 0.7645833333333333 0.3541666666666667 0.7666666666666667 0.36666666666666664 0.76875 0.37083333333333335 0.76875 0.39791666666666664 0.7416666666666667 0.4 0.7354166666666667 0.40208333333333335 0.725 0.40208333333333335 0.71875 0.3875 0.6979166666666666 0.37916666666666665 0.6958333333333333 0.37083333333333335 0.69375 0.3625 0.6916666666666667
0 0.41041666666666665 0.4583333333333333 0.40625 0.46041666666666664 0.40208333333333335 0.46041666666666664 0.39791666666666664 0.4625 0.39375 0.46458333333333335 0.39166666666666666 0.46875 0.39166666666666666 0.47291666666666665 0.3875 0.4791666666666667 0.3854166666666667 0.48541666666666666 0.3854166666666667 0.49166666666666664 0.3875 0.5 0.40625 0.5125 0.4125 0.5125 0.4166666666666667 0.5125 0.42291666666666666 0.5083333333333333 0.4270833333333333 0.5083333333333333 0.43125 0.50625 0.43333333333333335 0.5 0.4375 0.49375 0.4375 0.4875 0.4354166666666667 0.475 0.43125 0.4666666666666667 0.425 0.4625 0.41875 0.4583333333333333
0 0.4708333333333333 0.46875 0.46458333333333335 0.47291666666666665 0.46041666666666664 0.47291666666666665 0.45208333333333334 0.4791666666666667 0.4479166666666667 0.48333333333333334 0.4395833333333333 0.49375 0.4395833333333333 0.4979166666666667 0.4354166666666667 0.5041666666666667 0.4354166666666667 0.525 0.4375 0.5291666666666667 0.44375 0.5375 0.45 0.5458333333333333 0.45625 0.5541666666666667 0.47708333333333336 0.5583333333333333 0.49166666666666664 0.5583333333333333 0.5166666666666667 0.5333333333333333 0.5166666666666667 0.5041666666666667 0.5104166666666666 0.49583333333333335 0.5 0.48333333333333334 0.49375 0.47708333333333336 0.47708333333333336 0.46875
0 0.46041666666666664 0.41875 0.45625 0.42083333333333334 0.4479166666666667 0.425 0.44166666666666665 0.43125 0.4354166666666667 0.43333333333333335 0.43125 0.4395833333333333 0.4270833333333333 0.4479166666666667 0.4270833333333333 0.4583333333333333 0.4354166666666667 0.4666666666666667 0.45208333333333334 0.475 0.46041666666666664 0.4708333333333333 0.46458333333333335 0.4708333333333333 0.47708333333333336 0.46458333333333335 0.48125 0.4625 0.48125 0.44375 0.475 0.4354166666666667 0.46458333333333335 0.42291666666666666
0 0.26458333333333334 0.6875 0.2604166666666667 0.6895833333333333 0.2520833333333333 0.6958333333333333 0.24583333333333332 0.7 0.23958333333333334 0.70625 0.22708333333333333 0.725 0.22708333333333333 0.7375 0.22916666666666666 0.7479166666666667 0.23333333333333334 0.75625 0.2375 0.7604166666666666 0.24166666666666667 0.7708333333333334 0.24583333333333332 0.775 0.25416666666666665 0.7854166666666667 0.25833333333333336 0.7854166666666667 0.26458333333333334 0.7895833333333333 0.28541666666666665 0.7895833333333333 0.29791666666666666 0.7833333333333333 0.3020833333333333 0.7791666666666667 0.30833333333333335 0.7770833333333333 0.31666666666666665 0.76875 0.3229166666666667 0.7604166666666666 0.3229166666666667 0.71875 0.29583333333333334 0.6916666666666667 0.2875 0.6895833333333333 0.2708333333333333 0.6875
0 0.13541666666666666 0.94375 0.12708333333333333 0.9479166666666666 0.11875 0.9541666666666667 0.1125 0.9604166666666667 0.10833333333333334 0.96875 0.10833333333333334 0.975 0.11041666666666666 0.98125 0.11458333333333333 0.9875 0.125 0.9979166666666667 0.16041666666666668 0.9979166666666667 0.16458333333333333 0.9958333333333333 0.16666666666666666 0.9916666666666667 0.16875 0.9854166666666667 0.16875 0.9604166666666667 0.1625 0.9520833333333333 0.15833333333333333 0.9479166666666666 0.15 0.94375
0 0.16041666666666668 0.8666666666666667 0.14166666666666666 0.86875 0.13333333333333333 0.8729166666666667 0.125 0.8791666666666667 0.11666666666666667 0.8875 0.1125 0.89375 0.11041666666666666 0.8979166666666667 0.10833333333333334 0.9041666666666667 0.10833333333333334 0.9083333333333333 0.11041666666666666 0.9145833333333333 0.11666666666666667 0.9270833333333334 0.12083333333333333 0.93125 0.12291666666666666 0.9375 0.14583333333333334 0.9416666666666667 0.1625 0.9416666666666667 0.17083333333333334 0.9375 0.18333333333333332 0.925 0.18333333333333332 0.9104166666666667 0.18125 0.9041666666666667 0.17916666666666667 0.8958333333333334 0.17708333333333334 0.8875 0.175 0.88125 0.17291666666666666 0.8770833333333333 0.16875 0.8708333333333333 0.16458333333333333 0.8666666666666667
0 0.0375 0.875 0.03125 0.8770833333333333 0.01875 0.8833333333333333 0.014583333333333334 0.8875 0.008333333333333333 0.8895833333333333 0 0.8979166666666667 0 0.9104166666666667 0.0020833333333333333 0.9145833333333333 0.00625 0.91875 0.0125 0.9229166666666667 0.01875 0.925 0.022916666666666665 0.9291666666666667 0.027083333333333334 0.93125 0.03958333333333333 0.93125 0.04791666666666667 0.9270833333333334 0.06041666666666667 0.9145833333333333 0.06458333333333334 0.90625 0.06666666666666667 0.9 0.06666666666666667 0.89375 0.05625 0.8833333333333333 0.05416666666666667 0.8770833333333333
0 0.07916666666666666 0.9770833333333333 0.07291666666666667 0.9791666666666666 0.0625 0.99375 0.06041666666666667 0.9979166666666667 0.12083333333333333 0.9979166666666667 0.10416666666666667 0.98125 0.1 0.9791666666666666 0.09375 0.9770833333333333
0 0 0.9166666666666666 0 0.9979166666666667 0.016666666666666666 0.9979166666666667 0.022916666666666665 0.9958333333333333 0.029166666666666667 0.99375 0.03333333333333333 0.9916666666666667 0.035416666666666666 0.9875 0.035416666666666666 0.9833333333333333 0.0375 0.9770833333333333 0.041666666666666664 0.9708333333333333 0.041666666666666664 0.9541666666666667 0.03958333333333333 0.9479166666666666 0.035416666666666666 0.9395833333333333 0.029166666666666667 0.9333333333333333 0.022916666666666665 0.93125 0.01875 0.9270833333333334 0.0125 0.925 0.008333333333333333 0.9208333333333333 0.004166666666666667 0.91875
0 0 0.6916666666666667 0 0.7770833333333333 0.010416666666666666 0.7791666666666667 0.01875 0.7791666666666667 0.027083333333333334 0.775 0.03958333333333333 0.7625 0.04791666666666667 0.74375 0.04791666666666667 0.7354166666666667 0.04375 0.73125 0.041666666666666664 0.7270833333333333 0.03958333333333333 0.7208333333333333 0.03958333333333333 0.7145833333333333 0.0375 0.70625 0.03333333333333333 0.7 0.027083333333333334 0.69375 0.014583333333333334 0.6875 0.010416666666666666 0.6875
0 0.05416666666666667 0.6875 0.04583333333333333 0.6916666666666667 0.0375 0.7 0.0375 0.7041666666666667 0.03958333333333333 0.7125 0.041666666666666664 0.7208333333333333 0.04375 0.7270833333333333 0.05625 0.7375 0.06875 0.7375 0.08333333333333333 0.7229166666666667 0.08333333333333333 0.7145833333333333 0.08125 0.7083333333333334 0.07916666666666666 0.70625 0.07708333333333334 0.69375 0.06875 0.6895833333333333 0.0625 0.6875
0 0.10416666666666667 0.66875 0.09791666666666667 0.6708333333333333 0.09375 0.6729166666666667 0.08958333333333333 0.6770833333333334 0.08333333333333333 0.6833333333333333 0.08125 0.6916666666666667 0.08125 0.70625 0.08541666666666667 0.7145833333333333 0.09375 0.7166666666666667 0.10625 0.7145833333333333 0.10833333333333334 0.7125 0.12291666666666666 0.7145833333333333 0.12708333333333333 0.7145833333333333 0.13333333333333333 0.7104166666666667 0.13541666666666666 0.7020833333333333 0.12916666666666668 0.6875 0.12291666666666666 0.6791666666666667 0.11666666666666667 0.6729166666666667 0.10833333333333334 0.66875
0 0 0.6 0 0.6708333333333333 0.004166666666666667 0.6729166666666667 0.020833333333333332 0.65625 0.022916666666666665 0.6520833333333333 0.025 0.6458333333333334 0.025 0.61875 0.020833333333333332 0.6104166666666667 0.016666666666666666 0.6041666666666666 0.0125 0.6
0 0 0.5229166666666667 0 0.5958333333333333 0.004166666666666667 0.6 0.010416666666666666 0.6 0.01875 0.5979166666666667 0.027083333333333334 0.59375 0.035416666666666666 0.5875 0.03958333333333333 0.5833333333333334 0.041666666666666664 0.5791666666666667 0.04375 0.5729166666666666 0.04375 0.5666666666666667 0.041666666666666664 0.5541666666666667 0.03958333333333333 0.5458333333333333 0.0375 0.5416666666666666 0.029166666666666667 0.53125 0.022916666666666665 0.525 0.014583333333333334 0.5208333333333334
0 0.43125 0.36041666666666666 0.425 0.3645833333333333 0.41875 0.36666666666666664 0.4125 0.36875 0.40625 0.36875 0.39791666666666664 0.36666666666666664 0.38958333333333334 0.37083333333333335 0.3854166666666667 0.37916666666666665 0.3854166666666667 0.3854166666666667 0.38958333333333334 0.39375 0.39375 0.39791666666666664 0.4 0.41041666666666665 0.4 0.41458333333333336 0.40208333333333335 0.42083333333333334 0.41875 0.4354166666666667 0.425 0.4354166666666667 0.42916666666666664 0.4354166666666667 0.44166666666666665 0.42916666666666664 0.45416666666666666 0.4166666666666667 0.46041666666666664 0.41458333333333336 0.46458333333333335 0.41041666666666665 0.46875 0.40208333333333335 0.46875 0.3854166666666667 0.4666666666666667 0.3770833333333333 0.45625 0.36666666666666664 0.4479166666666667 0.3625 0.4395833333333333 0.36041666666666666
0 0.45 0.2791666666666667 0.44375 0.28125 0.4375 0.2875 0.4375 0.29375 0.4395833333333333 0.3020833333333333 0.45416666666666666 0.31666666666666665 0.4625 0.31666666666666665 0.46875 0.3145833333333333 0.475 0.3020833333333333 0.47291666666666665 0.29583333333333334 0.46875 0.2916666666666667 0.4666666666666667 0.28541666666666665 0.4625 0.28125 0.45625 0.2791666666666667
0 0.2625 0.3333333333333333 0.25833333333333336 0.3375 0.25 0.34791666666666665 0.25 0.35208333333333336 0.24583333333333332 0.35833333333333334 0.24375 0.36875 0.24375 0.37916666666666665 0.24583333333333332 0.3854166666666667 0.2791666666666667 0.3875 0.2875 0.3875 0.29375 0.3854166666666667 0.30416666666666664 0.375 0.30625 0.36875 0.30625 0.36041666666666666 0.30416666666666664 0.35 0.3 0.3416666666666667 0.29583333333333334 0.3375 0.2875 0.3333333333333333
0 0.275 0.29375 0.26666666666666666 0.29791666666666666 0.25833333333333336 0.30625 0.25625 0.3125 0.25625 0.32083333333333336 0.25833333333333336 0.32708333333333334 0.2604166666666667 0.33125 0.28958333333333336 0.3333333333333333 0.29375 0.3333333333333333 0.3020833333333333 0.32916666666666666 0.30625 0.325 0.3104166666666667 0.31666666666666665 0.3125 0.3104166666666667 0.3104166666666667 0.3020833333333333 0.29791666666666666 0.29583333333333334 0.2916666666666667 0.29375
0 0.19791666666666666 0.3875 0.18125 0.40625 0.17916666666666667 0.41458333333333336 0.17708333333333334 0.42291666666666666 0.17708333333333334 0.4270833333333333 0.18125 0.43333333333333335 0.1875 0.4395833333333333 0.19583333333333333 0.44375 0.20416666666666666 0.44583333333333336 0.21875 0.44583333333333336 0.22916666666666666 0.4354166666666667 0.23333333333333334 0.4270833333333333 0.23333333333333334 0.41041666666666665 0.23125 0.40208333333333335 0.22083333333333333 0.38958333333333334 0.21458333333333332 0.3875
0 0.55625 0.46041666666666664 0.54375 0.4625 0.5395833333333333 0.4666666666666667 0.5354166666666667 0.47291666666666665 0.5375 0.4895833333333333 0.5458333333333333 0.49375 0.56875 0.49375 0.56875 0.4875 0.5708333333333333 0.48333333333333334 0.5729166666666666 0.475 0.5708333333333333 0.46875 0.5666666666666667 0.4625
0 0.53125 0.49583333333333335 0.525 0.5 0.5208333333333334 0.5145833333333333 0.5208333333333334 0.5270833333333333 0.5354166666666667 0.5416666666666666 0.5395833333333333 0.5416666666666666 0.5479166666666667 0.5395833333333333 0.5520833333333334 0.5375 0.5645833333333333 0.525 0.5666666666666667 0.5145833333333333 0.5666666666666667 0.5041666666666667 0.5583333333333333 0.49583333333333335
0 0.975 0.5541666666666667 0.9666666666666667 0.55625 0.9604166666666667 0.5583333333333333 0.95625 0.5625 0.95 0.5708333333333333 0.9479166666666666 0.575 0.9458333333333333 0.58125 0.94375 0.59375 0.94375 0.6 0.95 0.60625 0.9604166666666667 0.6145833333333334 0.9666666666666667 0.6145833333333334 0.9791666666666666 0.6125 0.9875 0.6083333333333333 0.9979166666666667 0.5875 0.9979166666666667 0.56875 0.99375 0.5604166666666667 0.98125 0.5541666666666667
0 0.975 0.6958333333333333 0.9708333333333333 0.6979166666666666 0.9645833333333333 0.7020833333333333 0.9583333333333334 0.70625 0.9541666666666667 0.7145833333333333 0.9520833333333333 0.7270833333333333 0.9520833333333333 0.7354166666666667 0.95625 0.7416666666666667 0.95625 0.7458333333333333 0.9604166666666667 0.7541666666666667 0.96875 0.7625 0.9791666666666666 0.7645833333333333 0.9875 0.7645833333333333 0.9916666666666667 0.7625 0.9979166666666667 0.7583333333333333 0.9958333333333333 0.6979166666666666 0.9854166666666667 0.6958333333333333
0 0.9979166666666667 0.6479166666666667 0.99375 0.65 0.9895833333333334 0.6541666666666667 0.9875 0.6583333333333333 0.9854166666666667 0.6708333333333333 0.9854166666666667 0.6833333333333333 0.9979166666666667 0.6958333333333333
0 0.050374999999999996 0.03629166666666667 0.05591666666666666 0.03025 0.059958333333333336 0.023687499999999997 0.06297916666666667 0.016645833333333335 0.06397916666666667 0.009083333333333334 0.06247916666666666 0.0015416666666666667 0.06160416666666667 0 0 0 0 0.03735416666666667 0.0035416666666666665 0.0403125 0.010604166666666666 0.043333333333333335 0.018145833333333337 0.04383333333333333 0.026208333333333333 0.04383333333333333 0.034270833333333334 0.04383333333333333 0.0418125 0.04283333333333333
0 0.21154166666666668 0.05391666666666666 0.21858333333333332 0.050895833333333335 0.22614583333333332 0.048875 0.2336875 0.051395833333333335 0.24025 0.05541666666666667 0.24377083333333335 0.06247916666666666 0.24579166666666669 0.07002083333333334 0.24277083333333332 0.07708333333333334 0.23822916666666666 0.083625 0.2326875 0.08916666666666666 0.22614583333333332 0.09368749999999999 0.21758333333333332 0.09318749999999999 0.21002083333333335 0.09066666666666667 0.20347916666666668 0.08664583333333334 0.19945833333333332 0.08010416666666667 0.20095833333333332 0.07254166666666667 0.20500000000000002 0.066 0.20852083333333335 0.0589375
0 0.14858333333333332 0.050895833333333335 0.14960416666666668 0.0584375 0.15060416666666668 0.066 0.15462499999999998 0.07254166666666667 0.16066666666666668 0.07758333333333334 0.16722916666666665 0.08160416666666667 0.17477083333333335 0.084125 0.18233333333333332 0.08312499999999999 0.18937500000000002 0.08010416666666667 0.19541666666666666 0.0750625 0.20045833333333332 0.06902083333333334 0.2055 0.06297916666666667 0.20852083333333335 0.05541666666666667 0.207 0.047875 0.20500000000000002 0.0403125 0.20145833333333335 0.03327083333333333 0.19491666666666668 0.02822916666666667 0.18737499999999999 0.026208333333333333 0.17981250000000001 0.024708333333333332 0.17229166666666668 0.025208333333333333 0.16620833333333335 0.02772916666666667 0.16218749999999998 0.034270833333333334 0.15866666666666665 0.041312499999999995
0 0.14808333333333332 0.0025416666666666665 0.15462499999999998 0.007083333333333333 0.16016666666666665 0.012604166666666666 0.16520833333333332 0.018666666666666668 0.17225000000000001 0.021687500000000002 0.17981250000000001 0.022687500000000003 0.18737499999999999 0.021687500000000002 0.19491666666666668 0.019666666666666666 0.20145833333333335 0.014624999999999999 0.20852083333333335 0.010604166666666666 0.21356250000000002 0.0045625 0.21329166666666666 0 0.14710416666666667 0
0 0.1264375 0.0015416666666666667 0.13447916666666665 0.0005208333333333333 0.14204166666666668 0.0040625 0.14908333333333335 0.007583333333333333 0.15614583333333334 0.011604166666666667 0.1626875 0.016645833333333335 0.16368749999999999 0.024187499999999997 0.16218749999999998 0.03175 0.15866666666666665 0.03879166666666667 0.154125 0.04535416666666667 0.14758333333333334 0.049374999999999995 0.13952083333333334 0.049374999999999995 0.13195833333333334 0.04685416666666666 0.12591666666666665 0.0418125 0.12089583333333334 0.035270833333333335 0.11685416666666668 0.028729166666666663 0.11585416666666666 0.021166666666666667 0.11685416666666668 0.013625
0 0.9988333333333334 0.41466666666666663 0.9954791666666666 0.40879166666666666 0.9925416666666667 0.4029166666666667 0.9887708333333334 0.3966041666666667 0.9854166666666667 0.39116666666666666 0.9845833333333334 0.38485416666666666 0.9845833333333334 0.3781458333333333 0.9858333333333333 0.3718541666666667 0.9870833333333333 0.3655625 0.9887708333333334 0.3592708333333333 0.9908750000000001 0.3529583333333333 0.9942291666666667 0.34752083333333333 0.9992708333333333 0.34331249999999996 1 0.3433541666666667 1 0.41520833333333335
0 0.0028541666666666667 0.4246666666666667 0.0113125 0.42889583333333337 0.019166666666666665 0.4343333333333333 0.025208333333333333 0.4415833333333333 0.02822916666666667 0.45064583333333336 0.029437500000000002 0.45970833333333333 0.029437500000000002 0.46939583333333335 0.028833333333333332 0.4784583333333333 0.030041666666666668 0.4875208333333333 0.03245833333333333 0.4971875 0.03245833333333333 0.5068541666666666 0.028833333333333332 0.5159166666666667 0.020374999999999997 0.5201458333333333 0.010708333333333332 0.5201458333333333 0.0010416666666666667 0.5177291666666667 0 0.5171041666666667 0 0.42720833333333336
0 0.0028541666666666667 0.3763125 0.011916666666666666 0.3787291666666667 0.017354166666666667 0.38658333333333333 0.019770833333333335 0.39566666666666667 0.019770833333333335 0.4053333333333333 0.016145833333333335 0.41379166666666667 0.010708333333333332 0.42164583333333333 0.0028541666666666667 0.4264791666666667 0 0.42572916666666666 0 0.37854166666666667
0 0.007083333333333333 0.3751041666666667 0.015541666666666667 0.370875 0.024 0.36664583333333334 0.03125 0.36000000000000004 0.0366875 0.3521458333333333 0.03970833333333333 0.34308333333333335 0.03789583333333334 0.3340208333333334 0.029437500000000002 0.32737499999999997 0.020979166666666667 0.32133333333333336 0.014333333333333333 0.3146875 0.006479166666666666 0.30983333333333335 0 0.31114583333333334 0 0.3724166666666667
0 0.013729166666666666 0.3769166666666666 0.019770833333333335 0.36966666666666664 0.027020833333333334 0.36302083333333335 0.034270833333333334 0.3569791666666667 0.043333333333333335 0.35516666666666663 0.05239583333333333 0.356375 0.059041666666666666 0.363625 0.06266666666666666 0.3720833333333333 0.06447916666666667 0.3811458333333333 0.06327083333333333 0.3902291666666667 0.060250000000000005 0.39929166666666666 0.05602083333333333 0.40775 0.04877083333333333 0.41379166666666667 0.0403125 0.41802083333333334 0.03125 0.41922916666666665 0.024 0.41318750000000004 0.019770833333333335 0.4047291666666667 0.017958333333333333 0.39566666666666667
0 0.14304166666666665 0.4029166666666667 0.15029166666666666 0.396875 0.15695833333333334 0.3902291666666667 0.1648125 0.38537499999999997 0.17387499999999997 0.38416666666666666 0.181125 0.3902291666666667 0.18354166666666666 0.39929166666666666 0.18233333333333332 0.40835416666666663 0.17991666666666667 0.4174166666666667 0.1756875 0.42587499999999995 0.17024999999999998 0.43372916666666667 0.16179166666666667 0.43795833333333334 0.15270833333333333 0.43614583333333334 0.14545833333333333 0.4295 0.14243750000000002 0.4204375
0 0.10437500000000001 0.40895833333333337 0.11343750000000001 0.40775 0.12310416666666667 0.40654166666666663 0.1315625 0.4101666666666667 0.13579166666666667 0.41862499999999997 0.137 0.4276875 0.13639583333333333 0.43674999999999997 0.13277083333333334 0.4452083333333333 0.12672916666666667 0.45245833333333335 0.11766666666666666 0.45547916666666666 0.10981250000000001 0.4500416666666667 0.10316666666666667 0.4433958333333334 0.09772916666666666 0.43554166666666666 0.09410416666666667 0.4270833333333333
0 0 0.266875 0.005875 0.2717708333333333 0.0095 0.28022916666666664 0.010708333333333332 0.28929166666666667 0.008895833333333332 0.2983541666666667 0.0022500000000000003 0.3056041666666667 0 0.30502083333333335
0 0.0113125 0.27902083333333333 0.019166666666666665 0.27358333333333335 0.027625 0.2693541666666667 0.0366875 0.2669375 0.04575 0.2675416666666666 0.0548125 0.26995833333333336 0.06266666666666666 0.27539583333333334 0.06689583333333333 0.2844583333333333 0.06749999999999999 0.2935208333333333 0.06629166666666667 0.30258333333333337 0.06447916666666667 0.31166666666666665 0.057833333333333334 0.3183125 0.049979166666666665 0.32314583333333335 0.04091666666666667 0.32616666666666666 0.03125 0.32616666666666666 0.022791666666666665 0.32133333333333336 0.016749999999999998 0.31347916666666664 0.0113125 0.3056041666666667 0.010708333333333332 0.29654166666666665
0 0.025812500000000002 0.2040833333333333 0.0330625 0.1974375 0.04152083333333333 0.1938125 0.050583333333333334 0.19562500000000002 0.05964583333333333 0.1974375 0.06749999999999999 0.202875 0.07354166666666666 0.210125 0.07839583333333335 0.21797916666666667 0.08020833333333334 0.22704166666666667 0.0808125 0.236125 0.07839583333333335 0.2451875 0.0729375 0.25304166666666666 0.06629166666666667 0.2596875 0.0584375 0.2657291666666667 0.049979166666666665 0.26995833333333336 0.04091666666666667 0.2675416666666666 0.0330625 0.2615 0.025812500000000002 0.25485416666666666 0.019770833333333335 0.24760416666666665 0.016145833333333335 0.23914583333333334 0.0185625 0.2300625 0.019166666666666665 0.221 0.021583333333333333 0.2119375
0 0.0028541666666666667 0.11464583333333334 0.011916666666666666 0.11404166666666667 0.020979166666666667 0.11585416666666666 0.029437500000000002 0.12189583333333333 0.03729166666666666 0.12672916666666667 0.04152083333333333 0.13579166666666667 0.043333333333333335 0.14485416666666667 0.04454166666666667 0.1539375 0.04152083333333333 0.16299999999999998 0.0366875 0.1720625 0.03125 0.17991666666666667 0.022791666666666665 0.18354166666666666 0.014333333333333333 0.18837500000000001 0.004666666666666667 0.19139583333333335 0 0.1908125 0 0.1175
0 0.049979166666666665 0.13760416666666667 0.057229166666666664 0.13095833333333334 0.06508333333333333 0.126125 0.07414583333333334 0.12491666666666666 0.08322916666666667 0.1243125 0.09229166666666666 0.126125 0.10014583333333334 0.13095833333333334 0.10800000000000001 0.13579166666666667 0.11525 0.14243750000000002 0.11887500000000001 0.1515 0.11947916666666666 0.16058333333333333 0.11827083333333334 0.16964583333333336 0.11525 0.17870833333333333 0.111625 0.18716666666666668 0.1061875 0.19502083333333334 0.09954166666666667 0.202875 0.09047916666666667 0.20589583333333333 0.08141666666666666 0.20650000000000002 0.07233333333333333 0.20589583333333333 0.06327083333333333 0.202875 0.05602083333333333 0.19683333333333333 0.04816666666666667 0.19139583333333335 0.043333333333333335 0.1829375 0.042124999999999996 0.17387499999999997 0.043333333333333335 0.1648125 0.045145833333333336 0.15575
0 0.28022916666666664 0.11947916666666666 0.28506250000000005 0.111625 0.2886875 0.10316666666666667 0.29472916666666665 0.09591666666666666 0.3037916666666666 0.09410416666666667 0.31347916666666664 0.09410416666666667 0.32314583333333335 0.09410416666666667 0.33160416666666664 0.09772916666666666 0.3376458333333333 0.10497916666666667 0.3394583333333333 0.11404166666666667 0.3394583333333333 0.12370833333333334 0.3370416666666667 0.13277083333333334 0.33341666666666664 0.14122916666666668 0.3297916666666667 0.1496875 0.3219375 0.1545416666666667 0.31347916666666664 0.15877083333333333 0.30439583333333337 0.16058333333333333 0.29774999999999996 0.15331250000000002 0.29170833333333335 0.14485416666666667 0.28808333333333336 0.13639583333333333
0 0.27237500000000003 0.2222083333333333 0.27539583333333334 0.21314583333333334 0.2814375 0.20589583333333333 0.28989583333333335 0.20227083333333334 0.2989583333333333 0.20166666666666666 0.30681250000000004 0.20650000000000002 0.312875 0.21375 0.31166666666666665 0.2228125 0.30439583333333337 0.22885416666666666 0.29774999999999996 0.23552083333333332 0.2905 0.2415625 0.2814375 0.24035416666666667 0.27720833333333333 0.231875
0 0.6322291666666667 0.16058333333333333 0.6365833333333334 0.14752083333333335 0.6487708333333334 0.14229166666666665 0.6618333333333334 0.14404166666666668 0.6722708333333334 0.15275 0.6757500000000001 0.16579166666666667 0.6731458333333333 0.17885416666666665 0.6661874999999999 0.19016666666666668 0.653125 0.19277083333333334 0.6409374999999999 0.18754166666666666 0.6322500000000001 0.17710416666666667
0 0.5861249999999999 0.4729791666666667 0.5991666666666667 0.472125 0.6122291666666667 0.47385416666666663 0.6235416666666667 0.4825625 0.62875 0.49474999999999997 0.6252708333333333 0.5077916666666666 0.6200625 0.5199791666666667 0.6078749999999999 0.5269375000000001 0.5939583333333334 0.5269375000000001 0.5808958333333333 0.5243333333333333 0.5704583333333333 0.51475 0.5669791666666666 0.5017083333333333 0.5704583333333333 0.48864583333333333
0 0.8770833333333333 0.4479166666666667 0.8666666666666667 0.45 0.8625 0.45208333333333334 0.8541666666666666 0.4583333333333333 0.8479166666666667 0.4625 0.84375 0.4666666666666667 0.8416666666666667 0.47291666666666665 0.8375 0.47708333333333336 0.8333333333333334 0.48541666666666666 0.83125 0.49583333333333335 0.8291666666666667 0.5145833333333333 0.8291666666666667 0.5229166666666667 0.8354166666666667 0.5354166666666667 0.8416666666666667 0.5416666666666666 0.8541666666666666 0.5520833333333334 0.8604166666666667 0.55625 0.88125 0.5583333333333333 0.9 0.5583333333333333 0.90625 0.55625 0.9104166666666667 0.5541666666666667 0.925 0.5395833333333333 0.9395833333333333 0.5229166666666667 0.9395833333333333 0.4895833333333333 0.9375 0.48541666666666666 0.9333333333333333 0.4791666666666667 0.9270833333333334 0.4708333333333333 0.9229166666666667 0.4666666666666667 0.9125 0.4583333333333333 0.9083333333333333 0.4583333333333333 0.8979166666666667 0.45208333333333334 0.89375 0.45208333333333334 0.8875 0.4479166666666667
0 0.9291666666666667 0.36666666666666664 0.9208333333333333 0.375 0.91875 0.3854166666666667 0.91875 0.39375 0.9208333333333333 0.39791666666666664 0.9270833333333334 0.40625 0.9333333333333333 0.41458333333333336 0.9375 0.41875 0.94375 0.42083333333333334 0.9541666666666667 0.42291666666666666 0.9583333333333334 0.42291666666666666 0.9708333333333333 0.41041666666666665 0.9729166666666667 0.39375 0.9729166666666667 0.3770833333333333 0.9604166666666667 0.36041666666666666 0.9520833333333333 0.35833333333333334 0.9458333333333333 0.35833333333333334
0 0.84375 0.34791666666666665 0.8333333333333334 0.35 0.8291666666666667 0.35208333333333336 0.825 0.35625 0.81875 0.35833333333333334 0.8145833333333333 0.3625 0.8083333333333333 0.36875 0.80625 0.375 0.8041666666666667 0.38125 0.8020833333333334 0.3875 0.8020833333333334 0.39166666666666666 0.8 0.3958333333333333 0.8041666666666667 0.4 0.80625 0.4041666666666667 0.80625 0.4083333333333333 0.8083333333333333 0.41875 0.8145833333333333 0.42291666666666666 0.8229166666666666 0.42916666666666664 0.8291666666666667 0.43333333333333335 0.8333333333333334 0.4354166666666667 0.8583333333333333 0.4354166666666667 0.8666666666666667 0.43125 0.88125 0.4166666666666667 0.8875 0.4041666666666667 0.8875 0.4 0.8916666666666667 0.39375 0.8916666666666667 0.3875 0.8895833333333333 0.3770833333333333 0.8875 0.37083333333333335 0.8791666666666667 0.3625 0.86875 0.3541666666666667 0.8604166666666667 0.35 0.8541666666666666 0.34791666666666665
0 0.75625 0.36666666666666664 0.74375 0.37916666666666665 0.7458333333333333 0.39791666666666664 0.7520833333333333 0.40208333333333335 0.75625 0.4041666666666667 0.7666666666666667 0.4041666666666667 0.78125 0.4 0.7854166666666667 0.39166666666666666 0.7854166666666667 0.3875 0.7833333333333333 0.37916666666666665 0.78125 0.375 0.7770833333333333 0.37083333333333335 0.7708333333333334 0.36666666666666664
0 0.14791666666666667 0.6083333333333333 0.13541666666666666 0.6104166666666667 0.125 0.6145833333333334 0.12083333333333333 0.625 0.11666666666666667 0.6291666666666667 0.11041666666666666 0.6416666666666667 0.11041666666666666 0.65625 0.11875 0.6729166666666667 0.125 0.68125 0.14375 0.7 0.16875 0.7 0.18125 0.69375 0.19166666666666668 0.6833333333333333 0.19583333333333333 0.675 0.19791666666666666 0.66875 0.19791666666666666 0.6583333333333333 0.19583333333333333 0.6416666666666667 0.19375 0.63125 0.1875 0.625 0.17291666666666666 0.6125 0.16666666666666666 0.6083333333333333
0 0.3614583333333333 0.28187500000000004 0.3375 0.2875 0.3125 0.3125 0.3104166666666667 0.31875 0.30833333333333335 0.325 0.30833333333333335 0.34375 0.3104166666666667 0.36041666666666666 0.31666666666666665 0.36666666666666664 0.325 0.3729166666666667 0.32916666666666666 0.375 0.33541666666666664 0.3770833333333333 0.3416666666666667 0.37916666666666665 0.3729166666666667 0.37916666666666665 0.37916666666666665 0.3770833333333333 0.38333333333333336 0.375 0.39166666666666666 0.36875 0.39791666666666664 0.3625 0.4 0.35833333333333334 0.40208333333333335 0.35208333333333336 0.4033333333333333 0.3302083333333333 0.39979166666666666 0.301875 0.38458333333333333 0.2814583333333333
0 0.028958333333333332 0.04708333333333334 0.018125 0.045625 0.008333333333333333 0.04583333333333333 0.0020833333333333333 0.05 0.0020833333333333333 0.11041666666666666 0.00625 0.1125 0.0125 0.1125 0.020833333333333332 0.11458333333333333 0.03125 0.12083333333333333 0.035416666666666666 0.12083333333333333 0.041666666666666664 0.11875 0.04583333333333333 0.11666666666666667 0.05 0.1125 0.05625 0.10416666666666667 0.058333333333333334 0.09791666666666667 0.07083333333333333 0.08541666666666667 0.07083333333333333 0.08125 0.06875 0.07083333333333333 0.06666666666666667 0.06458333333333334 0.06458333333333334 0.058333333333333334 0.04729166666666666 0.04520833333333333
0 0.07083333333333333 0.0125 0.06458333333333334 0.014583333333333334 0.06041666666666667 0.01875 0.05625 0.027083333333333334 0.05625 0.041666666666666664 0.06666666666666667 0.052083333333333336 0.07083333333333333 0.06041666666666667 0.07291666666666667 0.06875 0.07291666666666667 0.07916666666666666 0.075 0.0875 0.08958333333333333 0.0875 0.09791666666666667 0.09166666666666666 0.10208333333333333 0.09583333333333334 0.10833333333333334 0.1 0.12083333333333333 0.1 0.13541666666666666 0.09166666666666666 0.13958333333333334 0.09166666666666666 0.14375 0.08958333333333333 0.15208333333333332 0.08125 0.15208333333333332 0.07708333333333334 0.15 0.06458333333333334 0.14791666666666667 0.058333333333333334 0.14375 0.05416666666666667 0.13541666666666666 0.04791666666666667 0.12916666666666668 0.04583333333333333 0.10833333333333334 0.025 0.10416666666666667 0.022916666666666665 0.09791666666666667 0.020833333333333332 0.09375 0.020833333333333332 0.0875 0.016666666666666666 0.08125 0.014583333333333334 0.075 0.0125
0 0.15833333333333333 0.08958333333333333 0.15416666666666667 0.08958333333333333 0.14791666666666667 0.09166666666666666 0.13958333333333334 0.09583333333333334 0.13333333333333333 0.1 0.12708333333333333 0.10625 0.125 0.1125 0.12458333333333332 0.12291666666666666 0.12229166666666667 0.13062500000000002 0.11875 0.14583333333333334 0.12708333333333333 0.15416666666666667 0.13333333333333333 0.15625 0.15208333333333332 0.15625 0.15833333333333333 0.15 0.15833333333333333 0.125 0.1625 0.11875 0.16458333333333333 0.1125 0.16666666666666666 0.10625 0.16666666666666666 0.09791666666666667 0.16458333333333333 0.09166666666666666 0.1625 0.0875
0 0.05625 0.58125 0.04583333333333333 0.5833333333333334 0.03958333333333333 0.5854166666666667 0.03333333333333333 0.5895833333333333 0.025 0.5958333333333333 0.01875 0.6020833333333333 0.01875 0.60625 0.022916666666666665 0.6104166666666667 0.027083333333333334 0.61875 0.025 0.6479166666666667 0.027083333333333334 0.6625 0.03333333333333333 0.6666666666666666 0.03958333333333333 0.6708333333333333 0.04791666666666667 0.675 0.05416666666666667 0.675 0.0625 0.6729166666666667 0.06875 0.6708333333333333 0.07291666666666667 0.66875 0.07916666666666666 0.6645833333333333 0.0875 0.6583333333333333 0.09375 0.6520833333333333 0.09791666666666667 0.64375 0.1 0.6354166666666666 0.1 0.6166666666666667 0.09791666666666667 0.6104166666666667 0.09583333333333334 0.6041666666666666 0.08125 0.590625 0.06833333333333333 0.5872916666666667
0 0.008333333333333333 0.78125 0.004166666666666667 0.7833333333333333 0 0.7854166666666667 0 0.88125 0.016666666666666666 0.88125 0.04416666666666667 0.8704166666666667 0.058333333333333334 0.84375 0.06666666666666667 0.8354166666666667 0.06875 0.83125 0.06875 0.8270833333333333 0.06875 0.8208333333333333 0.06666666666666667 0.8145833333333333 0.052083333333333336 0.8 0.041666666666666664 0.7916666666666666 0.035416666666666666 0.7875 0.022916666666666665 0.78125
0 0.05625 0.4125 0.04375 0.41458333333333336 0.035416666666666666 0.41875 0.029166666666666667 0.4270833333333333 0.027083333333333334 0.43125 0.027083333333333334 0.44375 0.029166666666666667 0.4666666666666667 0.027083333333333334 0.46875 0.027083333333333334 0.48125 0.03125 0.4895833333333333 0.040625 0.5075 0.055 0.5166666666666667 0.06875 0.51375 0.08375 0.5122916666666667 0.095 0.5114583333333333 0.10208333333333333 0.5041666666666667 0.10625 0.5 0.11041666666666666 0.49166666666666664 0.1125 0.48541666666666666 0.11458333333333333 0.47708333333333336 0.11458333333333333 0.46875 0.1125 0.4583333333333333 0.11041666666666666 0.45208333333333334 0.1 0.44166666666666665 0.08541666666666667 0.42916666666666664 0.07916666666666666 0.425 0.07083333333333333 0.41875 0.06458333333333334 0.41458333333333336 0.06041666666666667 0.4125
0 0.13958333333333334 0.44375 0.13333333333333333 0.44583333333333336 0.12916666666666668 0.4479166666666667 0.12291666666666666 0.45208333333333334 0.11875 0.45625 0.11666666666666667 0.46458333333333335 0.11666666666666667 0.4979166666666667 0.11875 0.5041666666666667 0.12083333333333333 0.5083333333333333 0.125 0.5104166666666666 0.12916666666666668 0.5125 0.13541666666666666 0.5145833333333333 0.13958333333333334 0.5145833333333333 0.14375 0.5166666666666667 0.14583333333333334 0.5125 0.14791666666666667 0.50625 0.14791666666666667 0.4979166666666667 0.14583333333333334 0.48541666666666666 0.14791666666666667 0.47708333333333336 0.15 0.4708333333333333 0.15208333333333332 0.46458333333333335 0.15416666666666667 0.46041666666666664 0.1625 0.45208333333333334 0.16458333333333333 0.4479166666666667 0.16041666666666668 0.44583333333333336 0.15625 0.44375
0 0.38125 0.5125 0.36041666666666666 0.5229166666666667 0.35625 0.5270833333333333 0.35208333333333336 0.5333333333333333 0.35 0.5375 0.3625 0.55 0.37083333333333335 0.55625 0.37916666666666665 0.5625 0.3875 0.56875 0.3958333333333333 0.575 0.40208333333333335 0.5791666666666667 0.4125 0.58125 0.41875 0.58125 0.42291666666666666 0.5791666666666667 0.4270833333333333 0.56875 0.42916666666666664 0.55625 0.42916666666666664 0.55 0.4270833333333333 0.5458333333333333 0.42083333333333334 0.5375 0.41458333333333336 0.5291666666666667 0.4083333333333333 0.5229166666666667 0.40208333333333335 0.5166666666666667 0.39375 0.5145833333333333 0.3854166666666667 0.5125
0 0.35208333333333336 0.5520833333333334 0.34791666666666665 0.5520833333333334 0.3416666666666667 0.5541666666666667 0.33125 0.5666666666666667 0.33125 0.5854166666666667 0.3333333333333333 0.5895833333333333 0.3375 0.5958333333333333 0.3416666666666667 0.6020833333333333 0.34791666666666665 0.6083333333333333 0.36041666666666666 0.61875 0.36666666666666664 0.6229166666666667 0.37916666666666665 0.625 0.38958333333333334 0.625 0.4083333333333333 0.6145833333333334 0.41458333333333336 0.6125 0.4166666666666667 0.6083333333333333 0.41875 0.6 0.41875 0.5958333333333333 0.41458333333333336 0.5875 0.41041666666666665 0.5833333333333334 0.40625 0.58125 0.40208333333333335 0.58125 0.3958333333333333 0.5770833333333333 0.38958333333333334 0.5708333333333333 0.38333333333333336 0.5666666666666667 0.3770833333333333 0.5625 0.37083333333333335 0.5583333333333333 0.3645833333333333 0.55625 0.36041666666666666 0.5520833333333334
0 0.075 0.5166666666666667 0.05625 0.51875 0.052083333333333336 0.5229166666666667 0.04375 0.5333333333333333 0.03958333333333333 0.5395833333333333 0.03958333333333333 0.54375 0.041666666666666664 0.5520833333333334 0.04375 0.5541666666666667 0.04375 0.5645833333333333 0.04791666666666667 0.5729166666666666 0.05854166666666667 0.5797916666666667 0.07083333333333333 0.5864583333333333 0.07875 0.5860416666666667 0.08333333333333333 0.5833333333333334 0.08958333333333333 0.5833333333333334 0.09375 0.58125 0.10833333333333334 0.5666666666666667 0.11041666666666666 0.5583333333333333 0.1125 0.54375 0.1125 0.5375 0.09166666666666666 0.5166666666666667
0 0.1125 0.7145833333333333 0.10625 0.71875 0.10208333333333333 0.71875 0.09791666666666667 0.7208333333333333 0.08541666666666667 0.7333333333333333 0.08125 0.7416666666666667 0.08125 0.7520833333333333 0.08333333333333333 0.7604166666666666 0.08541666666666667 0.7645833333333333 0.08958333333333333 0.7708333333333334 0.09375 0.7770833333333333 0.09791666666666667 0.78125 0.11666666666666667 0.79375 0.12916666666666668 0.79375 0.13541666666666666 0.7895833333333333 0.14791666666666667 0.7791666666666667 0.15416666666666667 0.7729166666666667 0.15625 0.7645833333333333 0.15833333333333333 0.7479166666666667 0.15833333333333333 0.7395833333333334 0.15416666666666667 0.7333333333333333 0.14583333333333334 0.7229166666666667 0.14166666666666666 0.71875 0.13333333333333333 0.7166666666666667 0.12083333333333333 0.7145833333333333
0 0.20416666666666666 0.7166666666666667 0.19583333333333333 0.7208333333333333 0.19166666666666668 0.7229166666666667 0.19166666666666668 0.7291666666666666 0.18958333333333333 0.7395833333333334 0.19166666666666668 0.74375 0.19583333333333333 0.7479166666666667 0.21458333333333332 0.7604166666666666 0.21875 0.7604166666666666 0.22708333333333333 0.7583333333333333 0.23125 0.75625 0.22916666666666666 0.7520833333333333 0.22708333333333333 0.7479166666666667 0.225 0.7375 0.22708333333333333 0.7229166666666667 0.225 0.71875
0 0.21875 0.7833333333333333 0.20625 0.7895833333333333 0.19166666666666668 0.8041666666666667 0.18958333333333333 0.8083333333333333 0.18958333333333333 0.8145833333333333 0.19166666666666668 0.8208333333333333 0.19375 0.8270833333333333 0.19583333333333333 0.8354166666666667 0.19791666666666666 0.8395833333333333 0.21875 0.84375 0.23541666666666666 0.84375 0.24583333333333332 0.8354166666666667 0.25416666666666665 0.8270833333333333 0.25625 0.8166666666666667 0.25625 0.8041666666666667 0.2520833333333333 0.7958333333333333 0.24583333333333332 0.7895833333333333 0.23958333333333334 0.7854166666666667 0.22916666666666666 0.7833333333333333
0 0.17916666666666667 0.8125 0.16666666666666666 0.8145833333333333 0.1625 0.8166666666666667 0.15416666666666667 0.8229166666666666 0.15 0.8333333333333334 0.15 0.84375 0.15625 0.85625 0.15833333333333333 0.8604166666666667 0.17708333333333334 0.8604166666666667 0.18125 0.8583333333333333 0.18958333333333333 0.8520833333333333 0.19375 0.8395833333333333 0.19375 0.8291666666666667 0.19166666666666668 0.8229166666666666 0.18958333333333333 0.8166666666666667 0.1875 0.8125
0 0.20625 0.8458333333333333 0.19583333333333333 0.85625 0.18541666666666667 0.86875 0.18333333333333332 0.875 0.18125 0.8854166666666666 0.18125 0.8979166666666667 0.18333333333333332 0.9083333333333333 0.20416666666666666 0.9291666666666667 0.225 0.9291666666666667 0.22916666666666666 0.9270833333333334 0.23333333333333334 0.9229166666666667 0.23958333333333334 0.9208333333333333 0.24583333333333332 0.9166666666666666 0.25 0.9125 0.25833333333333336 0.8958333333333334 0.25833333333333336 0.8791666666666667 0.25625 0.875 0.2520833333333333 0.86875 0.24791666666666667 0.8645833333333334 0.24583333333333332 0.8583333333333333 0.24166666666666667 0.8520833333333333 0.23125 0.8479166666666667 0.21458333333333332 0.8458333333333333