0 0.5333333333333333 0.8229166666666666 0.5208333333333334 0.8291666666666667 0.5166666666666667 0.8333333333333334 0.50625 0.8458333333333333 0.5020833333333333 0.8520833333333333 0.5020833333333333 0.8625 0.5041666666666667 0.8729166666666667 0.5125 0.8833333333333333 0.5229166666666667 0.89375 0.5270833333333333 0.8958333333333334 0.5354166666666667 0.8979166666666667 0.5416666666666666 0.8979166666666667 0.55 0.8958333333333334 0.5541666666666667 0.89375 0.5791666666666667 0.86875 0.58125 0.85625 0.58125 0.84375 0.5770833333333333 0.8354166666666667 0.5729166666666666 0.83125 0.55625 0.8229166666666666
0 0.14375 0.86875 0.1375 0.8729166666666667 0.13333333333333333 0.88125 0.13333333333333333 0.8875 0.14375 0.8979166666666667 0.15833333333333333 0.8979166666666667 0.1625 0.8958333333333334 0.16875 0.8916666666666667 0.17083333333333334 0.8770833333333333 0.1625 0.86875
0 0.23125 0.46875 0.22291666666666668 0.475 0.21875 0.4791666666666667 0.21666666666666667 0.4875 0.21666666666666667 0.49375 0.22083333333333333 0.5020833333333333 0.23333333333333334 0.50625 0.24166666666666667 0.50625 0.24791666666666667 0.5020833333333333 0.25416666666666665 0.49583333333333335 0.25416666666666665 0.4791666666666667 0.24375 0.46875
0 0.30625 0.4895833333333333 0.28958333333333336 0.50625 0.28958333333333336 0.5395833333333333 0.2916666666666667 0.54375 0.29583333333333334 0.55 0.30416666666666664 0.5541666666666667 0.3125 0.55625 0.32083333333333336 0.5583333333333333 0.325 0.5583333333333333 0.32916666666666666 0.5541666666666667 0.3375 0.5479166666666667 0.33958333333333335 0.5479166666666667 0.34375 0.54375 0.34375 0.5166666666666667 0.3416666666666667 0.5125 0.3375 0.5083333333333333 0.33541666666666664 0.5020833333333333 0.33125 0.49583333333333335 0.3229166666666667 0.49166666666666664 0.3104166666666667 0.4895833333333333
0 0.8666666666666667 0.9875 0.85625 0.9979166666666667 0.9083333333333333 0.9979166666666667 0.9020833333333333 0.9916666666666667 0.8958333333333334 0.9875
0 0.8479166666666667 0.8395833333333333 0.8416666666666667 0.8458333333333333 0.8416666666666667 0.85 0.84375 0.8604166666666667 0.8479166666666667 0.86875 0.85625 0.875 0.8604166666666667 0.8770833333333333 0.8666666666666667 0.8770833333333333 0.875 0.8729166666666667 0.8791666666666667 0.8645833333333334 0.8791666666666667 0.8541666666666666 0.8770833333333333 0.8458333333333333 0.8729166666666667 0.8416666666666667 0.86875 0.8395833333333333
0 0.99375 0.40625 0.9895833333333334 0.4083333333333333 0.9854166666666667 0.4083333333333333 0.9791666666666666 0.4125 0.975 0.4125 0.9645833333333333 0.42083333333333334 0.9583333333333334 0.4270833333333333 0.9520833333333333 0.4354166666666667 0.95 0.4395833333333333 0.95 0.45625 0.95625 0.46875 0.9604166666666667 0.475 0.9666666666666667 0.48125 0.975 0.48541666666666666 0.9791666666666666 0.48541666666666666 0.9854166666666667 0.4895833333333333 0.9979166666666667 0.4895833333333333 0.9979166666666667 0.4041666666666667
0 0.3458333333333333 0.34375 0.3375 0.34791666666666665 0.32708333333333334 0.35833333333333334 0.325 0.3625 0.3229166666666667 0.36875 0.32083333333333336 0.3770833333333333 0.32083333333333336 0.3854166666666667 0.3229166666666667 0.40208333333333335 0.325 0.4125 0.33541666666666664 0.425 0.33958333333333335 0.425 0.3458333333333333 0.4270833333333333 0.35208333333333336 0.43125 0.35833333333333334 0.43333333333333335 0.3854166666666667 0.43333333333333335 0.39791666666666664 0.4270833333333333 0.40208333333333335 0.42291666666666666 0.4083333333333333 0.41458333333333336 0.41041666666666665 0.41041666666666665 0.41041666666666665 0.40625 0.4083333333333333 0.3958333333333333 0.40625 0.3854166666666667 0.40208333333333335 0.3770833333333333 0.39375 0.37083333333333335 0.3854166666666667 0.3645833333333333 0.37916666666666665 0.36041666666666666 0.37083333333333335 0.3541666666666667 0.3625 0.34791666666666665 0.35833333333333334 0.3458333333333333 0.35208333333333336 0.34375
0 0.4395833333333333 0.20625 0.4354166666666667 0.20833333333333334 0.43125 0.21041666666666667 0.43125 0.21458333333333332 0.42916666666666664 0.22291666666666668 0.4270833333333333 0.23125 0.425 0.23333333333333334 0.42291666666666666 0.24166666666666667 0.42291666666666666 0.25 0.425 0.25833333333333336 0.42916666666666664 0.26666666666666666 0.4354166666666667 0.275 0.4395833333333333 0.2791666666666667 0.45625 0.2875 0.4708333333333333 0.2875 0.48125 0.28125 0.48541666666666666 0.28125 0.5 0.2708333333333333 0.5041666666666667 0.26666666666666666 0.5083333333333333 0.25833333333333336 0.5083333333333333 0.24375 0.5041666666666667 0.2375 0.49375 0.225 0.4895833333333333 0.22083333333333333 0.46875 0.21041666666666667 0.46041666666666664 0.20833333333333334 0.4479166666666667 0.20625
0 0.6708333333333333 0 0.6708333333333333 0.004166666666666667 0.66875 0.016666666666666666 0.6666666666666666 0.01875 0.6666666666666666 0.025 0.6729166666666667 0.0375 0.6770833333333334 0.041666666666666664 0.69375 0.05 0.7 0.05 0.7083333333333334 0.04791666666666667 0.7208333333333333 0.0375 0.73125 0.027083333333333334 0.7333333333333333 0.020833333333333332 0.7354166666666667 0.010416666666666666 0.7354166666666667 0.004166666666666667 0.7333333333333333 0
0 0.3458333333333333 0.0020833333333333333 0.3458333333333333 0.010416666666666666 0.34791666666666665 0.020833333333333332 0.35 0.025 0.35625 0.03333333333333333 0.3625 0.03958333333333333 0.36875 0.04375 0.375 0.04791666666666667 0.38333333333333336 0.052083333333333336 0.38958333333333334 0.05416666666666667 0.3958333333333333 0.05625 0.40208333333333335 0.058333333333333334 0.4166666666666667 0.058333333333333334 0.42916666666666664 0.05625 0.4395833333333333 0.04583333333333333 0.44375 0.0375 0.44375 0.022916666666666665 0.44166666666666665 0.00625 0.4375 0
0 0.19375 0.0020833333333333333 0.19166666666666668 0.00625 0.19166666666666668 0.010416666666666666 0.1875 0.016666666666666666 0.18541666666666667 0.022916666666666665 0.18541666666666667 0.027083333333333334 0.1875 0.035416666666666666 0.18958333333333333 0.04375 0.19166666666666668 0.04791666666666667 0.19791666666666666 0.05416666666666667 0.20625 0.06041666666666667 0.21041666666666667 0.0625 0.21666666666666667 0.0625 0.22291666666666668 0.06458333333333334 0.22916666666666666 0.06458333333333334 0.23541666666666666 0.0625 0.24166666666666667 0.058333333333333334 0.24583333333333332 0.05416666666666667 0.2520833333333333 0.052083333333333336 0.25625 0.04791666666666667 0.2625 0.035416666666666666 0.2625 0.014583333333333334 0.2604166666666667 0.010416666666666666 0.25416666666666665 0.0020833333333333333