0 0.8479166666666667 0.21458333333333332 0.8416666666666667 0.22083333333333333 0.8416666666666667 0.225 0.84375 0.23541666666666666 0.8479166666666667 0.24375 0.85625 0.25 0.8604166666666667 0.2520833333333333 0.8666666666666667 0.2520833333333333 0.875 0.24791666666666667 0.8791666666666667 0.23958333333333334 0.8791666666666667 0.22916666666666666 0.8770833333333333 0.22083333333333333 0.8729166666666667 0.21666666666666667 0.86875 0.21458333333333332
0 0.9916666666666667 0.7479166666666667 0.9875 0.7520833333333333 0.9833333333333333 0.7583333333333333 0.98125 0.7708333333333334 0.98125 0.7833333333333333 0.99375 0.7958333333333333 0.9979166666666667 0.7979166666666667 0.9979166666666667 0.7479166666666667
0 0.4625 0.75625 0.45 0.7625 0.44583333333333336 0.7666666666666667 0.4354166666666667 0.7791666666666667 0.43125 0.7854166666666667 0.42916666666666664 0.79375 0.4270833333333333 0.80625 0.4270833333333333 0.8125 0.43125 0.8208333333333333 0.4354166666666667 0.8270833333333333 0.4395833333333333 0.83125 0.45625 0.8458333333333333 0.48125 0.8458333333333333 0.4875 0.8416666666666667 0.5 0.83125 0.50625 0.825 0.5083333333333333 0.81875 0.5104166666666666 0.80625 0.5125 0.79375 0.5125 0.7875 0.5104166666666666 0.78125 0.50625 0.7729166666666667 0.4979166666666667 0.7645833333333333 0.48125 0.75625
0 0.20833333333333334 0.8395833333333333 0.20208333333333334 0.84375 0.19791666666666666 0.84375 0.18125 0.8625 0.18125 0.8854166666666666 0.1875 0.8979166666666667 0.19166666666666668 0.9020833333333333 0.19791666666666666 0.90625 0.20416666666666666 0.9104166666666667 0.20833333333333334 0.9125 0.21458333333333332 0.9125 0.22916666666666666 0.9104166666666667 0.23958333333333334 0.90625 0.24375 0.9 0.24791666666666667 0.8916666666666667 0.24791666666666667 0.8625 0.24166666666666667 0.85 0.2375 0.8458333333333333 0.23125 0.8416666666666667 0.22708333333333333 0.8395833333333333
0 0.34375 0.38125 0.33541666666666664 0.3875 0.3229166666666667 0.39791666666666664 0.31666666666666665 0.4041666666666667 0.3145833333333333 0.4166666666666667 0.3145833333333333 0.42916666666666664 0.31875 0.4375 0.3229166666666667 0.44166666666666665 0.33541666666666664 0.45416666666666666 0.3416666666666667 0.45625 0.3458333333333333 0.45625 0.35208333333333336 0.46041666666666664 0.35625 0.46041666666666664 0.3854166666666667 0.4354166666666667 0.3875 0.42291666666666666 0.3875 0.41041666666666665 0.38333333333333336 0.4041666666666667 0.3770833333333333 0.3958333333333333 0.37083333333333335 0.3875 0.36666666666666664 0.38333333333333336 0.3541666666666667 0.38125
0 0.5333333333333333 0.19791666666666666 0.5208333333333334 0.20416666666666666 0.5166666666666667 0.20833333333333334 0.50625 0.22083333333333333 0.5020833333333333 0.22708333333333333 0.5020833333333333 0.2375 0.5041666666666667 0.24791666666666667 0.5125 0.25833333333333336 0.5229166666666667 0.26875 0.5270833333333333 0.2708333333333333 0.5354166666666667 0.27291666666666664 0.5416666666666666 0.27291666666666664 0.55 0.2708333333333333 0.5541666666666667 0.26875 0.5791666666666667 0.24375 0.58125 0.23125 0.58125 0.21875 0.5770833333333333 0.21041666666666667 0.5729166666666666 0.20625 0.55625 0.19791666666666666
0 0.2375 0.425 0.22916666666666666 0.4270833333333333 0.22291666666666668 0.43125 0.21458333333333332 0.4375 0.21041666666666667 0.44166666666666665 0.20833333333333334 0.44583333333333336 0.20625 0.45416666666666666 0.20625 0.4583333333333333 0.20833333333333334 0.46458333333333335 0.21041666666666667 0.4708333333333333 0.2125 0.47708333333333336 0.21458333333333332 0.48125 0.22083333333333333 0.4875 0.22916666666666666 0.49375 0.2375 0.49583333333333335 0.25 0.4979166666666667 0.25625 0.4979166666666667 0.26458333333333334 0.49166666666666664 0.27291666666666664 0.48333333333333334 0.275 0.475 0.27708333333333335 0.4625 0.27708333333333335 0.45625 0.275 0.45208333333333334 0.2708333333333333 0.44583333333333336 0.26666666666666666 0.4395833333333333 0.2625 0.4354166666666667 0.2520833333333333 0.4270833333333333 0.24583333333333332 0.425
0 0.058333333333333334 0.38333333333333336 0.05416666666666667 0.3854166666666667 0.04791666666666667 0.38958333333333334 0.03958333333333333 0.3958333333333333 0.03333333333333333 0.4 0.029166666666666667 0.4041666666666667 0.025 0.4125 0.025 0.4354166666666667 0.027083333333333334 0.44166666666666665 0.03125 0.45 0.041666666666666664 0.46041666666666664 0.058333333333333334 0.46875 0.07916666666666666 0.46875 0.0875 0.46458333333333335 0.09791666666666667 0.45416666666666666 0.10416666666666667 0.44583333333333336 0.11041666666666666 0.43333333333333335 0.11041666666666666 0.4125 0.10625 0.40625 0.09583333333333334 0.39375 0.09166666666666666 0.38958333333333334 0.07916666666666666 0.38333333333333336
0 0.14375 0.24375 0.1375 0.24791666666666667 0.13333333333333333 0.25625 0.13333333333333333 0.2625 0.14375 0.27291666666666664 0.15833333333333333 0.27291666666666664 0.1625 0.2708333333333333 0.16875 0.26666666666666666 0.17083333333333334 0.2520833333333333 0.1625 0.24375
0 0.86875 0.47708333333333336 0.8645833333333334 0.4791666666666667 0.8583333333333333 0.48333333333333334 0.8541666666666666 0.4875 0.85 0.49375 0.8458333333333333 0.5 0.84375 0.5041666666666667 0.84375 0.5270833333333333 0.8458333333333333 0.5333333333333333 0.8479166666666667 0.5395833333333333 0.85 0.5458333333333333 0.8520833333333333 0.55 0.85625 0.5541666666666667 0.8645833333333334 0.5604166666666667 0.875 0.56875 0.88125 0.5729166666666666 0.9041666666666667 0.5729166666666666 0.9166666666666666 0.5666666666666667 0.9229166666666667 0.5625 0.93125 0.55625 0.9375 0.55 0.94375 0.5375 0.9458333333333333 0.5291666666666667 0.9479166666666666 0.5125 0.9479166666666666 0.5041666666666667 0.9208333333333333 0.47708333333333336
0 0.8666666666666667 0.3625 0.8395833333333333 0.38958333333333334 0.8395833333333333 0.3958333333333333 0.8416666666666667 0.4083333333333333 0.84375 0.4166666666666667 0.8479166666666667 0.42083333333333334 0.8541666666666666 0.425 0.8583333333333333 0.4270833333333333 0.8666666666666667 0.42916666666666664 0.875 0.43125 0.88125 0.43125 0.8895833333333333 0.42916666666666664 0.8979166666666667 0.4270833333333333 0.9041666666666667 0.425 0.9083333333333333 0.42083333333333334 0.9166666666666666 0.41041666666666665 0.9208333333333333 0.4041666666666667 0.9208333333333333 0.4 0.91875 0.3875 0.9166666666666666 0.37916666666666665 0.9125 0.375 0.9020833333333333 0.36666666666666664 0.8958333333333334 0.3625