0 0.29791666666666666 0.5270833333333333 0.28958333333333336 0.53125 0.28541666666666665 0.5333333333333333 0.28541666666666665 0.5375 0.2833333333333333 0.5458333333333333 0.28958333333333336 0.5583333333333333 0.31666666666666665 0.5604166666666667 0.3229166666666667 0.55625 0.32708333333333334 0.5520833333333334 0.325 0.5333333333333333 0.31666666666666665 0.5291666666666667 0.30625 0.5270833333333333
0 0.13125 0.014583333333333334 0.12708333333333333 0.01875 0.11875 0.029166666666666667 0.11458333333333333 0.035416666666666666 0.11458333333333333 0.04375 0.11666666666666667 0.052083333333333336 0.13125 0.06666666666666667 0.14166666666666666 0.06875 0.15 0.06875 0.15416666666666667 0.06666666666666667 0.1625 0.06041666666666667 0.16666666666666666 0.05625 0.16875 0.04375 0.16875 0.03333333333333333 0.16041666666666668 0.022916666666666665 0.15208333333333332 0.014583333333333334
0 0.025 0 0.022916666666666665 0.004166666666666667 0.016666666666666666 0.016666666666666666 0.016666666666666666 0.03958333333333333 0.01875 0.06041666666666667 0.020833333333333332 0.06458333333333334 0.025 0.06875 0.027083333333333334 0.075 0.03125 0.08125 0.035416666666666666 0.0875 0.04791666666666667 0.09166666666666666 0.06458333333333334 0.09375 0.07291666666666667 0.09375 0.07916666666666666 0.09166666666666666 0.08333333333333333 0.08958333333333333 0.09166666666666666 0.08125 0.1 0.07083333333333333 0.10833333333333334 0.05416666666666667 0.11041666666666666 0.03958333333333333 0.11041666666666666 0.027083333333333334 0.10416666666666667 0.014583333333333334 0.09583333333333334 0.004166666666666667 0.09166666666666666 0
0 0.35833333333333334 0.6229166666666667 0.34375 0.625 0.3145833333333333 0.6541666666666667 0.3125 0.6583333333333333 0.3125 0.6666666666666666 0.3145833333333333 0.6729166666666667 0.31666666666666665 0.6770833333333334 0.32083333333333336 0.6833333333333333 0.325 0.6895833333333333 0.32916666666666666 0.6958333333333333 0.33541666666666664 0.7020833333333333 0.34375 0.7083333333333334 0.3770833333333333 0.7083333333333334 0.40208333333333335 0.6833333333333333 0.40208333333333335 0.6520833333333333 0.4 0.6479166666666667 0.39375 0.6395833333333333 0.38958333333333334 0.6354166666666666 0.38333333333333336 0.63125 0.3770833333333333 0.6291666666666667 0.3729166666666667 0.625 0.36875 0.6229166666666667
0 0.5 0.7583333333333333 0.4895833333333333 0.7604166666666666 0.4708333333333333 0.7729166666666667 0.46458333333333335 0.7791666666666667 0.4625 0.7833333333333333 0.46041666666666664 0.7895833333333333 0.4583333333333333 0.8020833333333334 0.4583333333333333 0.8083333333333333 0.4625 0.8166666666666667 0.4666666666666667 0.8208333333333333 0.46875 0.8270833333333333 0.47291666666666665 0.8333333333333334 0.475 0.8375 0.48125 0.8375 0.49583333333333335 0.8395833333333333 0.5041666666666667 0.8416666666666667 0.5083333333333333 0.8458333333333333 0.5145833333333333 0.8458333333333333 0.5229166666666667 0.8416666666666667 0.5291666666666667 0.8354166666666667 0.5333333333333333 0.8291666666666667 0.54375 0.8083333333333333 0.54375 0.7875 0.5375 0.7791666666666667 0.5270833333333333 0.7666666666666667 0.5229166666666667 0.7625 0.51875 0.7604166666666666 0.5104166666666666 0.7583333333333333
0 0.42291666666666666 0.81875 0.41041666666666665 0.825 0.40625 0.8270833333333333 0.40625 0.83125 0.4041666666666667 0.8416666666666667 0.40208333333333335 0.84375 0.40208333333333335 0.8479166666666667 0.4041666666666667 0.8520833333333333 0.41041666666666665 0.8604166666666667 0.42291666666666666 0.8645833333333334 0.43125 0.8645833333333334 0.4395833333333333 0.8604166666666667 0.44583333333333336 0.8541666666666666 0.4479166666666667 0.84375 0.4479166666666667 0.8375 0.44583333333333336 0.8333333333333334 0.43333333333333335 0.8208333333333333 0.4270833333333333 0.81875
0 0.4041666666666667 0.9104166666666667 0.3875 0.9125 0.3770833333333333 0.9166666666666666 0.3729166666666667 0.925 0.3729166666666667 0.9416666666666667 0.375 0.9458333333333333 0.37916666666666665 0.95 0.3854166666666667 0.95625 0.39166666666666666 0.9583333333333334 0.40208333333333335 0.9583333333333334 0.41041666666666665 0.95625 0.41875 0.95 0.4270833333333333 0.9416666666666667 0.42916666666666664 0.9333333333333333 0.42916666666666664 0.925 0.425 0.91875 0.42083333333333334 0.9145833333333333 0.4125 0.9104166666666667
0 0.06458333333333334 0.10416666666666667 0.041666666666666664 0.12291666666666666 0.041666666666666664 0.12708333333333333 0.03958333333333333 0.13125 0.07083333333333333 0.1625 0.08541666666666667 0.1625 0.08958333333333333 0.16041666666666668 0.09791666666666667 0.15416666666666667 0.10208333333333333 0.15 0.10416666666666667 0.14375 0.10625 0.13333333333333333 0.10625 0.12916666666666668 0.08333333333333333 0.10625 0.07291666666666667 0.10416666666666667
0 0.47291666666666665 0.89375 0.46041666666666664 0.90625 0.4583333333333333 0.9208333333333333 0.4583333333333333 0.9333333333333333 0.46041666666666664 0.9375 0.4625 0.9416666666666667 0.47291666666666665 0.9416666666666667 0.48125 0.9458333333333333 0.48541666666666666 0.9520833333333333 0.49583333333333335 0.9520833333333333 0.5020833333333333 0.9479166666666666 0.5083333333333333 0.94375 0.5125 0.9333333333333333 0.5145833333333333 0.9208333333333333 0.5145833333333333 0.9145833333333333 0.5125 0.9104166666666667 0.50625 0.9020833333333333 0.5020833333333333 0.8979166666666667 0.49375 0.8958333333333334 0.4791666666666667 0.89375
0 0.4625 0.94375 0.44166666666666665 0.9458333333333333 0.43125 0.9479166666666666 0.42291666666666666 0.9541666666666667 0.41875 0.9583333333333334 0.4125 0.9708333333333333 0.41041666666666665 0.9833333333333333 0.4125 0.9895833333333334 0.41041666666666665 0.99375 0.41458333333333336 0.9979166666666667 0.45 0.9979166666666667 0.4895833333333333 0.99375 0.4895833333333333 0.9833333333333333 0.4875 0.9666666666666667 0.48541666666666666 0.9541666666666667 0.47291666666666665 0.94375
0 0.38125 0.9645833333333333 0.375 0.96875 0.37083333333333335 0.9770833333333333 0.36875 0.9854166666666667 0.36875 0.9895833333333334 0.37083333333333335 0.99375 0.375 0.9979166666666667 0.3958333333333333 0.9979166666666667 0.4083333333333333 0.9916666666666667 0.41041666666666665 0.9854166666666667 0.4083333333333333 0.975 0.40625 0.96875 0.40208333333333335 0.96875 0.38958333333333334 0.9666666666666667 0.3875 0.9645833333333333
0 0.22708333333333333 0.85625 0.22291666666666668 0.8583333333333333 0.21666666666666667 0.8625 0.21041666666666667 0.8666666666666667 0.20625 0.8708333333333333 0.19583333333333333 0.8916666666666667 0.19583333333333333 0.90625 0.19791666666666666 0.93125 0.2 0.9458333333333333 0.20416666666666666 0.9520833333333333 0.20416666666666666 0.95625 0.20625 0.9604166666666667 0.20833333333333334 0.9645833333333333 0.2125 0.9666666666666667 0.21666666666666667 0.9666666666666667 0.22291666666666668 0.96875 0.22916666666666666 0.9708333333333333 0.23125 0.9729166666666667 0.2375 0.975 0.24791666666666667 0.975 0.25625 0.9729166666666667 0.2604166666666667 0.9708333333333333 0.26666666666666666 0.9666666666666667 0.2708333333333333 0.9625 0.27708333333333335 0.9541666666666667 0.2833333333333333 0.9458333333333333 0.2875 0.9395833333333333 0.29375 0.93125 0.29583333333333334 0.9270833333333334 0.29791666666666666 0.9166666666666666 0.29791666666666666 0.9041666666666667 0.29375 0.8958333333333334 0.27291666666666664 0.875 0.26666666666666666 0.8708333333333333 0.25833333333333336 0.8645833333333334 0.2520833333333333 0.8604166666666667 0.24791666666666667 0.8583333333333333 0.2375 0.85625
0 0.31666666666666665 0.8208333333333333 0.3104166666666667 0.825 0.30416666666666664 0.83125 0.29791666666666666 0.8375 0.29583333333333334 0.84375 0.29583333333333334 0.85 0.29791666666666666 0.85625 0.3104166666666667 0.86875 0.3333333333333333 0.86875 0.33958333333333335 0.8625 0.3458333333333333 0.8541666666666666 0.3458333333333333 0.8333333333333334 0.3333333333333333 0.8208333333333333
0 0.3770833333333333 0.7291666666666666 0.37083333333333335 0.73125 0.3645833333333333 0.7333333333333333 0.35833333333333334 0.7354166666666667 0.35208333333333336 0.7375 0.34791666666666665 0.7395833333333334 0.3375 0.75 0.33541666666666664 0.7541666666666667 0.3333333333333333 0.7604166666666666 0.33125 0.7666666666666667 0.32916666666666666 0.7729166666666667 0.32916666666666666 0.7770833333333333 0.33125 0.7833333333333333 0.33541666666666664 0.7895833333333333 0.33541666666666664 0.79375 0.3375 0.7979166666666667 0.35208333333333336 0.8125 0.3645833333333333 0.81875 0.375 0.81875 0.3875 0.8166666666666667 0.4 0.8104166666666667 0.4083333333333333 0.8020833333333334 0.41458333333333336 0.79375 0.41875 0.7854166666666667 0.42083333333333334 0.7791666666666667 0.42083333333333334 0.7708333333333334 0.41875 0.7625 0.41041666666666665 0.7458333333333333 0.40625 0.7416666666666667 0.38125 0.7291666666666666
0 0.2604166666666667 0.675 0.23333333333333334 0.6916666666666667 0.22916666666666666 0.6958333333333333 0.22708333333333333 0.7020833333333333 0.22291666666666668 0.70625 0.22083333333333333 0.7104166666666667 0.21875 0.7166666666666667 0.21875 0.725 0.22708333333333333 0.7416666666666667 0.23125 0.7458333333333333 0.23958333333333334 0.75 0.25833333333333336 0.75 0.2625 0.7479166666666667 0.26666666666666666 0.74375 0.27291666666666664 0.7416666666666667 0.2791666666666667 0.7375 0.28541666666666665 0.7333333333333333 0.28958333333333336 0.7291666666666666 0.29375 0.7229166666666667 0.29583333333333334 0.71875 0.29791666666666666 0.7104166666666667 0.29791666666666666 0.7020833333333333 0.28958333333333336 0.6854166666666667 0.28541666666666665 0.68125 0.2791666666666667 0.6770833333333334 0.2708333333333333 0.675
0 0.05416666666666667 0.5625 0.04791666666666667 0.56875 0.041666666666666664 0.5770833333333333 0.03958333333333333 0.58125 0.0375 0.5875 0.0375 0.59375 0.03958333333333333 0.6020833333333333 0.041666666666666664 0.6104166666666667 0.04583333333333333 0.61875 0.052083333333333336 0.6208333333333333 0.05625 0.625 0.06458333333333334 0.6291666666666667 0.075 0.6291666666666667 0.08958333333333333 0.625 0.09375 0.61875 0.09583333333333334 0.6125 0.1 0.6083333333333333 0.10208333333333333 0.6041666666666666 0.10208333333333333 0.5979166666666667 0.1 0.5854166666666667 0.09791666666666667 0.5770833333333333 0.08333333333333333 0.5625
0 0.21666666666666667 0.6104166666666667 0.19791666666666666 0.6125 0.19375 0.6166666666666667 0.18958333333333333 0.6229166666666667 0.1875 0.6291666666666667 0.1875 0.6375 0.18958333333333333 0.64375 0.19375 0.6520833333333333 0.19791666666666666 0.65625 0.20416666666666666 0.6604166666666667 0.21041666666666667 0.6604166666666667 0.22291666666666668 0.6583333333333333 0.23125 0.65625 0.23541666666666666 0.6520833333333333 0.23958333333333334 0.6458333333333334 0.24166666666666667 0.6291666666666667 0.23958333333333334 0.6125 0.23541666666666666 0.6104166666666667
0 0.2520833333333333 0.625 0.25 0.6291666666666667 0.25 0.6333333333333333 0.24791666666666667 0.6395833333333333 0.24583333333333332 0.6416666666666667 0.24375 0.6479166666666667 0.24375 0.6520833333333333 0.24583333333333332 0.6604166666666667 0.24791666666666667 0.6645833333333333 0.25416666666666665 0.6666666666666666 0.2604166666666667 0.6708333333333333 0.26666666666666666 0.6708333333333333 0.2791666666666667 0.66875 0.2875 0.6645833333333333 0.2916666666666667 0.65625 0.2916666666666667 0.6458333333333334 0.28958333333333336 0.6333333333333333 0.28541666666666665 0.6333333333333333 0.27708333333333335 0.63125 0.26666666666666666 0.6291666666666667 0.26458333333333334 0.6270833333333333 0.25625 0.625
0 0.28125 0.5645833333333333 0.26458333333333334 0.5666666666666667 0.2520833333333333 0.5708333333333333 0.24791666666666667 0.5770833333333333 0.24375 0.5854166666666667 0.24375 0.60625 0.2708333333333333 0.6270833333333333 0.28125 0.6291666666666667 0.2875 0.6291666666666667 0.29583333333333334 0.625 0.3 0.6208333333333333 0.3020833333333333 0.6145833333333334 0.30625 0.6104166666666667 0.30833333333333335 0.6041666666666666 0.30833333333333335 0.5979166666666667 0.30833333333333335 0.59375 0.30625 0.5875 0.30416666666666664 0.58125 0.3020833333333333 0.5770833333333333 0.29583333333333334 0.5708333333333333 0.2875 0.5645833333333333
0 0 0.5208333333333334 0 0.5583333333333333 0.00625 0.5541666666666667 0.0125 0.5520833333333334 0.014583333333333334 0.5354166666666667 0.008333333333333333 0.5270833333333333
0 0.01875 0.8458333333333333 0.008333333333333333 0.8479166666666667 0.0020833333333333333 0.85 0.0020833333333333333 0.8541666666666666 0 0.88125 0.004166666666666667 0.8895833333333333 0.008333333333333333 0.89375 0.016666666666666666 0.9 0.025 0.9 0.035416666666666666 0.8979166666666667 0.0375 0.89375 0.041666666666666664 0.8854166666666666 0.041666666666666664 0.8666666666666667 0.035416666666666666 0.8541666666666666 0.03125 0.85 0.022916666666666665 0.8458333333333333
0 0.08125 0.975 0.075 0.9791666666666666 0.06666666666666667 0.9854166666666667 0.0625 0.9895833333333334 0.0625 0.9979166666666667 0.11666666666666667 0.9979166666666667 0.11666666666666667 0.9895833333333334 0.1125 0.9854166666666667 0.10416666666666667 0.9791666666666666 0.09791666666666667 0.975
0 0.25625 0.975 0.24791666666666667 0.9791666666666666 0.24375 0.9833333333333333 0.2375 0.9854166666666667 0.23541666666666666 0.9979166666666667 0.29583333333333334 0.99375 0.2916666666666667 0.9895833333333334 0.2833333333333333 0.9833333333333333 0.275 0.9770833333333333 0.2708333333333333 0.975
0 0.55 0 0.5520833333333334 0.0125 0.55625 0.01875 0.5604166666666667 0.022916666666666665 0.5645833333333333 0.025 0.5708333333333333 0.027083333333333334 0.5770833333333333 0.029166666666666667 0.58125 0.029166666666666667 0.6020833333333333 0.014583333333333334 0.6041666666666666 0.008333333333333333 0.60625 0
0 0.35 0 0.36041666666666666 0.0020833333333333333 0.37083333333333335 0
0 0.5125 0.3458333333333333 0.50625 0.34791666666666665 0.4979166666666667 0.35 0.49166666666666664 0.35208333333333336 0.4875 0.3541666666666667 0.47708333333333336 0.3625 0.46875 0.37083333333333335 0.4666666666666667 0.37916666666666665 0.46458333333333335 0.39375 0.46458333333333335 0.4 0.46875 0.40625 0.4791666666666667 0.41875 0.4895833333333333 0.43125 0.49375 0.4354166666666667 0.4979166666666667 0.4354166666666667 0.50625 0.4375 0.5083333333333333 0.4395833333333333 0.5166666666666667 0.44166666666666665 0.5229166666666667 0.44166666666666665 0.53125 0.4395833333333333 0.5354166666666667 0.4375 0.54375 0.43125 0.55625 0.42083333333333334 0.5625 0.41458333333333336 0.5625 0.3854166666666667 0.55625 0.3729166666666667 0.5354166666666667 0.35208333333333336 0.53125 0.35 0.525 0.34791666666666665 0.5166666666666667 0.3458333333333333
0 0.61875 0.375 0.6125 0.37916666666666665 0.6083333333333333 0.37916666666666665 0.6020833333333333 0.38125 0.5958333333333333 0.3854166666666667 0.5916666666666667 0.3854166666666667 0.5875 0.3875 0.575 0.4 0.5729166666666666 0.4041666666666667 0.5708333333333333 0.4125 0.5708333333333333 0.4166666666666667 0.5729166666666666 0.42291666666666666 0.5770833333333333 0.42916666666666664 0.5770833333333333 0.43333333333333335 0.5791666666666667 0.4395833333333333 0.5958333333333333 0.45416666666666666 0.6 0.4583333333333333 0.6104166666666667 0.4625 0.6166666666666667 0.4625 0.6229166666666667 0.4625 0.6291666666666667 0.46041666666666664 0.6375 0.4583333333333333 0.6416666666666667 0.45625 0.6458333333333334 0.45208333333333334 0.6520833333333333 0.44375 0.6583333333333333 0.4354166666666667 0.6625 0.42916666666666664 0.6625 0.4083333333333333 0.65625 0.3958333333333333 0.6458333333333334 0.3854166666666667 0.6333333333333333 0.37916666666666665 0.6291666666666667 0.37916666666666665 0.6229166666666667 0.375
0 0.6333333333333333 0.3145833333333333 0.6291666666666667 0.31875 0.6229166666666667 0.32708333333333334 0.61875 0.3333333333333333 0.61875 0.3541666666666667 0.6208333333333333 0.35833333333333334 0.6270833333333333 0.36666666666666664 0.63125 0.37083333333333335 0.65625 0.37083333333333335 0.6729166666666667 0.3541666666666667 0.6729166666666667 0.3333333333333333 0.6625 0.3229166666666667 0.6520833333333333 0.3145833333333333
0 0.39375 0.1375 0.38125 0.14375 0.375 0.15 0.36875 0.15833333333333333 0.36666666666666664 0.1625 0.3645833333333333 0.17083333333333334 0.3645833333333333 0.18125 0.36666666666666664 0.19375 0.36875 0.20416666666666666 0.37083333333333335 0.21041666666666667 0.3729166666666667 0.21458333333333332 0.3770833333333333 0.21875 0.3854166666666667 0.22291666666666668 0.38958333333333334 0.22291666666666668 0.4 0.22916666666666666 0.42291666666666666 0.22916666666666666 0.45208333333333334 0.21458333333333332 0.45625 0.21041666666666667 0.4625 0.19791666666666666 0.4625 0.18125 0.46041666666666664 0.175 0.45625 0.16875 0.45625 0.16458333333333333 0.45416666666666666 0.16041666666666668 0.44375 0.15 0.43125 0.14375 0.4270833333333333 0.14375 0.4166666666666667 0.1375
0 0.47291666666666665 0.08333333333333333 0.44375 0.09791666666666667 0.4395833333333333 0.10208333333333333 0.4375 0.10625 0.4375 0.13958333333333334 0.45 0.15208333333333332 0.46458333333333335 0.16458333333333333 0.48125 0.16458333333333333 0.4895833333333333 0.16041666666666668 0.49583333333333335 0.15416666666666667 0.50625 0.14166666666666666 0.5104166666666666 0.13541666666666666 0.5104166666666666 0.10416666666666667 0.49166666666666664 0.08541666666666667 0.48125 0.08333333333333333
0 0.32083333333333336 0.07291666666666667 0.30625 0.0875 0.30416666666666664 0.09166666666666666 0.3020833333333333 0.1 0.3 0.10833333333333334 0.3 0.1125 0.30416666666666664 0.12083333333333333 0.30625 0.125 0.31666666666666665 0.12708333333333333 0.325 0.12708333333333333 0.3375 0.12083333333333333 0.3416666666666667 0.11666666666666667 0.35208333333333336 0.1125 0.35625 0.10208333333333333 0.35625 0.09375 0.3458333333333333 0.08125 0.3375 0.07291666666666667
0 0.3229166666666667 0.21458333333333332 0.3145833333333333 0.21875 0.30833333333333335 0.22708333333333333 0.30416666666666664 0.23333333333333334 0.29791666666666666 0.24166666666666667 0.29583333333333334 0.24583333333333332 0.29375 0.2520833333333333 0.29375 0.25833333333333336 0.29583333333333334 0.2625 0.3 0.26666666666666666 0.3020833333333333 0.27291666666666664 0.30625 0.27708333333333335 0.325 0.28958333333333336 0.3416666666666667 0.28958333333333336 0.3458333333333333 0.2875 0.3541666666666667 0.28125 0.3625 0.275 0.36875 0.26875 0.3729166666666667 0.2604166666666667 0.3729166666666667 0.2375 0.36875 0.23125 0.36041666666666666 0.22083333333333333 0.35625 0.21666666666666667 0.35 0.21458333333333332
0 0.33958333333333335 0.15833333333333333 0.33125 0.16041666666666668 0.3229166666666667 0.1625 0.31666666666666665 0.16458333333333333 0.3125 0.16875 0.3104166666666667 0.17291666666666666 0.3104166666666667 0.18541666666666667 0.3125 0.19166666666666668 0.31666666666666665 0.19791666666666666 0.31666666666666665 0.20208333333333334 0.3229166666666667 0.20833333333333334 0.32708333333333334 0.2125 0.3416666666666667 0.2125 0.36041666666666666 0.20833333333333334 0.3625 0.20416666666666666 0.3625 0.19375 0.36041666666666666 0.175 0.35833333333333334 0.16458333333333333 0.3541666666666667 0.1625 0.35 0.16041666666666668 0.34375 0.15833333333333333
0 0.2708333333333333 0.12083333333333333 0.25416666666666665 0.12916666666666668 0.25 0.1375 0.24791666666666667 0.14791666666666667 0.24583333333333332 0.15833333333333333 0.24583333333333332 0.1625 0.24791666666666667 0.16666666666666666 0.2520833333333333 0.17083333333333334 0.2708333333333333 0.18333333333333332 0.2833333333333333 0.18333333333333332 0.29375 0.175 0.30416666666666664 0.16458333333333333 0.30625 0.15833333333333333 0.30833333333333335 0.15 0.30833333333333335 0.14583333333333334 0.30625 0.14166666666666666 0.3020833333333333 0.13541666666666666 0.29791666666666666 0.13125 0.2916666666666667 0.125 0.2833333333333333 0.12291666666666666 0.275 0.12083333333333333
0 0.20416666666666666 0.1125 0.19791666666666666 0.11458333333333333 0.19166666666666668 0.11666666666666667 0.18541666666666667 0.11875 0.17708333333333334 0.12291666666666666 0.17291666666666666 0.12708333333333333 0.16666666666666666 0.12916666666666668 0.1625 0.13333333333333333 0.15833333333333333 0.13958333333333334 0.15416666666666667 0.14583333333333334 0.15208333333333332 0.15 0.15 0.17291666666666666 0.15 0.19791666666666666 0.1625 0.21666666666666667 0.16666666666666666 0.22083333333333333 0.17291666666666666 0.22291666666666668 0.17708333333333334 0.22708333333333333 0.18125 0.22916666666666666 0.19166666666666668 0.23125 0.2 0.23125 0.20833333333333334 0.22916666666666666 0.21041666666666667 0.22708333333333333 0.21666666666666667 0.22708333333333333 0.21666666666666667 0.21666666666666667 0.21875 0.20833333333333334 0.225 0.19583333333333333 0.22916666666666666 0.19166666666666668 0.23125 0.18541666666666667 0.23541666666666666 0.18125 0.24166666666666667 0.17916666666666667 0.24375 0.175 0.24583333333333332 0.15208333333333332 0.24583333333333332 0.13125 0.24166666666666667 0.12708333333333333 0.23125 0.11875 0.225 0.11458333333333333 0.21458333333333332 0.1125
0 0.25 0.18125 0.23333333333333334 0.18541666666666667 0.23125 0.19166666666666668 0.22708333333333333 0.19583333333333333 0.22083333333333333 0.20833333333333334 0.21875 0.21666666666666667 0.21875 0.22708333333333333 0.22083333333333333 0.23125 0.225 0.23541666666666666 0.23333333333333334 0.24166666666666667 0.24166666666666667 0.24791666666666667 0.24791666666666667 0.2520833333333333 0.26458333333333334 0.2520833333333333 0.27708333333333335 0.24583333333333332 0.2833333333333333 0.23958333333333334 0.28958333333333336 0.23125 0.2916666666666667 0.22708333333333333 0.2916666666666667 0.21041666666666667 0.2875 0.20416666666666666 0.2875 0.2 0.26458333333333334 0.18125
0 0.6 0.7020833333333333 0.5958333333333333 0.7041666666666667 0.5895833333333333 0.7083333333333334 0.58125 0.7145833333333333 0.575 0.71875 0.56875 0.7229166666666667 0.5645833333333333 0.7375 0.5645833333333333 0.7520833333333333 0.56875 0.7604166666666666 0.5854166666666667 0.7770833333333333 0.5958333333333333 0.7791666666666667 0.6125 0.78125 0.61875 0.78125 0.63125 0.775 0.6354166666666666 0.7708333333333334 0.6416666666666667 0.76875 0.6458333333333334 0.7645833333333333 0.65 0.75625 0.6520833333333333 0.7458333333333333 0.6520833333333333 0.7375 0.6479166666666667 0.7291666666666666 0.64375 0.7229166666666667 0.6395833333333333 0.71875 0.61875 0.7020833333333333
0 0.5645833333333333 0.6270833333333333 0.5479166666666667 0.6291666666666667 0.5375 0.63125 0.53125 0.6354166666666666 0.5208333333333334 0.64375 0.5145833333333333 0.65 0.5104166666666666 0.6583333333333333 0.5104166666666666 0.6833333333333333 0.5125 0.6895833333333333 0.5166666666666667 0.6979166666666666 0.5208333333333334 0.7020833333333333 0.5333333333333333 0.7125 0.5395833333333333 0.7166666666666667 0.55625 0.71875 0.56875 0.71875 0.5729166666666666 0.7166666666666667 0.58125 0.7104166666666667 0.5875 0.70625 0.59375 0.7020833333333333 0.6 0.6958333333333333 0.60625 0.6895833333333333 0.6083333333333333 0.68125 0.6083333333333333 0.6708333333333333 0.60625 0.6604166666666667 0.5958333333333333 0.6395833333333333 0.5916666666666667 0.6354166666666666 0.575 0.6270833333333333
0 0.5041666666666667 0.5541666666666667 0.4875 0.5625 0.475 0.5729166666666666 0.46458333333333335 0.5833333333333334 0.4666666666666667 0.6145833333333334 0.47291666666666665 0.61875 0.48125 0.625 0.48541666666666666 0.6270833333333333 0.49166666666666664 0.6270833333333333 0.5083333333333333 0.625 0.5229166666666667 0.6229166666666667 0.53125 0.6208333333333333 0.54375 0.6083333333333333 0.55625 0.59375 0.5583333333333333 0.5854166666666667 0.5583333333333333 0.5770833333333333 0.55625 0.56875 0.5541666666666667 0.5645833333333333 0.5479166666666667 0.5625 0.5416666666666666 0.5583333333333333 0.5375 0.5583333333333333 0.53125 0.5541666666666667
0 0.3645833333333333 0.30833333333333335 0.36041666666666666 0.3104166666666667 0.35625 0.3145833333333333 0.35 0.31666666666666665 0.34791666666666665 0.33541666666666664 0.35208333333333336 0.3416666666666667 0.35833333333333334 0.34791666666666665 0.36666666666666664 0.35208333333333336 0.38125 0.35208333333333336 0.3854166666666667 0.35 0.38958333333333334 0.3458333333333333 0.39166666666666666 0.33958333333333335 0.39375 0.32916666666666666 0.39375 0.325 0.39166666666666666 0.32083333333333336 0.3854166666666667 0.3125 0.3729166666666667 0.30833333333333335
0 0.5479166666666667 0.2 0.5416666666666666 0.20416666666666666 0.5354166666666667 0.21041666666666667 0.53125 0.21875 0.53125 0.23333333333333334 0.5354166666666667 0.23958333333333334 0.5458333333333333 0.2520833333333333 0.55 0.25625 0.56875 0.25416666666666665 0.575 0.24166666666666667 0.575 0.22708333333333333 0.575 0.20833333333333334 0.5708333333333333 0.20416666666666666 0.5666666666666667 0.20208333333333334 0.55625 0.2
0 0.9270833333333334 0.85625 0.8916666666666667 0.88125 0.8916666666666667 0.8854166666666666 0.8875 0.8916666666666667 0.8854166666666666 0.8979166666666667 0.8854166666666666 0.9020833333333333 0.88125 0.9083333333333333 0.88125 0.9145833333333333 0.8833333333333333 0.9229166666666667 0.8854166666666666 0.9291666666666667 0.8895833333333333 0.9354166666666667 0.89375 0.9395833333333333 0.9104166666666667 0.9479166666666666 0.9395833333333333 0.9479166666666666 0.9458333333333333 0.94375 0.95 0.94375 0.9625 0.9375 0.96875 0.9333333333333333 0.975 0.9270833333333334 0.9791666666666666 0.91875 0.98125 0.9125 0.98125 0.8916666666666667 0.9791666666666666 0.8854166666666666 0.975 0.8770833333333333 0.9666666666666667 0.86875 0.9583333333333334 0.8625 0.9458333333333333 0.85625
0 0.8333333333333334 0.8770833333333333 0.81875 0.8916666666666667 0.8166666666666667 0.8979166666666667 0.8145833333333333 0.9104166666666667 0.8166666666666667 0.9166666666666666 0.8229166666666666 0.9208333333333333 0.8291666666666667 0.925 0.8333333333333334 0.9270833333333334 0.85 0.9270833333333334 0.8541666666666666 0.925 0.8583333333333333 0.9208333333333333 0.8645833333333334 0.9145833333333333 0.8666666666666667 0.9083333333333333 0.8666666666666667 0.9041666666666667 0.8666666666666667 0.8979166666666667 0.8645833333333334 0.8916666666666667 0.8604166666666667 0.8875 0.8583333333333333 0.88125 0.84375 0.8770833333333333
0 0.8458333333333333 0.56875 0.8354166666666667 0.5770833333333333 0.8291666666666667 0.5833333333333334 0.8270833333333333 0.59375 0.8270833333333333 0.6020833333333333 0.8291666666666667 0.60625 0.8354166666666667 0.6145833333333334 0.8395833333333333 0.61875 0.8479166666666667 0.6229166666666667 0.85625 0.6229166666666667 0.8645833333333334 0.6208333333333333 0.86875 0.6166666666666667 0.875 0.6083333333333333 0.8791666666666667 0.6020833333333333 0.8791666666666667 0.5833333333333334 0.8729166666666667 0.575 0.86875 0.5708333333333333 0.85625 0.56875
0 0.8604166666666667 0.6583333333333333 0.8520833333333333 0.6604166666666667 0.8479166666666667 0.6625 0.8375 0.6729166666666667 0.8354166666666667 0.6833333333333333 0.8354166666666667 0.6916666666666667 0.8395833333333333 0.7 0.84375 0.7041666666666667 0.85 0.7104166666666667 0.8541666666666666 0.7104166666666667 0.8604166666666667 0.7145833333333333 0.8666666666666667 0.7166666666666667 0.8708333333333333 0.7166666666666667 0.8770833333333333 0.7145833333333333 0.8833333333333333 0.7125 0.8979166666666667 0.6916666666666667 0.8979166666666667 0.6875 0.875 0.6625 0.8708333333333333 0.6625 0.8645833333333334 0.6583333333333333
0 0.725 0.8583333333333333 0.7020833333333333 0.86875 0.6979166666666666 0.8729166666666667 0.6895833333333333 0.8895833333333333 0.6895833333333333 0.9104166666666667 0.6958333333333333 0.9229166666666667 0.7104166666666667 0.9375 0.7208333333333333 0.9395833333333333 0.7375 0.9416666666666667 0.74375 0.9416666666666667 0.7479166666666667 0.9395833333333333 0.7541666666666667 0.9354166666666667 0.7604166666666666 0.93125 0.7666666666666667 0.9270833333333334 0.7708333333333334 0.9229166666666667 0.7729166666666667 0.91875 0.7729166666666667 0.89375 0.76875 0.8875 0.7604166666666666 0.8770833333333333 0.7541666666666667 0.86875 0.75 0.8645833333333334 0.7458333333333333 0.8625 0.7416666666666667 0.8625 0.7354166666666667 0.8583333333333333 0.73125 0.8583333333333333
0 0.6479166666666667 0.9270833333333334 0.6416666666666667 0.93125 0.63125 0.9395833333333333 0.6270833333333333 0.94375 0.6270833333333333 0.9479166666666666 0.6291666666666667 0.9604166666666667 0.6291666666666667 0.96875 0.6395833333333333 0.98125 0.64375 0.9854166666666667 0.6520833333333333 0.9895833333333334 0.6625 0.9895833333333334 0.675 0.9854166666666667 0.68125 0.9770833333333333 0.6854166666666667 0.9708333333333333 0.6875 0.9666666666666667 0.6875 0.9625 0.6854166666666667 0.95 0.68125 0.9395833333333333 0.6729166666666667 0.9333333333333333 0.6666666666666666 0.9291666666666667 0.6625 0.9270833333333334
0 0.5854166666666667 0.9354166666666667 0.58125 0.9395833333333333 0.5708333333333333 0.9541666666666667 0.5729166666666666 0.96875 0.5791666666666667 0.9729166666666667 0.58125 0.98125 0.5854166666666667 0.9833333333333333 0.5979166666666667 0.9854166666666667 0.6041666666666666 0.9854166666666667 0.6125 0.98125 0.6166666666666667 0.9770833333333333 0.6229166666666667 0.975 0.6270833333333333 0.9604166666666667 0.6270833333333333 0.95 0.625 0.9458333333333333 0.6208333333333333 0.9416666666666667 0.6083333333333333 0.9354166666666667
0 0.54375 0.95625 0.5333333333333333 0.9583333333333334 0.5208333333333334 0.9708333333333333 0.5166666666666667 0.9791666666666666 0.5145833333333333 0.9854166666666667 0.5145833333333333 0.9916666666666667 0.5166666666666667 0.9979166666666667 0.5791666666666667 0.9958333333333333 0.58125 0.9916666666666667 0.58125 0.9854166666666667 0.5791666666666667 0.9770833333333333 0.5729166666666666 0.9708333333333333 0.56875 0.9666666666666667 0.5625 0.9625 0.55625 0.9583333333333334 0.5520833333333334 0.95625
0 0.6 0.8020833333333334 0.59375 0.80625 0.5895833333333333 0.80625 0.5854166666666667 0.8083333333333333 0.5770833333333333 0.8166666666666667 0.5729166666666666 0.825 0.5729166666666666 0.8291666666666667 0.56875 0.8354166666666667 0.56875 0.8541666666666666 0.5729166666666666 0.8604166666666667 0.5729166666666666 0.8645833333333334 0.5770833333333333 0.8729166666666667 0.5854166666666667 0.8833333333333333 0.59375 0.8916666666666667 0.6020833333333333 0.8958333333333334 0.625 0.8958333333333334 0.6291666666666667 0.89375 0.6375 0.8875 0.6458333333333334 0.88125 0.65 0.8770833333333333 0.6541666666666667 0.86875 0.65625 0.8625 0.65625 0.8375 0.6520833333333333 0.8291666666666667 0.6479166666666667 0.825 0.6458333333333334 0.81875 0.6395833333333333 0.8125 0.6333333333333333 0.8083333333333333 0.6270833333333333 0.80625 0.6166666666666667 0.8041666666666667 0.60625 0.8020833333333334
0 0.21875 0.39791666666666664 0.2125 0.4 0.20625 0.4041666666666667 0.20208333333333334 0.4041666666666667 0.19583333333333333 0.40625 0.18541666666666667 0.41875 0.18541666666666667 0.44375 0.1875 0.45 0.19166666666666668 0.4583333333333333 0.20416666666666666 0.4708333333333333 0.20833333333333334 0.47291666666666665 0.21458333333333332 0.475 0.22083333333333333 0.47708333333333336 0.22708333333333333 0.4791666666666667 0.23333333333333334 0.48125 0.24375 0.48125 0.25416666666666665 0.4791666666666667 0.25833333333333336 0.47708333333333336 0.26458333333333334 0.4708333333333333 0.27291666666666664 0.45416666666666666 0.27291666666666664 0.4270833333333333 0.26458333333333334 0.41041666666666665 0.2604166666666667 0.40625 0.24375 0.39791666666666664
0 0.1625 0.46458333333333335 0.15416666666666667 0.46875 0.15 0.47291666666666665 0.1375 0.48541666666666666 0.13541666666666666 0.49166666666666664 0.13541666666666666 0.5125 0.1375 0.51875 0.13958333333333334 0.5229166666666667 0.15 0.5333333333333333 0.15625 0.5354166666666667 0.16666666666666666 0.5375 0.17708333333333334 0.5395833333333333 0.18125 0.5395833333333333 0.18541666666666667 0.5375 0.19375 0.53125 0.20208333333333334 0.525 0.20625 0.5166666666666667 0.20833333333333334 0.50625 0.20833333333333334 0.5 0.20625 0.49375 0.20208333333333334 0.4875 0.20208333333333334 0.48333333333333334 0.2 0.4791666666666667 0.19375 0.47291666666666665 0.18541666666666667 0.4666666666666667 0.17291666666666666 0.46458333333333335
0 0.022916666666666665 0.38958333333333334 0.01875 0.39166666666666666 0.010416666666666666 0.39791666666666664 0.0020833333333333333 0.4041666666666667 0.0020833333333333333 0.4625 0.010416666666666666 0.46875 0.016666666666666666 0.47291666666666665 0.03125 0.47291666666666665 0.05 0.46875 0.052083333333333336 0.4625 0.05625 0.4583333333333333 0.0625 0.44583333333333336 0.0625 0.41875 0.06041666666666667 0.41458333333333336 0.05625 0.4083333333333333 0.052083333333333336 0.40208333333333335 0.04791666666666667 0.3958333333333333 0.03958333333333333 0.39166666666666666 0.027083333333333334 0.38958333333333334
0 0.10208333333333333 0.21666666666666667 0.08541666666666667 0.225 0.08125 0.22916666666666666 0.07708333333333334 0.2375 0.07708333333333334 0.25833333333333336 0.07916666666666666 0.2625 0.08333333333333333 0.26875 0.08958333333333333 0.27708333333333335 0.1 0.28125 0.1125 0.2833333333333333 0.11875 0.2833333333333333 0.12291666666666666 0.28125 0.12708333333333333 0.27708333333333335 0.13333333333333333 0.275 0.13958333333333334 0.2708333333333333 0.14375 0.2604166666666667 0.14583333333333334 0.24791666666666667 0.14583333333333334 0.24166666666666667 0.12291666666666666 0.21666666666666667
0 0.14583333333333334 0.36666666666666664 0.13125 0.36875 0.12916666666666668 0.3729166666666667 0.12916666666666668 0.3770833333333333 0.12708333333333333 0.38333333333333336 0.12291666666666666 0.38958333333333334 0.12083333333333333 0.3958333333333333 0.11875 0.4 0.12083333333333333 0.40625 0.125 0.4125 0.125 0.4166666666666667 0.12708333333333333 0.42083333333333334 0.12916666666666668 0.425 0.13541666666666666 0.4270833333333333 0.14583333333333334 0.43333333333333335 0.15208333333333332 0.43333333333333335 0.16458333333333333 0.43125 0.17291666666666666 0.42916666666666664 0.17916666666666667 0.42291666666666666 0.18333333333333332 0.4166666666666667 0.18541666666666667 0.40625 0.18541666666666667 0.3958333333333333 0.18125 0.3875 0.17708333333333334 0.38125 0.17291666666666666 0.3770833333333333 0.16666666666666666 0.3729166666666667 0.16041666666666668 0.36875 0.15625 0.36666666666666664
0 0.21041666666666667 0.32083333333333336 0.19791666666666666 0.3229166666666667 0.17916666666666667 0.33541666666666664 0.17291666666666666 0.3416666666666667 0.17083333333333334 0.3458333333333333 0.17083333333333334 0.36875 0.17291666666666666 0.3729166666666667 0.17916666666666667 0.38125 0.18541666666666667 0.38958333333333334 0.18958333333333333 0.39375 0.20625 0.3958333333333333 0.22291666666666668 0.3958333333333333 0.2520833333333333 0.37083333333333335 0.2520833333333333 0.3458333333333333 0.25 0.3416666666666667 0.24583333333333332 0.33541666666666664 0.24166666666666667 0.33125 0.22083333333333333 0.32083333333333336
0 0.3 0.31666666666666665 0.2875 0.3229166666666667 0.275 0.33541666666666664 0.27291666666666664 0.33958333333333335 0.27291666666666664 0.34375 0.26875 0.35 0.26666666666666666 0.35625 0.26666666666666666 0.38333333333333336 0.27708333333333335 0.4041666666666667 0.28125 0.4083333333333333 0.28958333333333336 0.4125 0.3020833333333333 0.41458333333333336 0.3104166666666667 0.41458333333333336 0.34791666666666665 0.37916666666666665 0.35 0.36666666666666664 0.35 0.35833333333333334 0.3375 0.3333333333333333 0.3333333333333333 0.32916666666666666 0.32708333333333334 0.325 0.32083333333333336 0.32083333333333336 0.31666666666666665 0.31875 0.30833333333333335 0.31666666666666665
0 0.31666666666666665 0.43333333333333335 0.30833333333333335 0.4375 0.30416666666666664 0.44166666666666665 0.29375 0.44583333333333336 0.28958333333333336 0.45 0.28541666666666665 0.45625 0.28125 0.4625 0.2791666666666667 0.4666666666666667 0.2791666666666667 0.4708333333333333 0.28125 0.48125 0.2833333333333333 0.4875 0.2875 0.4895833333333333 0.30416666666666664 0.4979166666666667 0.3104166666666667 0.4979166666666667 0.32083333333333336 0.49583333333333335 0.32916666666666666 0.49375 0.33541666666666664 0.49166666666666664 0.3458333333333333 0.48125 0.34791666666666665 0.47291666666666665 0.35 0.46041666666666664 0.35 0.45416666666666666 0.3458333333333333 0.4479166666666667 0.33958333333333335 0.4395833333333333 0.33541666666666664 0.4354166666666667 0.325 0.43333333333333335
0 0.010416666666666666 0.14166666666666666 0.0020833333333333333 0.15 0 0.15416666666666667 0 0.23958333333333334 0.00625 0.24375 0.027083333333333334 0.24375 0.03333333333333333 0.24166666666666667 0.041666666666666664 0.2375 0.05416666666666667 0.225 0.06666666666666667 0.21041666666666667 0.06666666666666667 0.1625 0.05625 0.15 0.04791666666666667 0.14166666666666666
0 0.6958333333333333 0.36666666666666664 0.6833333333333333 0.37916666666666665 0.6833333333333333 0.39791666666666664 0.6895833333333333 0.40625 0.6979166666666666 0.41458333333333336 0.7083333333333334 0.4166666666666667 0.7145833333333333 0.4166666666666667 0.7208333333333333 0.4125 0.7291666666666666 0.40625 0.7333333333333333 0.40208333333333335 0.7354166666666667 0.39375 0.7354166666666667 0.3875 0.7145833333333333 0.36666666666666664
0 0.45208333333333334 0.21875 0.44583333333333336 0.22083333333333333 0.44166666666666665 0.22291666666666668 0.4375 0.22708333333333333 0.43125 0.23541666666666666 0.42916666666666664 0.23958333333333334 0.42916666666666664 0.24375 0.43125 0.2520833333333333 0.43333333333333335 0.2604166666666667 0.4375 0.26875 0.44583333333333336 0.275 0.45416666666666666 0.28125 0.4583333333333333 0.2833333333333333 0.47708333333333336 0.2833333333333333 0.4895833333333333 0.27708333333333335 0.5 0.26875 0.5104166666666666 0.25833333333333336 0.5125 0.25416666666666665 0.5145833333333333 0.24791666666666667 0.5145833333333333 0.24166666666666667 0.5125 0.23333333333333334 0.5083333333333333 0.225 0.49583333333333335 0.21875
0 0.6041666666666666 0.5583333333333333 0.5958333333333333 0.5625 0.5895833333333333 0.56875 0.5854166666666667 0.575 0.5833333333333334 0.5833333333333334 0.58125 0.6 0.58125 0.6083333333333333 0.5958333333333333 0.6291666666666667 0.6020833333333333 0.63125 0.6104166666666667 0.6333333333333333 0.6166666666666667 0.6354166666666666 0.6208333333333333 0.6354166666666666 0.6458333333333334 0.6229166666666667 0.65 0.61875 0.65625 0.60625 0.65625 0.5833333333333334 0.6354166666666666 0.5625 0.6270833333333333 0.5604166666666667 0.6125 0.5583333333333333
0 0.5041666666666667 0.26666666666666666 0.4979166666666667 0.2708333333333333 0.4895833333333333 0.2791666666666667 0.48125 0.2833333333333333 0.475 0.28541666666666665 0.47291666666666665 0.28958333333333336 0.47291666666666665 0.29375 0.48541666666666666 0.31875 0.4895833333333333 0.3229166666666667 0.5020833333333333 0.32916666666666666 0.5166666666666667 0.32916666666666666 0.5229166666666667 0.325 0.5291666666666667 0.3229166666666667 0.53125 0.31666666666666665 0.5395833333333333 0.3020833333333333 0.5395833333333333 0.29791666666666666 0.5375 0.28958333333333336 0.5354166666666667 0.28541666666666665 0.5208333333333334 0.2708333333333333 0.5166666666666667 0.26875 0.5083333333333333 0.26666666666666666
0 0.5520833333333334 0.5104166666666666 0.5458333333333333 0.5166666666666667 0.5416666666666666 0.5229166666666667 0.5416666666666666 0.5395833333333333 0.55 0.5479166666666667 0.575 0.5479166666666667 0.5791666666666667 0.54375 0.58125 0.5395833333333333 0.58125 0.53125 0.5791666666666667 0.5229166666666667 0.5666666666666667 0.5104166666666666
0 0.275 0 0.27291666666666664 0.004166666666666667 0.27291666666666664 0.008333333333333333 0.275 0.0125 0.2791666666666667 0.01875 0.28541666666666665 0.027083333333333334 0.28958333333333336 0.03125 0.30416666666666664 0.041666666666666664 0.3125 0.041666666666666664 0.31875 0.03958333333333333 0.325 0.035416666666666666 0.33541666666666664 0.027083333333333334 0.33958333333333335 0.022916666666666665 0.3458333333333333 0.010416666666666666 0.3458333333333333 0.004166666666666667 0.34375 0
0 0.225 0 0.22916666666666666 0.0020833333333333333 0.23333333333333334 0.00625 0.2375 0.008333333333333333 0.26458333333333334 0.00625 0.26875 0
0 0.48333333333333334 0 0.48333333333333334 0.010416666666666666 0.4875 0.020833333333333332 0.5041666666666667 0.029166666666666667 0.5083333333333333 0.029166666666666667 0.51875 0.027083333333333334 0.5270833333333333 0.022916666666666665 0.53125 0.016666666666666666 0.5354166666666667 0.010416666666666666 0.5375 0.00625 0.5375 0
0 0.41458333333333336 0.0020833333333333333 0.41458333333333336 0.008333333333333333 0.41458333333333336 0.014583333333333334 0.4166666666666667 0.020833333333333332 0.42083333333333334 0.025 0.42916666666666664 0.035416666666666666 0.4375 0.0375 0.44375 0.0375 0.45 0.0375 0.47291666666666665 0.022916666666666665 0.47291666666666665 0.01875 0.47708333333333336 0.0125 0.4791666666666667 0.00625 0.47708333333333336 0
0 0.6229166666666667 0.027083333333333334 0.60625 0.029166666666666667 0.6020833333333333 0.03125 0.59375 0.0375 0.5854166666666667 0.04375 0.58125 0.04791666666666667 0.575 0.06041666666666667 0.5729166666666666 0.075 0.5729166666666666 0.09166666666666666 0.575 0.1 0.5770833333333333 0.10416666666666667 0.5854166666666667 0.10625 0.5895833333333333 0.10833333333333334 0.5958333333333333 0.11458333333333333 0.6041666666666666 0.12083333333333333 0.6229166666666667 0.12083333333333333 0.6291666666666667 0.11875 0.6354166666666666 0.11666666666666667 0.6416666666666667 0.1125 0.6458333333333334 0.1125 0.65 0.11041666666666666 0.6625 0.09791666666666667 0.6666666666666666 0.08958333333333333 0.6666666666666666 0.058333333333333334 0.6645833333333333 0.052083333333333336 0.6604166666666667 0.04375 0.6479166666666667 0.03125 0.64375 0.029166666666666667 0.6375 0.027083333333333334
0 0.5708333333333333 0.10833333333333334 0.5520833333333334 0.12708333333333333 0.5520833333333334 0.13958333333333334 0.55625 0.14791666666666667 0.5604166666666667 0.15208333333333332 0.56875 0.1625 0.5729166666666666 0.1625 0.5791666666666667 0.16666666666666666 0.5833333333333334 0.16666666666666666 0.5875 0.16875 0.60625 0.15 0.6083333333333333 0.1375 0.60625 0.12291666666666666 0.5979166666666667 0.11666666666666667 0.5895833333333333 0.11041666666666666 0.5854166666666667 0.10833333333333334
0 0.6145833333333334 0.16458333333333333 0.6125 0.16875 0.6104166666666667 0.17291666666666666 0.5895833333333333 0.18541666666666667 0.5854166666666667 0.18958333333333333 0.575 0.21041666666666667 0.575 0.225 0.5791666666666667 0.23958333333333334 0.5875 0.24583333333333332 0.5958333333333333 0.2520833333333333 0.6 0.25416666666666665 0.6229166666666667 0.25416666666666665 0.6291666666666667 0.25 0.6333333333333333 0.25 0.6395833333333333 0.24791666666666667 0.6520833333333333 0.24166666666666667 0.6604166666666667 0.23541666666666666 0.6645833333333333 0.23125 0.6708333333333333 0.21875 0.6708333333333333 0.2 0.66875 0.19375 0.6645833333333333 0.18541666666666667 0.6604166666666667 0.18125 0.6520833333333333 0.175 0.64375 0.16875 0.6375 0.16458333333333333
0 0.6958333333333333 0.2125 0.6770833333333334 0.225 0.6708333333333333 0.23125 0.6666666666666666 0.2375 0.6645833333333333 0.24166666666666667 0.6625 0.25 0.6625 0.25833333333333336 0.66875 0.2708333333333333 0.6833333333333333 0.28541666666666665 0.7 0.29375 0.7145833333333333 0.29583333333333334 0.7270833333333333 0.29583333333333334 0.7354166666666667 0.2916666666666667 0.7416666666666667 0.2875 0.7458333333333333 0.2833333333333333 0.7520833333333333 0.28125 0.75625 0.27291666666666664 0.7583333333333333 0.2625 0.7583333333333333 0.25833333333333336 0.75625 0.25416666666666665 0.75 0.24583333333333332 0.74375 0.2375 0.7375 0.22916666666666666 0.73125 0.22083333333333333 0.7270833333333333 0.21666666666666667 0.71875 0.21458333333333332 0.7041666666666667 0.2125
0 0.7625 0.28541666666666665 0.7479166666666667 0.29791666666666666 0.74375 0.3020833333333333 0.7395833333333334 0.3104166666666667 0.7395833333333334 0.325 0.7416666666666667 0.32916666666666666 0.7458333333333333 0.33541666666666664 0.7520833333333333 0.3416666666666667 0.7583333333333333 0.34791666666666665 0.7666666666666667 0.35 0.7729166666666667 0.35 0.78125 0.35 0.7895833333333333 0.34375 0.79375 0.33958333333333335 0.7958333333333333 0.33125 0.7979166666666667 0.31666666666666665 0.7979166666666667 0.3104166666666667 0.7958333333333333 0.30625 0.7916666666666666 0.3 0.7875 0.29583333333333334 0.7770833333333333 0.2875 0.7729166666666667 0.2875 0.76875 0.28541666666666665
0 0.8854166666666666 0.3104166666666667 0.8729166666666667 0.3125 0.8645833333333334 0.3145833333333333 0.8604166666666667 0.31875 0.8541666666666666 0.32708333333333334 0.85 0.3333333333333333 0.8479166666666667 0.3416666666666667 0.8479166666666667 0.35 0.85 0.3541666666666667 0.85625 0.3625 0.8604166666666667 0.36875 0.8666666666666667 0.3770833333333333 0.8729166666666667 0.3854166666666667 0.8770833333333333 0.38958333333333334 0.88125 0.39166666666666666 0.8854166666666666 0.38958333333333334 0.8958333333333334 0.39375 0.90625 0.39375 0.9229166666666667 0.3854166666666667 0.9270833333333334 0.38125 0.9354166666666667 0.37083333333333335 0.9395833333333333 0.3645833333333333 0.9395833333333333 0.35833333333333334 0.9375 0.3416666666666667 0.9354166666666667 0.3333333333333333 0.93125 0.32916666666666666 0.9229166666666667 0.3229166666666667 0.9145833333333333 0.31666666666666665 0.9104166666666667 0.3145833333333333 0.9041666666666667 0.3125 0.89375 0.3104166666666667
0 0.9708333333333333 0.035416666666666666 0.9645833333333333 0.03958333333333333 0.9604166666666667 0.04375 0.95625 0.052083333333333336 0.95625 0.05625 0.9520833333333333 0.0625 0.9520833333333333 0.06875 0.9541666666666667 0.07708333333333334 0.95625 0.08333333333333333 0.9604166666666667 0.08333333333333333 0.9645833333333333 0.07916666666666666 0.9895833333333334 0.06666666666666667 0.9979166666666667 0.06666666666666667 0.9979166666666667 0.04791666666666667 0.9916666666666667 0.041666666666666664 0.9833333333333333 0.035416666666666666
0 0.9875 0.175 0.975 0.17708333333333334 0.96875 0.18333333333333332 0.9645833333333333 0.18958333333333333 0.9645833333333333 0.21041666666666667 0.9770833333333333 0.22916666666666666 0.98125 0.23333333333333334 0.9875 0.2375 0.99375 0.24166666666666667 0.9979166666666667 0.24375 0.9979166666666667 0.175
0 0.9979166666666667 0.25833333333333336 0.9979166666666667 0.2625 0.9958333333333333 0.26875 0.99375 0.275 0.9916666666666667 0.27708333333333335 0.9916666666666667 0.28125 0.99375 0.2875 0.9958333333333333 0.29583333333333334 0.9979166666666667 0.29791666666666666 0.9979166666666667 0.3020833333333333
0 0.9895833333333334 0.06875 0.9645833333333333 0.08125 0.9604166666666667 0.08541666666666667 0.9583333333333334 0.09166666666666666 0.9541666666666667 0.09583333333333334 0.95 0.10208333333333333 0.9458333333333333 0.11041666666666666 0.9458333333333333 0.13333333333333333 0.9520833333333333 0.14583333333333334 0.9625 0.15625 0.975 0.16666666666666666 0.9854166666666667 0.16666666666666666 0.9979166666666667 0.16458333333333333 0.9979166666666667 0.06875
0 0.8625 0.41875 0.8625 0.42291666666666666 0.86875 0.42916666666666664 0.875 0.4354166666666667 0.8791666666666667 0.4375 0.8854166666666666 0.4375 0.8958333333333334 0.43333333333333335 0.8979166666666667 0.4270833333333333 0.9041666666666667 0.42083333333333334 0.9083333333333333 0.41458333333333336 0.90625 0.41041666666666665 0.89375 0.39375 0.8875 0.39375
0 0.45625 0.29583333333333334 0.45 0.29583333333333334 0.44375 0.29791666666666666 0.4395833333333333 0.3020833333333333 0.43333333333333335 0.3104166666666667 0.43125 0.3145833333333333 0.43125 0.31875 0.43333333333333335 0.32708333333333334 0.4375 0.33541666666666664 0.44583333333333336 0.3416666666666667 0.45 0.34375 0.4625 0.3416666666666667 0.46875 0.3333333333333333 0.475 0.325 0.47708333333333336 0.32083333333333336 0.47708333333333336 0.3145833333333333 0.475 0.30625 0.46875 0.3 0.46041666666666664 0.29375
0 0.94375 0.40208333333333335 0.9270833333333334 0.4041666666666667 0.9166666666666666 0.40625 0.9125 0.41041666666666665 0.90625 0.41875 0.9 0.4270833333333333 0.8979166666666667 0.43125 0.8979166666666667 0.4479166666666667 0.9 0.46458333333333335 0.9083333333333333 0.475 0.91875 0.48541666666666666 0.925 0.4875 0.9354166666666667 0.4895833333333333 0.9458333333333333 0.49166666666666664 0.95 0.49166666666666664 0.9541666666666667 0.4895833333333333 0.9625 0.48333333333333334 0.9708333333333333 0.47708333333333336 0.9791666666666666 0.4708333333333333 0.9833333333333333 0.45208333333333334 0.9833333333333333 0.4354166666666667 0.98125 0.42916666666666664 0.9770833333333333 0.42083333333333334 0.9708333333333333 0.4125 0.9666666666666667 0.4083333333333333 0.9541666666666667 0.40208333333333335
0 0.9770833333333333 0.475 0.96875 0.48125 0.95625 0.49166666666666664 0.9520833333333333 0.49583333333333335 0.95 0.5020833333333333 0.95 0.5083333333333333 0.9520833333333333 0.5125 0.95625 0.5166666666666667 0.9583333333333334 0.5229166666666667 0.9625 0.5291666666666667 0.9729166666666667 0.5333333333333333 0.9854166666666667 0.5354166666666667 0.9916666666666667 0.5354166666666667 0.9979166666666667 0.5291666666666667 0.9979166666666667 0.48125 0.99375 0.47708333333333336 0.9854166666666667 0.475
0 0.15833333333333333 0.63125 0.15 0.6333333333333333 0.14166666666666666 0.6354166666666666 0.13541666666666666 0.6375 0.12083333333333333 0.6520833333333333 0.10833333333333334 0.6666666666666666 0.10625 0.6708333333333333 0.10416666666666667 0.6770833333333334 0.10208333333333333 0.6833333333333333 0.1 0.6895833333333333 0.1 0.7 0.10208333333333333 0.7104166666666667 0.11041666666666666 0.7270833333333333 0.11458333333333333 0.73125 0.12083333333333333 0.7333333333333333 0.125 0.7375 0.13541666666666666 0.7416666666666667 0.13958333333333334 0.7458333333333333 0.14791666666666667 0.75 0.17083333333333334 0.75 0.17708333333333334 0.7479166666666667 0.18541666666666667 0.74375 0.19166666666666668 0.7375 0.19375 0.7333333333333333 0.19583333333333333 0.725 0.19791666666666666 0.7166666666666667 0.19791666666666666 0.6666666666666666 0.17916666666666667 0.6375 0.175 0.6375 0.16875 0.6333333333333333 0.1625 0.63125
0 0.14791666666666667 0.5416666666666666 0.13125 0.55 0.125 0.5520833333333334 0.12291666666666666 0.5583333333333333 0.11666666666666667 0.56875 0.10875 0.5804166666666667 0.11270833333333334 0.6070833333333333 0.12291666666666666 0.6208333333333333 0.13958333333333334 0.6291666666666667 0.17083333333333334 0.6291666666666667 0.17708333333333334 0.6270833333333333 0.18333333333333332 0.625 0.18958333333333333 0.61875 0.19375 0.6145833333333334 0.19791666666666666 0.6083333333333333 0.2 0.6041666666666666 0.20208333333333334 0.5958333333333333 0.20208333333333334 0.5875 0.2 0.58125 0.19791666666666666 0.5729166666666666 0.19583333333333333 0.5666666666666667 0.19375 0.5625 0.18125 0.55 0.17708333333333334 0.5479166666666667 0.17083333333333334 0.5458333333333333 0.16458333333333333 0.54375 0.15833333333333333 0.5416666666666666 0.15416666666666667 0.5416666666666666
0 0.425 0.43333333333333335 0.4041666666666667 0.4354166666666667 0.39375 0.4375 0.3729166666666667 0.4583333333333333 0.375 0.4791666666666667 0.38125 0.48333333333333334 0.3875 0.4875 0.39375 0.49166666666666664 0.4 0.49583333333333335 0.40625 0.5 0.4125 0.5041666666666667 0.4166666666666667 0.50625 0.42291666666666666 0.5083333333333333 0.43125 0.5104166666666666 0.4395833333333333 0.5125 0.4479166666666667 0.5125 0.45625 0.5104166666666666 0.47708333333333336 0.4895833333333333 0.4791666666666667 0.48125 0.4791666666666667 0.47291666666666665 0.47291666666666665 0.46041666666666664 0.45625 0.44375 0.4354166666666667 0.43333333333333335
0 0.7041666666666667 0.6375 0.7 0.6375 0.69375 0.6395833333333333 0.6895833333333333 0.6416666666666667 0.6770833333333334 0.6520833333333333 0.65625 0.6708333333333333 0.6479166666666667 0.6791666666666667 0.6458333333333334 0.6833333333333333 0.64375 0.6916666666666667 0.6416666666666667 0.7 0.6416666666666667 0.70625 0.6416666666666667 0.7145833333333333 0.6479166666666667 0.7229166666666667 0.6520833333333333 0.7291666666666666 0.6583333333333333 0.7354166666666667 0.66875 0.74375 0.68125 0.74375 0.69375 0.7416666666666667 0.7083333333333334 0.7291666666666666 0.7229166666666667 0.7145833333333333 0.73125 0.6979166666666666 0.7333333333333333 0.6791666666666667 0.7333333333333333 0.6604166666666667 0.73125 0.6541666666666667 0.7104166666666667 0.6375
0 0.9672708333333334 0.8254374999999999 0.9803333333333334 0.8193333333333332 0.9933958333333333 0.8167291666666666 1 0.818375 1 0.8693333333333333 0.9916458333333333 0.8715625 0.9794583333333333 0.8663333333333333 0.9698958333333334 0.85675 0.9620625 0.8454375
0 0.45731249999999996 0.8437083333333334 0.46950000000000003 0.8384791666666668 0.4825625 0.83675 0.4956041666666666 0.8393541666666666 0.5077916666666666 0.8454375 0.51475 0.8576250000000001 0.517375 0.8706875000000001 0.5130208333333334 0.8837291666666667 0.5051875 0.8950416666666666 0.492125 0.8993958333333333 0.47908333333333336 0.8976666666666666 0.46602083333333333 0.8959166666666667 0.45733333333333337 0.8854791666666666 0.45297916666666665 0.8724166666666666 0.4512291666666667 0.859375
0 0.4129375 0.6766249999999999 0.41989583333333336 0.6653125000000001 0.4294791666666667 0.6557291666666667 0.43904166666666666 0.6461666666666667 0.45210416666666664 0.6409374999999999 0.46514583333333337 0.6383333333333333 0.4782083333333333 0.6426875 0.4877708333333333 0.65225 0.49916666666666665 0.6627083333333333 0.5034375 0.674875 0.5095416666666667 0.6870625 0.5121458333333334 0.700125 0.5095416666666667 0.7131666666666666 0.5051875 0.7262291666666666 0.49822916666666667 0.7375416666666667 0.48691666666666666 0.7453749999999999 0.4747291666666667 0.7505833333333333 0.46166666666666667 0.7523333333333333 0.448625 0.7488541666666666 0.43643750000000003 0.743625 0.426875 0.7340625000000001 0.42164583333333333 0.721875 0.41641666666666666 0.7096874999999999 0.41120833333333334 0.6975
0 0.0726875 0.43556249999999996 0.08572916666666666 0.4346875 0.09879166666666667 0.43556249999999996 0.11183333333333333 0.4381875 0.12402083333333333 0.4433958333333334 0.13360416666666666 0.45297916666666665 0.13881249999999998 0.46514583333333337 0.1405625 0.4782083333333333 0.1414375 0.4912708333333333 0.13795833333333332 0.5043124999999999 0.12925 0.51475 0.1188125 0.5234583333333334 0.106625 0.5295625 0.09356249999999999 0.5338958333333333 0.08052083333333333 0.5312916666666667 0.06745833333333334 0.5269375000000001 0.057895833333333334 0.517375 0.0491875 0.5069166666666667 0.04570833333333334 0.493 0.04658333333333333 0.4799583333333333 0.05354166666666667 0.4686458333333333 0.059625000000000004 0.4564583333333333
0 0.22062500000000002 0.4991041666666666 0.2319375 0.492125 0.24585416666666668 0.4877708333333333 0.2589166666666667 0.4912708333333333 0.2702291666666667 0.4991041666666666 0.2754375 0.5112708333333333 0.27458333333333335 0.5243333333333333 0.26760416666666664 0.5356458333333334 0.25629166666666664 0.5426041666666667 0.24325000000000002 0.5443541666666667 0.2301875 0.540875 0.22062500000000002 0.5312916666666667 0.21366666666666667 0.5199791666666667
0 0.3363541666666666 0.5017083333333333 0.3468125 0.493 0.3589791666666667 0.48691666666666666 0.3720416666666667 0.48516666666666663 0.38510416666666664 0.48864583333333333 0.39814583333333337 0.493 0.40510416666666665 0.5043124999999999 0.40685416666666663 0.517375 0.403375 0.5304166666666666 0.3964166666666667 0.5417291666666666 0.38510416666666664 0.5495625000000001 0.3720416666666667 0.5539166666666666 0.3589791666666667 0.5495625000000001 0.3485416666666667 0.5399999999999999 0.34158333333333335 0.5286875 0.3363541666666666 0.5165
0 0.3702916666666667 0.3859583333333333 0.37464583333333334 0.3729166666666667 0.38510416666666664 0.3642083333333333 0.3990208333333333 0.36595833333333333 0.4103333333333333 0.3729166666666667 0.42252083333333335 0.38160416666666663 0.4312083333333333 0.39291666666666664 0.4320833333333333 0.40597916666666667 0.43295833333333333 0.41904166666666665 0.42512500000000003 0.43035416666666665 0.41381249999999997 0.4373125 0.40075000000000005 0.4399166666666667 0.38858333333333334 0.4346875 0.37727083333333333 0.42512500000000003 0.37116666666666664 0.4129375
0 0.41729166666666667 0.36595833333333333 0.42424999999999996 0.3537708333333333 0.43383333333333335 0.34418750000000004 0.446875 0.34070833333333334 0.4581875 0.3476666666666667 0.4686458333333333 0.356375 0.472125 0.36943750000000003 0.46777083333333336 0.38247916666666665 0.46166666666666667 0.3955416666666667 0.448625 0.3998958333333333 0.43643750000000003 0.39466666666666667 0.42512500000000003 0.38683333333333336
0 0.6948958333333334 0.33549999999999996 0.7079583333333334 0.3363541666666666 0.7157916666666666 0.3476666666666667 0.7149166666666668 0.36072916666666666 0.7036041666666667 0.3685625 0.6914166666666667 0.36333333333333334 0.6844583333333334 0.35202083333333334
0 0.12577083333333333 0.30416666666666664 0.12489583333333334 0.29110416666666666 0.13097916666666667 0.27891666666666665 0.14316666666666666 0.27283333333333337 0.15622916666666667 0.2719583333333333 0.16927083333333334 0.27370833333333333 0.18058333333333335 0.2806666666666667 0.18754166666666666 0.2919791666666667 0.19104166666666667 0.30504166666666666 0.19104166666666667 0.31895833333333334 0.18754166666666666 0.332 0.17710416666666667 0.34070833333333334 0.1640625 0.3450625 0.151 0.3424583333333333 0.13881249999999998 0.3372291666666667 0.13185416666666666 0.3259166666666667
0 0.06833333333333333 0.3450625 0.07704166666666666 0.334625 0.08920833333333333 0.3293958333333334 0.10227083333333334 0.3285208333333333 0.11445833333333333 0.33375 0.12577083333333333 0.3424583333333333 0.13272916666666668 0.3537708333333333 0.13445833333333335 0.3668125 0.13097916666666667 0.379875 0.12489583333333334 0.3920625 0.1170625 0.403375 0.10400000000000001 0.40510416666666665 0.09095833333333332 0.40249999999999997 0.07877083333333333 0.3964166666666667 0.07354166666666666 0.3842291666666667 0.06833333333333333 0.3720416666666667
0 0.0039375 0.3285208333333333 0.013500000000000002 0.31895833333333334 0.0256875 0.31372916666666667 0.03875 0.3172083333333333 0.0474375 0.32766666666666666 0.05614583333333333 0.33810416666666665 0.06222916666666667 0.3502916666666666 0.06572916666666667 0.36333333333333334 0.05875 0.37552083333333336 0.0474375 0.3842291666666667 0.034395833333333334 0.38858333333333334 0.021333333333333333 0.38510416666666664 0.009145833333333332 0.379875 0 0.37283333333333335 0 0.33495833333333336
0 0.008291666666666666 0.3241875 0.019604166666666666 0.31635416666666666 0.028291666666666666 0.30504166666666666 0.03352083333333333 0.29285416666666664 0.03177083333333333 0.2797916666666667 0.0265625 0.26760416666666664 0.019604166666666666 0.25629166666666664 0.008291666666666666 0.24933333333333335 0 0.24989583333333334 0 0.3225208333333333
0 0.0005208333333333333 0.0173125 0.0057708333333333335 0.016604166666666666 0.010666666666666666 0.018708333333333334 0.0138125 0.02325 0.0155625 0.0285 0.016604166666666666 0.034083333333333334 0.0173125 0.03933333333333333 0.017645833333333336 0.04458333333333333 0.018354166666666668 0.049833333333333334 0.018354166666666668 0.05541666666666667 0.017645833333333336 0.06066666666666667 0.015895833333333335 0.06627083333333333 0.011708333333333333 0.06977083333333334 0.006458333333333333 0.07185416666666668 0.0012083333333333332 0.0743125 0 0.0743125 0 0.017666666666666667
0 0.009604166666666667 0.11627083333333334 0.013104166666666667 0.11208333333333333 0.0173125 0.10858333333333332 0.022541666666666668 0.10754166666666666 0.02814583333333333 0.10754166666666666 0.03339583333333333 0.10927083333333334 0.03829166666666666 0.11208333333333333 0.041791666666666664 0.11627083333333334 0.042479166666666665 0.12152083333333333 0.042479166666666665 0.12712500000000002 0.040375 0.13235416666666666 0.03722916666666667 0.13691666666666666 0.0326875 0.13970833333333335 0.0274375 0.14181249999999998 0.021500000000000002 0.1404166666666667 0.01625 0.1383125 0.011354166666666667 0.1355 0.008208333333333333 0.13095833333333334 0.008208333333333333 0.125375