0 0.8041666666666667 0.5625 0.7979166666666667 0.56875 0.7916666666666666 0.5770833333333333 0.7895833333333333 0.58125 0.7875 0.5875 0.7875 0.59375 0.7895833333333333 0.6020833333333333 0.7916666666666666 0.6104166666666667 0.7958333333333333 0.61875 0.8020833333333334 0.6208333333333333 0.80625 0.625 0.8145833333333333 0.6291666666666667 0.825 0.6291666666666667 0.8395833333333333 0.625 0.84375 0.61875 0.8458333333333333 0.6125 0.85 0.6083333333333333 0.8520833333333333 0.6041666666666666 0.8520833333333333 0.5979166666666667 0.85 0.5854166666666667 0.8479166666666667 0.5770833333333333 0.8333333333333334 0.5625
0 0.9666666666666667 0.6104166666666667 0.9479166666666666 0.6125 0.94375 0.6166666666666667 0.9395833333333333 0.6229166666666667 0.9375 0.6291666666666667 0.9375 0.6375 0.9395833333333333 0.64375 0.94375 0.6520833333333333 0.9479166666666666 0.65625 0.9541666666666667 0.6604166666666667 0.9604166666666667 0.6604166666666667 0.9729166666666667 0.6583333333333333 0.98125 0.65625 0.9854166666666667 0.6520833333333333 0.9895833333333334 0.6458333333333334 0.9916666666666667 0.6291666666666667 0.9895833333333334 0.6125 0.9854166666666667 0.6104166666666667
0 0.10208333333333333 0.29791666666666666 0.09583333333333334 0.3 0.09166666666666666 0.3020833333333333 0.09166666666666666 0.30625 0.08958333333333333 0.3145833333333333 0.09375 0.3229166666666667 0.09791666666666667 0.32708333333333334 0.10416666666666667 0.33125 0.11458333333333333 0.33125 0.11875 0.32708333333333334 0.125 0.31875 0.12916666666666668 0.3104166666666667 0.12916666666666668 0.3 0.125 0.3
0 0.9979166666666667 0.6354166666666666 0.9979166666666667 0.6395833333333333 0.9958333333333333 0.6458333333333334 0.99375 0.6479166666666667 0.99375 0.6520833333333333 0.9958333333333333 0.6604166666666667 0.9979166666666667 0.6645833333333333
0 0.9979166666666667 0.5770833333333333 0.9958333333333333 0.58125 0.99375 0.5854166666666667 0.99375 0.60625 0.9958333333333333 0.6104166666666667 0.9979166666666667 0.6145833333333334
0 0.6083333333333333 0.55 0.5833333333333334 0.5625 0.5791666666666667 0.5645833333333333 0.5791666666666667 0.5770833333333333 0.5770833333333333 0.59375 0.5791666666666667 0.5979166666666667 0.5833333333333334 0.6020833333333333 0.5854166666666667 0.6083333333333333 0.5895833333333333 0.6145833333333334 0.59375 0.61875 0.6020833333333333 0.6229166666666667 0.6125 0.625 0.6229166666666667 0.625 0.63125 0.6208333333333333 0.6375 0.6145833333333334 0.64375 0.60625 0.6458333333333334 0.6 0.6479166666666667 0.5875 0.6479166666666667 0.5791666666666667 0.6229166666666667 0.55
0 0.5208333333333334 0.4666666666666667 0.5 0.47708333333333336 0.48541666666666666 0.49166666666666664 0.48333333333333334 0.4979166666666667 0.48125 0.5083333333333333 0.48125 0.5166666666666667 0.48333333333333334 0.525 0.4875 0.5333333333333333 0.49375 0.5416666666666666 0.50625 0.5458333333333333 0.5270833333333333 0.5479166666666667 0.5354166666666667 0.5479166666666667 0.5416666666666666 0.54375 0.55 0.5375 0.5541666666666667 0.5333333333333333 0.55625 0.5291666666666667 0.5583333333333333 0.5208333333333334 0.5604166666666667 0.5125 0.5604166666666667 0.50625 0.5583333333333333 0.5 0.55625 0.49166666666666664 0.5541666666666667 0.48541666666666666 0.5520833333333334 0.4791666666666667 0.55 0.475 0.5458333333333333 0.4708333333333333 0.5395833333333333 0.4666666666666667
0 0.47708333333333336 0.5541666666666667 0.47291666666666665 0.5583333333333333 0.4666666666666667 0.5666666666666667 0.46041666666666664 0.575 0.45625 0.58125 0.45625 0.5916666666666667 0.4583333333333333 0.6041666666666666 0.4625 0.6083333333333333 0.4708333333333333 0.6145833333333334 0.48125 0.6229166666666667 0.4875 0.6270833333333333 0.4979166666666667 0.6291666666666667 0.5083333333333333 0.6291666666666667 0.5208333333333334 0.6229166666666667 0.5375 0.60625 0.5458333333333333 0.5895833333333333 0.5458333333333333 0.5854166666666667 0.54375 0.5770833333333333 0.5416666666666666 0.56875 0.5208333333333334 0.5541666666666667
0 0.50625 0.7104166666666667 0.47708333333333336 0.725 0.47291666666666665 0.7270833333333333 0.47291666666666665 0.73125 0.4708333333333333 0.7416666666666667 0.46875 0.74375 0.46875 0.7479166666666667 0.47291666666666665 0.75625 0.47708333333333336 0.7604166666666666 0.4791666666666667 0.7666666666666667 0.48333333333333334 0.7708333333333334 0.4875 0.7729166666666667 0.5083333333333333 0.7729166666666667 0.5166666666666667 0.7666666666666667 0.525 0.7583333333333333 0.5270833333333333 0.7520833333333333 0.5291666666666667 0.74375 0.53125 0.7354166666666667 0.5333333333333333 0.725 0.5270833333333333 0.7208333333333333 0.51875 0.7145833333333333 0.5104166666666666 0.7104166666666667
0 0.5354166666666667 0.6604166666666667 0.5229166666666667 0.6666666666666666 0.5145833333333333 0.6729166666666667 0.5104166666666666 0.6770833333333334 0.50625 0.6854166666666667 0.50625 0.6958333333333333 0.5104166666666666 0.7083333333333334 0.5166666666666667 0.7125 0.525 0.71875 0.53125 0.7229166666666667 0.5354166666666667 0.725 0.5395833333333333 0.725 0.5479166666666667 0.7229166666666667 0.55625 0.7208333333333333 0.5645833333333333 0.71875 0.56875 0.7166666666666667 0.575 0.7125 0.5791666666666667 0.7083333333333334 0.5833333333333334 0.7 0.5833333333333334 0.69375 0.58125 0.6833333333333333 0.5770833333333333 0.675 0.56875 0.66875 0.5604166666666667 0.6625 0.55625 0.6604166666666667
0 0.4083333333333333 0.3625 0.40208333333333335 0.3645833333333333 0.3958333333333333 0.36666666666666664 0.39166666666666666 0.36875 0.3875 0.3729166666666667 0.3770833333333333 0.3854166666666667 0.3729166666666667 0.39166666666666666 0.37083333333333335 0.4125 0.37083333333333335 0.43333333333333335 0.3729166666666667 0.4395833333333333 0.3770833333333333 0.4479166666666667 0.39166666666666666 0.4625 0.4083333333333333 0.4708333333333333 0.425 0.4708333333333333 0.43125 0.46875 0.4395833333333333 0.46458333333333335 0.45 0.45416666666666666 0.4583333333333333 0.44375 0.46041666666666664 0.43333333333333335 0.4625 0.4166666666666667 0.4625 0.40625 0.45208333333333334 0.3854166666666667 0.4375 0.37083333333333335 0.43333333333333335 0.36875 0.4270833333333333 0.36666666666666664 0.41875 0.3645833333333333 0.4125 0.3625
0 0.22291666666666668 0.4395833333333333 0.21458333333333332 0.44166666666666665 0.21041666666666667 0.44583333333333336 0.20416666666666666 0.45416666666666666 0.2 0.46041666666666664 0.2 0.48125 0.20416666666666666 0.4895833333333333 0.21458333333333332 0.5 0.225 0.5083333333333333 0.24166666666666667 0.5083333333333333 0.24583333333333332 0.5041666666666667 0.2520833333333333 0.49583333333333335 0.25416666666666665 0.49166666666666664 0.25416666666666665 0.4625 0.24583333333333332 0.45208333333333334 0.2375 0.44375 0.22916666666666666 0.4395833333333333
0 0.21875 0.325 0.20416666666666666 0.3375 0.19375 0.34791666666666665 0.19375 0.35625 0.19583333333333333 0.36666666666666664 0.20208333333333334 0.37916666666666665 0.21041666666666667 0.3875 0.21875 0.39375 0.23125 0.3958333333333333 0.23958333333333334 0.3958333333333333 0.25 0.3875 0.25833333333333336 0.37916666666666665 0.2604166666666667 0.37083333333333335 0.2625 0.3541666666666667 0.2625 0.34791666666666665 0.24166666666666667 0.32708333333333334 0.22916666666666666 0.325
0 0.33125 0.3416666666666667 0.325 0.3416666666666667 0.31666666666666665 0.34375 0.30833333333333335 0.3458333333333333 0.3020833333333333 0.34791666666666665 0.29791666666666666 0.35208333333333336 0.28958333333333336 0.3625 0.28541666666666665 0.36875 0.28541666666666665 0.3729166666666667 0.2875 0.38125 0.28958333333333336 0.38958333333333334 0.2916666666666667 0.3958333333333333 0.30416666666666664 0.4083333333333333 0.30833333333333335 0.41041666666666665 0.3125 0.41041666666666665 0.31875 0.41458333333333336 0.3333333333333333 0.41458333333333336 0.35 0.41041666666666665 0.35208333333333336 0.4041666666666667 0.35625 0.4 0.36041666666666666 0.39375 0.3645833333333333 0.3854166666666667 0.3645833333333333 0.36666666666666664 0.35833333333333334 0.3541666666666667 0.3541666666666667 0.35 0.34791666666666665 0.34791666666666665 0.34375 0.34375 0.3375 0.3416666666666667
0 0.35833333333333334 0.27708333333333335 0.3541666666666667 0.2791666666666667 0.35 0.2833333333333333 0.34375 0.28541666666666665 0.33958333333333335 0.29791666666666666 0.3375 0.31666666666666665 0.3375 0.325 0.35208333333333336 0.33958333333333335 0.36666666666666664 0.33958333333333335 0.37916666666666665 0.3333333333333333 0.3854166666666667 0.32708333333333334 0.39166666666666666 0.31875 0.3958333333333333 0.3125 0.3958333333333333 0.28958333333333336 0.39166666666666666 0.28541666666666665 0.38333333333333336 0.2791666666666667 0.37916666666666665 0.27708333333333335
0 0.2833333333333333 0.24166666666666667 0.27708333333333335 0.24375 0.2708333333333333 0.24791666666666667 0.26666666666666666 0.24791666666666667 0.2625 0.25 0.25 0.2604166666666667 0.24166666666666667 0.26875 0.23958333333333334 0.27291666666666664 0.2375 0.2791666666666667 0.23541666666666666 0.28541666666666665 0.23541666666666666 0.3104166666666667 0.24166666666666667 0.31875 0.25416666666666665 0.3333333333333333 0.2604166666666667 0.33958333333333335 0.26458333333333334 0.3416666666666667 0.27291666666666664 0.34375 0.28125 0.3458333333333333 0.28958333333333336 0.34791666666666665 0.29375 0.34791666666666665 0.3 0.3458333333333333 0.30625 0.34375 0.3104166666666667 0.3416666666666667 0.31666666666666665 0.3375 0.32708333333333334 0.32916666666666666 0.33125 0.325 0.3375 0.3125 0.33958333333333335 0.29583333333333334 0.33958333333333335 0.2833333333333333 0.3375 0.2791666666666667 0.33125 0.2708333333333333 0.32708333333333334 0.26458333333333334 0.3229166666666667 0.25833333333333336 0.31666666666666665 0.25 0.30833333333333335 0.24583333333333332 0.3 0.24375 0.28958333333333336 0.24166666666666667
0 0.23333333333333334 0.51875 0.22916666666666666 0.5229166666666667 0.22291666666666668 0.525 0.21666666666666667 0.5291666666666667 0.2125 0.5333333333333333 0.20625 0.5354166666666667 0.20208333333333334 0.5395833333333333 0.19583333333333333 0.5520833333333334 0.19375 0.5625 0.19375 0.5729166666666666 0.2 0.5854166666666667 0.20625 0.5916666666666667 0.21458333333333332 0.5979166666666667 0.23541666666666666 0.6083333333333333 0.24791666666666667 0.6083333333333333 0.25625 0.6041666666666666 0.2604166666666667 0.6 0.26666666666666666 0.5979166666666667 0.2708333333333333 0.59375 0.27708333333333335 0.5916666666666667 0.28125 0.5833333333333334 0.2833333333333333 0.575 0.28541666666666665 0.5666666666666667 0.2875 0.5583333333333333 0.2875 0.5541666666666667 0.28541666666666665 0.55 0.28125 0.5458333333333333 0.27708333333333335 0.5395833333333333 0.27708333333333335 0.5375 0.27291666666666664 0.5333333333333333 0.2625 0.525 0.25625 0.5229166666666667 0.2520833333333333 0.5229166666666667 0.24583333333333332 0.51875 0.24166666666666667 0.51875
0 0.09791666666666667 0.5291666666666667 0.07916666666666666 0.5479166666666667 0.07916666666666666 0.5583333333333333 0.08125 0.5708333333333333 0.0875 0.5833333333333334 0.09791666666666667 0.5875 0.11041666666666666 0.5895833333333333 0.11458333333333333 0.5895833333333333 0.11875 0.5854166666666667 0.12708333333333333 0.5791666666666667 0.12916666666666668 0.5791666666666667 0.13333333333333333 0.575 0.13541666666666666 0.5666666666666667 0.1375 0.5541666666666667 0.1375 0.5479166666666667 0.11875 0.5291666666666667
0 0.4625 0.24166666666666667 0.45 0.24791666666666667 0.44375 0.25416666666666665 0.4375 0.2625 0.43125 0.275 0.43125 0.2791666666666667 0.4270833333333333 0.28541666666666665 0.4270833333333333 0.3145833333333333 0.42916666666666664 0.3229166666666667 0.43125 0.33125 0.43333333333333335 0.33541666666666664 0.44375 0.3458333333333333 0.46041666666666664 0.3541666666666667 0.4708333333333333 0.35625 0.4791666666666667 0.35625 0.48333333333333334 0.3541666666666667 0.49166666666666664 0.34791666666666665 0.4979166666666667 0.34375 0.5041666666666667 0.33958333333333335 0.5125 0.3333333333333333 0.5166666666666667 0.325 0.5166666666666667 0.30833333333333335 0.51875 0.29791666666666666 0.5229166666666667 0.29375 0.5229166666666667 0.28541666666666665 0.5229166666666667 0.2833333333333333 0.51875 0.2791666666666667 0.5166666666666667 0.27291666666666664 0.5125 0.26666666666666666 0.5083333333333333 0.2625 0.50625 0.25625 0.5020833333333333 0.2520833333333333 0.4875 0.24166666666666667
0 0.04791666666666667 0.4375 0.03958333333333333 0.4395833333333333 0.03333333333333333 0.44375 0.025 0.45 0.01875 0.45625 0.010416666666666666 0.47291666666666665 0.010416666666666666 0.50625 0.016666666666666666 0.51875 0.020833333333333332 0.5229166666666667 0.029166666666666667 0.5291666666666667 0.035416666666666666 0.5333333333333333 0.04791666666666667 0.5354166666666667 0.0625 0.5354166666666667 0.07083333333333333 0.5333333333333333 0.07708333333333334 0.53125 0.08333333333333333 0.5270833333333333 0.09166666666666666 0.51875 0.09583333333333334 0.5104166666666666 0.09791666666666667 0.5 0.09791666666666667 0.4895833333333333 0.09583333333333334 0.48125 0.09375 0.47708333333333336 0.08541666666666667 0.4666666666666667 0.07083333333333333 0.45 0.06041666666666667 0.4395833333333333 0.05625 0.4375
0 0.5625 0.33125 0.55 0.3333333333333333 0.5416666666666666 0.33541666666666664 0.5375 0.3375 0.5333333333333333 0.3416666666666667 0.525 0.35208333333333336 0.5229166666666667 0.35833333333333334 0.5229166666666667 0.3645833333333333 0.525 0.375 0.5291666666666667 0.38125 0.5291666666666667 0.3854166666666667 0.53125 0.39166666666666666 0.5395833333333333 0.39791666666666664 0.54375 0.4 0.55 0.40208333333333335 0.5604166666666667 0.4041666666666667 0.5666666666666667 0.4041666666666667 0.575 0.4 0.58125 0.3958333333333333 0.5895833333333333 0.38958333333333334 0.5979166666666667 0.38333333333333336 0.6 0.37916666666666665 0.6 0.36666666666666664 0.5958333333333333 0.35 0.5875 0.34375 0.58125 0.33958333333333335 0.5729166666666666 0.3333333333333333 0.56875 0.33125
0 0.275 0.59375 0.26875 0.5979166666666667 0.2604166666666667 0.6041666666666666 0.2520833333333333 0.6104166666666667 0.25 0.6166666666666667 0.2520833333333333 0.625 0.25416666666666665 0.6333333333333333 0.25625 0.6395833333333333 0.2604166666666667 0.64375 0.26875 0.65 0.275 0.6520833333333333 0.2875 0.6541666666666667 0.2916666666666667 0.6541666666666667 0.29583333333333334 0.65 0.30416666666666664 0.64375 0.30625 0.64375 0.3125 0.6375 0.3145833333333333 0.6333333333333333 0.3145833333333333 0.6229166666666667 0.3125 0.6145833333333334 0.3020833333333333 0.6041666666666666 0.28958333333333336 0.59375
0 0.5958333333333333 0.3854166666666667 0.5875 0.39166666666666666 0.58125 0.39791666666666664 0.575 0.4041666666666667 0.5729166666666666 0.41041666666666665 0.5729166666666666 0.41458333333333336 0.575 0.42083333333333334 0.5791666666666667 0.42916666666666664 0.5875 0.4375 0.59375 0.4395833333333333 0.6041666666666666 0.44166666666666665 0.6083333333333333 0.44166666666666665 0.6166666666666667 0.4375 0.6208333333333333 0.43333333333333335 0.6270833333333333 0.43125 0.63125 0.42291666666666666 0.6333333333333333 0.41458333333333336 0.6333333333333333 0.41041666666666665 0.6291666666666667 0.40208333333333335 0.625 0.39791666666666664 0.6166666666666667 0.3875 0.6104166666666667 0.3854166666666667 0.6041666666666666 0.3854166666666667
0 0.6916666666666667 0.3458333333333333 0.68125 0.34791666666666665 0.675 0.35 0.6604166666666667 0.3645833333333333 0.6541666666666667 0.3770833333333333 0.6541666666666667 0.38125 0.65 0.3875 0.65 0.39375 0.6520833333333333 0.4041666666666667 0.6541666666666667 0.4125 0.65625 0.41875 0.66875 0.43125 0.6729166666666667 0.43333333333333335 0.6791666666666667 0.4354166666666667 0.6854166666666667 0.4354166666666667 0.6979166666666666 0.43333333333333335 0.7083333333333334 0.43125 0.7145833333333333 0.42916666666666664 0.725 0.41875 0.7270833333333333 0.41458333333333336 0.7291666666666666 0.4083333333333333 0.73125 0.40208333333333335 0.7333333333333333 0.3958333333333333 0.7333333333333333 0.3770833333333333 0.7291666666666666 0.36875 0.725 0.3645833333333333 0.71875 0.36041666666666666 0.7125 0.35625 0.70625 0.35208333333333336 0.7 0.34791666666666665 0.6958333333333333 0.3458333333333333
0 0.6770833333333334 0.45625 0.6625 0.4583333333333333 0.6458333333333334 0.475 0.64375 0.48125 0.64375 0.4875 0.6458333333333334 0.49375 0.6479166666666667 0.5020833333333333 0.65 0.5083333333333333 0.6520833333333333 0.5125 0.6625 0.5229166666666667 0.675 0.5333333333333333 0.6833333333333333 0.5333333333333333 0.7 0.53125 0.7083333333333334 0.5291666666666667 0.7145833333333333 0.5229166666666667 0.71875 0.5166666666666667 0.7208333333333333 0.5104166666666666 0.7229166666666667 0.5020833333333333 0.7229166666666667 0.49375 0.7208333333333333 0.48541666666666666 0.71875 0.47708333333333336 0.7083333333333334 0.46875 0.7041666666666667 0.46458333333333335 0.6979166666666666 0.46041666666666664 0.6895833333333333 0.45625
0 0.69375 0.5395833333333333 0.6895833333333333 0.5416666666666666 0.68125 0.5479166666666667 0.6729166666666667 0.5541666666666667 0.66875 0.5625 0.6666666666666666 0.575 0.6666666666666666 0.58125 0.6708333333333333 0.5895833333333333 0.675 0.59375 0.6916666666666667 0.6083333333333333 0.7104166666666667 0.6083333333333333 0.7208333333333333 0.6 0.7291666666666666 0.5916666666666667 0.73125 0.5854166666666667 0.7333333333333333 0.5770833333333333 0.7354166666666667 0.5666666666666667 0.7354166666666667 0.5625 0.7270833333333333 0.55625 0.71875 0.54375 0.7145833333333333 0.54375 0.7020833333333333 0.5416666666666666 0.7 0.5395833333333333
0 0.7354166666666667 0.5166666666666667 0.71875 0.5291666666666667 0.71875 0.5354166666666667 0.7166666666666667 0.5395833333333333 0.7208333333333333 0.5458333333333333 0.7291666666666666 0.55625 0.7333333333333333 0.5604166666666667 0.7395833333333334 0.5625 0.74375 0.5625 0.7520833333333333 0.5583333333333333 0.75625 0.5541666666666667 0.7625 0.5520833333333334 0.7645833333333333 0.5354166666666667 0.7583333333333333 0.5270833333333333 0.7520833333333333 0.5208333333333334 0.7479166666666667 0.51875 0.7395833333333334 0.5166666666666667
0 0.6479166666666667 0.7125 0.6416666666666667 0.7166666666666667 0.6375 0.7166666666666667 0.63125 0.71875 0.61875 0.73125 0.6145833333333334 0.7354166666666667 0.6104166666666667 0.7416666666666667 0.60625 0.75 0.60625 0.7604166666666666 0.6083333333333333 0.7729166666666667 0.6125 0.78125 0.6229166666666667 0.7916666666666666 0.6354166666666666 0.8020833333333334 0.65625 0.8020833333333334 0.6791666666666667 0.7979166666666667 0.6833333333333333 0.7916666666666666 0.6854166666666667 0.7854166666666667 0.6895833333333333 0.78125 0.69375 0.775 0.6979166666666666 0.7666666666666667 0.6979166666666666 0.7479166666666667 0.6916666666666667 0.7354166666666667 0.6854166666666667 0.7291666666666666 0.6770833333333334 0.7229166666666667 0.66875 0.7166666666666667 0.6645833333333333 0.7145833333333333 0.65625 0.7125
0 0.6583333333333333 0.8020833333333334 0.6416666666666667 0.8041666666666667 0.63125 0.80625 0.6229166666666667 0.8125 0.61875 0.8166666666666667 0.6125 0.8291666666666667 0.6125 0.85 0.6145833333333334 0.85625 0.61875 0.8625 0.61875 0.8666666666666667 0.6291666666666667 0.875 0.6333333333333333 0.8791666666666667 0.6395833333333333 0.8833333333333333 0.6479166666666667 0.8875 0.6541666666666667 0.8875 0.66875 0.8854166666666666 0.6770833333333334 0.8833333333333333 0.6895833333333333 0.8708333333333333 0.6958333333333333 0.8583333333333333 0.6979166666666666 0.8458333333333333 0.6979166666666666 0.8354166666666667 0.6958333333333333 0.8291666666666667 0.69375 0.8208333333333333 0.6916666666666667 0.8166666666666667 0.6833333333333333 0.8083333333333333 0.6791666666666667 0.80625 0.6729166666666667 0.8041666666666667 0.6666666666666666 0.8020833333333334
0 0.76875 0.8458333333333333 0.7583333333333333 0.8479166666666667 0.7520833333333333 0.85 0.7520833333333333 0.8541666666666666 0.75 0.8666666666666667 0.7479166666666667 0.86875 0.7479166666666667 0.8770833333333333 0.7541666666666667 0.8895833333333333 0.7583333333333333 0.89375 0.7666666666666667 0.9 0.775 0.9 0.7854166666666667 0.8979166666666667 0.7875 0.89375 0.7916666666666666 0.8854166666666666 0.7916666666666666 0.8666666666666667 0.7854166666666667 0.8541666666666666 0.78125 0.85 0.7729166666666667 0.8458333333333333
0 0.83125 0.975 0.825 0.9791666666666666 0.8166666666666667 0.9854166666666667 0.8125 0.9895833333333334 0.8125 0.9979166666666667 0.8666666666666667 0.9979166666666667 0.8666666666666667 0.9895833333333334 0.8625 0.9854166666666667 0.8541666666666666 0.9791666666666666 0.8479166666666667 0.975
0 0.9979166666666667 0.9791666666666666 0.9916666666666667 0.9833333333333333 0.9875 0.9854166666666667 0.9854166666666667 0.9979166666666667 0.9979166666666667 0.9979166666666667
0 0.65625 0.9270833333333334 0.6479166666666667 0.93125 0.64375 0.9333333333333333 0.6416666666666667 0.94375 0.6416666666666667 0.9520833333333333 0.65 0.9604166666666667 0.6625 0.9708333333333333 0.6729166666666667 0.9729166666666667 0.68125 0.9729166666666667 0.6875 0.96875 0.6958333333333333 0.9625 0.7 0.9583333333333334 0.7 0.9520833333333333 0.6979166666666666 0.94375 0.6854166666666667 0.93125 0.6770833333333334 0.9291666666666667 0.6625 0.9270833333333334
0 0.5 0.9416666666666667 0.49166666666666664 0.9458333333333333 0.4875 0.95 0.48333333333333334 0.95625 0.4791666666666667 0.9645833333333333 0.47708333333333336 0.9791666666666666 0.47708333333333336 0.99375 0.48125 0.9979166666666667 0.53125 0.9979166666666667 0.5333333333333333 0.99375 0.5375 0.9854166666666667 0.5375 0.98125 0.5416666666666666 0.975 0.5416666666666666 0.96875 0.5395833333333333 0.9604166666666667 0.5375 0.95625 0.5291666666666667 0.9479166666666666 0.5208333333333334 0.9416666666666667
0 0.5770833333333333 0.8916666666666667 0.5708333333333333 0.89375 0.5666666666666667 0.8958333333333334 0.5520833333333334 0.9104166666666667 0.5520833333333334 0.9354166666666667 0.5625 0.95 0.5666666666666667 0.9541666666666667 0.5791666666666667 0.95625 0.5916666666666667 0.95625 0.6 0.9520833333333333 0.6041666666666666 0.9479166666666666 0.6104166666666667 0.9395833333333333 0.6125 0.9354166666666667 0.6145833333333334 0.9291666666666667 0.6166666666666667 0.91875 0.6166666666666667 0.9145833333333333 0.6104166666666667 0.90625 0.6020833333333333 0.8979166666666667 0.5979166666666667 0.8958333333333334 0.5895833333333333 0.89375 0.58125 0.8916666666666667
0 0.3854166666666667 0.9375 0.3729166666666667 0.9479166666666666 0.3625 0.9583333333333334 0.3625 0.9645833333333333 0.3645833333333333 0.9770833333333333 0.36875 0.9854166666666667 0.375 0.9895833333333334 0.38333333333333336 0.9958333333333333 0.3875 0.9979166666666667 0.4270833333333333 0.9979166666666667 0.43125 0.9958333333333333 0.4354166666666667 0.9916666666666667 0.4354166666666667 0.9645833333333333 0.4083333333333333 0.9375
0 0.22083333333333333 0.18333333333333332 0.2125 0.19166666666666668 0.2125 0.20416666666666666 0.21458333333333332 0.20833333333333334 0.21875 0.21458333333333332 0.22291666666666668 0.21666666666666667 0.22708333333333333 0.21875 0.23541666666666666 0.21875 0.24166666666666667 0.21458333333333332 0.24791666666666667 0.21458333333333332 0.2520833333333333 0.2125 0.2520833333333333 0.20833333333333334 0.25 0.2 0.24583333333333332 0.19166666666666668 0.24166666666666667 0.1875 0.23333333333333334 0.18333333333333332
0 0.43333333333333335 0.8083333333333333 0.4270833333333333 0.8104166666666667 0.42291666666666666 0.8125 0.4125 0.8229166666666666 0.40625 0.8354166666666667 0.40625 0.8395833333333333 0.40208333333333335 0.8458333333333333 0.40208333333333335 0.8666666666666667 0.41041666666666665 0.8770833333333333 0.41875 0.8854166666666666 0.42291666666666666 0.8875 0.42916666666666664 0.8895833333333333 0.4354166666666667 0.8916666666666667 0.44166666666666665 0.89375 0.44583333333333336 0.89375 0.45208333333333334 0.8895833333333333 0.45625 0.8895833333333333 0.475 0.8729166666666667 0.475 0.8479166666666667 0.46875 0.8375 0.46875 0.8333333333333334 0.46041666666666664 0.8166666666666667 0.45625 0.8125 0.45 0.8083333333333333
0 0.36875 0.7229166666666667 0.36041666666666666 0.7270833333333333 0.35208333333333336 0.7270833333333333 0.34375 0.7291666666666666 0.33958333333333335 0.7333333333333333 0.3333333333333333 0.7416666666666667 0.32916666666666666 0.7479166666666667 0.32708333333333334 0.7520833333333333 0.32708333333333334 0.75625 0.3229166666666667 0.7625 0.32083333333333336 0.76875 0.32083333333333336 0.775 0.3229166666666667 0.7833333333333333 0.325 0.7916666666666666 0.32708333333333334 0.7958333333333333 0.3416666666666667 0.8104166666666667 0.3625 0.8208333333333333 0.36666666666666664 0.8208333333333333 0.4041666666666667 0.7958333333333333 0.4083333333333333 0.7916666666666666 0.41458333333333336 0.7791666666666667 0.41458333333333336 0.775 0.4125 0.7625 0.41041666666666665 0.75 0.4083333333333333 0.7416666666666667 0.39791666666666664 0.73125 0.38958333333333334 0.7270833333333333 0.38333333333333336 0.725 0.37916666666666665 0.725 0.375 0.7229166666666667
0 0.23958333333333334 0.8854166666666666 0.22916666666666666 0.8875 0.22083333333333333 0.8916666666666667 0.20625 0.9208333333333333 0.20625 0.9395833333333333 0.24375 0.96875 0.24791666666666667 0.96875 0.25833333333333336 0.9666666666666667 0.26666666666666666 0.9645833333333333 0.27291666666666664 0.9625 0.2791666666666667 0.95625 0.2833333333333333 0.95 0.28541666666666665 0.9458333333333333 0.2875 0.9395833333333333 0.28958333333333336 0.9333333333333333 0.28958333333333336 0.9270833333333334 0.2875 0.9166666666666666 0.28541666666666665 0.9104166666666667 0.28125 0.90625 0.27291666666666664 0.9 0.26458333333333334 0.89375 0.25833333333333336 0.8895833333333333 0.25416666666666665 0.8875 0.24583333333333332 0.8854166666666666
0 0.14166666666666666 0.8395833333333333 0.13333333333333333 0.8416666666666667 0.12083333333333333 0.8479166666666667 0.11666666666666667 0.8520833333333333 0.11041666666666666 0.8604166666666667 0.10833333333333334 0.8645833333333334 0.10625 0.8854166666666666 0.10625 0.90625 0.10833333333333334 0.9125 0.12083333333333333 0.925 0.125 0.9291666666666667 0.13333333333333333 0.9333333333333333 0.14791666666666667 0.9333333333333333 0.1625 0.93125 0.16875 0.9270833333333334 0.18125 0.9166666666666666 0.18541666666666667 0.9125 0.19166666666666668 0.9 0.19166666666666668 0.8791666666666667 0.18333333333333332 0.8625 0.16666666666666666 0.8458333333333333 0.1625 0.84375 0.15625 0.8416666666666667 0.15 0.8395833333333333
0 0.027083333333333334 0.7416666666666667 0.010416666666666666 0.74375 0 0.7458333333333333 0 0.7916666666666666 0.004166666666666667 0.79375 0.008333333333333333 0.79375 0.014583333333333334 0.7979166666666667 0.041666666666666664 0.7979166666666667 0.04583333333333333 0.7958333333333333 0.05 0.7916666666666666 0.05625 0.7791666666666667 0.05625 0.7666666666666667 0.052083333333333336 0.75 0.035416666666666666 0.7416666666666667
0 0.14375 0.7458333333333333 0.13333333333333333 0.7479166666666667 0.12916666666666668 0.75 0.12291666666666666 0.7541666666666667 0.11875 0.7645833333333333 0.11875 0.775 0.12291666666666666 0.78125 0.12291666666666666 0.7854166666666667 0.13125 0.7958333333333333 0.13541666666666666 0.8 0.14166666666666666 0.8041666666666667 0.14583333333333334 0.80625 0.15 0.80625 0.15833333333333333 0.8041666666666667 0.16458333333333333 0.8020833333333334 0.17083333333333334 0.7958333333333333 0.17708333333333334 0.7875 0.17708333333333334 0.76875 0.16458333333333333 0.75625 0.15208333333333332 0.7458333333333333
0 0.05 0.15 0.04583333333333333 0.15208333333333332 0.041666666666666664 0.15625 0.035416666666666666 0.15833333333333333 0.03125 0.1625 0.027083333333333334 0.16875 0.022916666666666665 0.17708333333333334 0.022916666666666665 0.18958333333333333 0.025 0.20208333333333334 0.041666666666666664 0.21875 0.04583333333333333 0.22083333333333333 0.05416666666666667 0.22291666666666668 0.06666666666666667 0.22291666666666668 0.08125 0.21875 0.09166666666666666 0.19791666666666666 0.09166666666666666 0.1875 0.08958333333333333 0.17916666666666667 0.0875 0.175 0.08125 0.16666666666666666 0.075 0.15833333333333333 0.07083333333333333 0.15416666666666667 0.06458333333333334 0.15208333333333332 0.05416666666666667 0.15
0 0.10625 0.18958333333333333 0.09791666666666667 0.19375 0.09375 0.19791666666666666 0.08958333333333333 0.20416666666666666 0.0875 0.20833333333333334 0.08541666666666667 0.21458333333333332 0.08333333333333333 0.22083333333333333 0.08333333333333333 0.23333333333333334 0.08541666666666667 0.24791666666666667 0.09166666666666666 0.2604166666666667 0.09791666666666667 0.26666666666666666 0.10625 0.27291666666666664 0.1125 0.275 0.125 0.27708333333333335 0.12916666666666668 0.27708333333333335 0.13333333333333333 0.27291666666666664 0.14375 0.2604166666666667 0.15208333333333332 0.25 0.15625 0.24375 0.15833333333333333 0.23125 0.15833333333333333 0.21666666666666667 0.15416666666666667 0.20833333333333334 0.14583333333333334 0.2 0.1375 0.19375 0.12916666666666668 0.19166666666666668 0.11458333333333333 0.18958333333333333
0 0.075 0.25 0.06666666666666667 0.2520833333333333 0.058333333333333334 0.25416666666666665 0.052083333333333336 0.25625 0.03333333333333333 0.275 0.03125 0.2833333333333333 0.03125 0.2916666666666667 0.03333333333333333 0.29791666666666666 0.035416666666666666 0.3020833333333333 0.041666666666666664 0.30833333333333335 0.052083333333333336 0.31666666666666665 0.06041666666666667 0.31666666666666665 0.07083333333333333 0.3145833333333333 0.0875 0.29791666666666666 0.08958333333333333 0.28958333333333336 0.09166666666666666 0.275 0.09166666666666666 0.26666666666666666 0.07916666666666666 0.25
0 0.9833333333333333 0.18541666666666667 0.98125 0.19166666666666668 0.9770833333333333 0.19583333333333333 0.9708333333333333 0.20833333333333334 0.96875 0.21666666666666667 0.96875 0.22708333333333333 0.9708333333333333 0.23125 0.975 0.23541666666666666 0.9833333333333333 0.24166666666666667 0.9916666666666667 0.24791666666666667 0.9979166666666667 0.2520833333333333 0.9979166666666667 0.18333333333333332
0 0.96875 0.39791666666666664 0.9625 0.4 0.95625 0.4041666666666667 0.9520833333333333 0.4041666666666667 0.9458333333333333 0.40625 0.9354166666666667 0.41875 0.9354166666666667 0.44375 0.9375 0.45 0.9416666666666667 0.4583333333333333 0.9541666666666667 0.4708333333333333 0.9583333333333334 0.47291666666666665 0.9645833333333333 0.475 0.9708333333333333 0.47708333333333336 0.9770833333333333 0.4791666666666667 0.9833333333333333 0.48125 0.99375 0.48125 0.9979166666666667 0.4791666666666667 0.9979166666666667 0.4 0.99375 0.39791666666666664
0 0.9125 0.46458333333333335 0.9041666666666667 0.46875 0.9 0.47291666666666665 0.8875 0.48541666666666666 0.8854166666666666 0.49166666666666664 0.8854166666666666 0.5125 0.8875 0.51875 0.8895833333333333 0.5229166666666667 0.9 0.5333333333333333 0.90625 0.5354166666666667 0.9166666666666666 0.5375 0.9270833333333334 0.5395833333333333 0.93125 0.5395833333333333 0.9354166666666667 0.5375 0.94375 0.53125 0.9520833333333333 0.525 0.95625 0.5166666666666667 0.9583333333333334 0.50625 0.9583333333333334 0.5 0.95625 0.49375 0.9520833333333333 0.4875 0.9520833333333333 0.48333333333333334 0.95 0.4791666666666667 0.94375 0.47291666666666665 0.9354166666666667 0.4666666666666667 0.9229166666666667 0.46458333333333335
0 0.8270833333333333 0.4395833333333333 0.8083333333333333 0.4583333333333333 0.8 0.475 0.8 0.4979166666666667 0.8020833333333334 0.5020833333333333 0.8083333333333333 0.5104166666666666 0.8145833333333333 0.5166666666666667 0.8291666666666667 0.5270833333333333 0.8520833333333333 0.5270833333333333 0.8645833333333334 0.5208333333333334 0.86875 0.5166666666666667 0.875 0.5145833333333333 0.8791666666666667 0.4979166666666667 0.88125 0.4708333333333333 0.88125 0.4583333333333333 0.8770833333333333 0.45416666666666666 0.8666666666666667 0.44583333333333336 0.8604166666666667 0.44166666666666665 0.84375 0.4395833333333333
0 0.7729166666666667 0.38958333333333334 0.76875 0.39166666666666666 0.7604166666666666 0.39791666666666664 0.7541666666666667 0.4041666666666667 0.7458333333333333 0.41458333333333336 0.7458333333333333 0.41875 0.7416666666666667 0.425 0.7416666666666667 0.44583333333333336 0.7479166666666667 0.4583333333333333 0.7520833333333333 0.4625 0.7604166666666666 0.46875 0.7666666666666667 0.47291666666666665 0.78125 0.47291666666666665 0.8 0.46875 0.8020833333333334 0.4625 0.80625 0.4583333333333333 0.8125 0.44583333333333336 0.8125 0.41875 0.8104166666666667 0.41458333333333336 0.80625 0.4083333333333333 0.8020833333333334 0.40208333333333335 0.7979166666666667 0.3958333333333333 0.7895833333333333 0.39166666666666666 0.7770833333333333 0.38958333333333334
0 0.8520833333333333 0.21666666666666667 0.8354166666666667 0.225 0.83125 0.22916666666666666 0.8270833333333333 0.2375 0.8270833333333333 0.25833333333333336 0.8291666666666667 0.2625 0.8333333333333334 0.26875 0.8395833333333333 0.27708333333333335 0.85 0.28125 0.8625 0.2833333333333333 0.86875 0.2833333333333333 0.8729166666666667 0.28125 0.8770833333333333 0.27708333333333335 0.8833333333333333 0.275 0.8895833333333333 0.2708333333333333 0.89375 0.2604166666666667 0.8958333333333334 0.24791666666666667 0.8958333333333334 0.24166666666666667 0.8729166666666667 0.21666666666666667
0 0.8958333333333334 0.36666666666666664 0.88125 0.36875 0.8791666666666667 0.3729166666666667 0.8791666666666667 0.3770833333333333 0.8770833333333333 0.38333333333333336 0.8729166666666667 0.38958333333333334 0.8708333333333333 0.3958333333333333 0.86875 0.4 0.8708333333333333 0.40625 0.875 0.4125 0.875 0.4166666666666667 0.8770833333333333 0.42083333333333334 0.8791666666666667 0.425 0.8854166666666666 0.4270833333333333 0.8958333333333334 0.43333333333333335 0.9020833333333333 0.43333333333333335 0.9145833333333333 0.43125 0.9229166666666667 0.42916666666666664 0.9291666666666667 0.42291666666666666 0.9333333333333333 0.4166666666666667 0.9354166666666667 0.40625 0.9354166666666667 0.3958333333333333 0.93125 0.3875 0.9270833333333334 0.38125 0.9229166666666667 0.3770833333333333 0.9166666666666666 0.3729166666666667 0.9104166666666667 0.36875 0.90625 0.36666666666666664
0 0.9604166666666667 0.32083333333333336 0.9479166666666666 0.3229166666666667 0.9291666666666667 0.33541666666666664 0.9229166666666667 0.3416666666666667 0.9208333333333333 0.3458333333333333 0.9208333333333333 0.36875 0.9229166666666667 0.3729166666666667 0.9291666666666667 0.38125 0.9354166666666667 0.38958333333333334 0.9395833333333333 0.39375 0.95625 0.3958333333333333 0.9729166666666667 0.3958333333333333 0.9979166666666667 0.37916666666666665 0.9979166666666667 0.33958333333333335 0.9958333333333333 0.33541666666666664 0.9916666666666667 0.33125 0.9708333333333333 0.32083333333333336
0 0.7541666666666667 0.2520833333333333 0.7458333333333333 0.25416666666666665 0.7375 0.25833333333333336 0.7333333333333333 0.26458333333333334 0.7291666666666666 0.27291666666666664 0.7270833333333333 0.2875 0.7270833333333333 0.3 0.7395833333333334 0.3125 0.7645833333333333 0.3125 0.78125 0.29375 0.78125 0.2875 0.7791666666666667 0.275 0.7770833333333333 0.26875 0.76875 0.2604166666666667 0.7583333333333333 0.2520833333333333
0 0.63125 0.29375 0.6125 0.3020833333333333 0.6104166666666667 0.325 0.6145833333333334 0.3333333333333333 0.61875 0.33958333333333335 0.63125 0.34375 0.6395833333333333 0.34375 0.6458333333333334 0.33958333333333335 0.65 0.33958333333333335 0.6541666666666667 0.3375 0.6583333333333333 0.33541666666666664 0.6541666666666667 0.32916666666666666 0.6520833333333333 0.325 0.65 0.31875 0.65 0.3125 0.6479166666666667 0.30625 0.64375 0.29791666666666666 0.6395833333333333 0.29375
0 0.63125 0.2125 0.6166666666666667 0.22708333333333333 0.6166666666666667 0.24583333333333332 0.6208333333333333 0.25 0.6291666666666667 0.25625 0.6354166666666666 0.2604166666666667 0.64375 0.2625 0.6479166666666667 0.2625 0.6520833333333333 0.2604166666666667 0.65625 0.25416666666666665 0.6604166666666667 0.2520833333333333 0.6666666666666666 0.25 0.6729166666666667 0.24583333333333332 0.675 0.23958333333333334 0.6729166666666667 0.23125 0.66875 0.22291666666666668 0.6479166666666667 0.2125
0 0.6770833333333334 0.24583333333333332 0.65625 0.25625 0.6520833333333333 0.26666666666666666 0.65 0.28125 0.6479166666666667 0.29583333333333334 0.6479166666666667 0.30416666666666664 0.65 0.3104166666666667 0.6520833333333333 0.31875 0.6541666666666667 0.325 0.6604166666666667 0.33125 0.6666666666666666 0.3375 0.6729166666666667 0.3416666666666667 0.6895833333333333 0.3416666666666667 0.6958333333333333 0.33958333333333335 0.7 0.3375 0.7145833333333333 0.3229166666666667 0.71875 0.3145833333333333 0.7208333333333333 0.30833333333333335 0.7208333333333333 0.28125 0.71875 0.27291666666666664 0.7145833333333333 0.26458333333333334 0.7083333333333334 0.25625 0.7041666666666667 0.2520833333333333 0.7 0.2520833333333333 0.6916666666666667 0.25 0.6895833333333333 0.24791666666666667 0.68125 0.24583333333333332
0 0.992125 0.5468541666666666 0.9870833333333333 0.5426666666666667 0.9820625 0.5384583333333333 0.9770208333333333 0.5338541666666666 0.9723958333333333 0.5283958333333333 0.9682083333333333 0.5229374999999999 0.9661041666666667 0.5166458333333334 0.9656874999999999 0.5103541666666667 0.9677916666666667 0.5040416666666666 0.9728333333333333 0.4994375 0.9782708333333333 0.4960833333333333 0.9812083333333333 0.49020833333333336 0.9854166666666667 0.48516666666666663 0.9917083333333333 0.4834791666666666 0.998 0.48181250000000003 1 0.48233333333333334 1 0.5471458333333333 0.998 0.5485416666666667
0 0.7604166666666666 0.14166666666666666 0.7520833333333333 0.15 0.7375 0.16666666666666666 0.7291666666666666 0.17708333333333334 0.7291666666666666 0.20833333333333334 0.7354166666666667 0.21666666666666667 0.7416666666666667 0.22291666666666668 0.74375 0.22708333333333333 0.74375 0.23125 0.7458333333333333 0.23541666666666666 0.75 0.23958333333333334 0.75625 0.24375 0.7770833333333333 0.24375 0.7833333333333333 0.24166666666666667 0.7916666666666666 0.2375 0.8041666666666667 0.225 0.8166666666666667 0.21041666666666667 0.8166666666666667 0.1625 0.80625 0.15 0.7979166666666667 0.14166666666666666
0 0.10625 0.925 0.1 0.9291666666666667 0.09583333333333334 0.9291666666666667 0.09166666666666666 0.93125 0.08333333333333333 0.9375 0.07916666666666666 0.9416666666666667 0.07708333333333334 0.9458333333333333 0.075 0.9520833333333333 0.07291666666666667 0.9583333333333334 0.07291666666666667 0.9645833333333333 0.07291666666666667 0.9729166666666667 0.07708333333333334 0.9791666666666666 0.0875 0.9875 0.09791666666666667 0.9958333333333333 0.10208333333333333 0.9979166666666667 0.10625 0.9979166666666667 0.1125 0.9958333333333333 0.11666666666666667 0.99375 0.12291666666666666 0.9875 0.12916666666666668 0.9791666666666666 0.13333333333333333 0.9729166666666667 0.13541666666666666 0.96875 0.13541666666666666 0.9625 0.13333333333333333 0.9520833333333333 0.13125 0.9458333333333333 0.12708333333333333 0.9375 0.12291666666666666 0.9333333333333333 0.11666666666666667 0.9270833333333334 0.11041666666666666 0.925
0 0.008333333333333333 0.8854166666666666 0 0.8875 0.0020833333333333333 0.9791666666666666 0.014583333333333334 0.9854166666666667 0.029166666666666667 0.9854166666666667 0.03333333333333333 0.9833333333333333 0.04583333333333333 0.9708333333333333 0.05416666666666667 0.96875 0.05625 0.9645833333333333 0.058333333333333334 0.9604166666666667 0.06041666666666667 0.9541666666666667 0.06041666666666667 0.9479166666666666 0.058333333333333334 0.9375 0.05 0.9208333333333333 0.04583333333333333 0.9166666666666666 0.03958333333333333 0.9020833333333333 0.03125 0.89375 0.025 0.8895833333333333 0.020833333333333332 0.8875 0.014583333333333334 0.8854166666666666
0 0.05625 0.9708333333333333 0.05 0.9708333333333333 0.04583333333333333 0.9729166666666667 0.03333333333333333 0.9854166666666667 0.022916666666666665 0.9895833333333334 0.014583333333333334 0.9979166666666667 0.09583333333333334 0.9979166666666667 0.08958333333333333 0.9895833333333334 0.07916666666666666 0.98125 0.07083333333333333 0.975 0.06458333333333334 0.9708333333333333
0 0.33541666666666664 0.6625 0.3229166666666667 0.675 0.31875 0.68125 0.3145833333333333 0.6895833333333333 0.3125 0.6979166666666666 0.3125 0.7020833333333333 0.31666666666666665 0.7104166666666667 0.3229166666666667 0.7166666666666667 0.33125 0.7229166666666667 0.33541666666666664 0.725 0.3416666666666667 0.7270833333333333 0.35 0.7270833333333333 0.36041666666666666 0.725 0.37916666666666665 0.7083333333333334 0.37916666666666665 0.7041666666666667 0.375 0.7 0.3645833333333333 0.6791666666666667 0.3645833333333333 0.6708333333333333 0.3625 0.6666666666666666 0.35833333333333334 0.6645833333333333 0.35208333333333336 0.6625
0 0.47441666666666665 0.051895833333333335 0.4799583333333333 0.04635416666666667 0.48802083333333335 0.04585416666666667 0.4960833333333333 0.04585416666666667 0.503125 0.048875 0.5071458333333333 0.05541666666666667 0.5116875000000001 0.06247916666666666 0.5121875 0.07002083333333334 0.5116875000000001 0.07758333333333334 0.5091666666666667 0.08512499999999999 0.5046458333333333 0.09168749999999999 0.4970833333333333 0.09368749999999999 0.4890208333333333 0.09570833333333333 0.4809583333333334 0.0926875 0.4754375 0.08664583333333334 0.4718958333333333 0.07958333333333334 0.46937500000000004 0.07204166666666666 0.46937500000000004 0.06397916666666667
0 0.38958333333333334 0.6458333333333334 0.3770833333333333 0.6520833333333333 0.37083333333333335 0.6583333333333333 0.36666666666666664 0.6645833333333333 0.36666666666666664 0.6791666666666667 0.38333333333333336 0.7041666666666667 0.38958333333333334 0.70625 0.39791666666666664 0.70625 0.4083333333333333 0.7020833333333333 0.41458333333333336 0.69375 0.4166666666666667 0.6895833333333333 0.4166666666666667 0.675 0.41458333333333336 0.66875 0.4125 0.6625 0.41041666666666665 0.6583333333333333 0.40625 0.6541666666666667 0.4 0.6479166666666667 0.39375 0.6458333333333334
0 0.43333333333333335 0.6458333333333334 0.425 0.6479166666666667 0.42083333333333334 0.65 0.41458333333333336 0.6541666666666667 0.41458333333333336 0.6604166666666667 0.41458333333333336 0.6666666666666666 0.4166666666666667 0.6729166666666667 0.41875 0.675 0.41875 0.6833333333333333 0.42291666666666666 0.6916666666666667 0.42916666666666664 0.6958333333333333 0.4375 0.6958333333333333 0.44375 0.6958333333333333 0.45 0.6895833333333333 0.45416666666666666 0.6854166666666667 0.45625 0.68125 0.45625 0.6666666666666666 0.45416666666666666 0.6583333333333333 0.4479166666666667 0.6520833333333333 0.44375 0.6479166666666667 0.4395833333333333 0.6458333333333334
0 0.28054166666666663 0.08262499999999999 0.28708333333333336 0.07808333333333332 0.294125 0.0745625 0.3016875 0.07154166666666667 0.30975 0.07002083333333334 0.3172916666666667 0.06852083333333334 0.32535416666666667 0.06902083333333334 0.3329166666666667 0.07104166666666667 0.3404583333333333 0.07254166666666667 0.34852083333333334 0.07406249999999999 0.3550625 0.07858333333333332 0.3580833333333333 0.08564583333333334 0.36010416666666667 0.09318749999999999 0.36060416666666667 0.10074999999999999 0.36060416666666667 0.10881249999999999 0.36010416666666667 0.11635416666666668 0.35910416666666667 0.12391666666666666 0.3580833333333333 0.13145833333333334 0.3550625 0.13902083333333334 0.35002083333333334 0.14506249999999998 0.34297916666666667 0.14858333333333332 0.33541666666666664 0.15160416666666665 0.32737499999999997 0.15462499999999998 0.3198125 0.15564583333333332 0.31125 0.154125 0.30520833333333336 0.14858333333333332 0.2986666666666667 0.1440625 0.292125 0.13902083333333334 0.28708333333333336 0.13297916666666668 0.2840625 0.12591666666666665 0.28154166666666663 0.118375 0.27902083333333333 0.1108125 0.27902083333333333 0.10225 0.27952083333333333 0.09470833333333334
0 0.7583749999999999 0.11795833333333333 0.76425 0.11333333333333333 0.7705416666666667 0.11122916666666667 0.7768333333333334 0.1108125 0.783125 0.11208333333333333 0.7894166666666667 0.11375 0.7944583333333333 0.11795833333333333 0.7961458333333333 0.12425 0.7957291666666666 0.13054166666666667 0.793625 0.13683333333333333 0.7877500000000001 0.13977083333333334 0.7814583333333334 0.14060416666666667 0.7743125000000001 0.14060416666666667 0.7680208333333333 0.14145833333333335 0.7617291666666667 0.14104166666666668 0.7562708333333333 0.13766666666666666 0.75375 0.13179166666666667 0.7541666666666667 0.1255
0 0.8823333333333333 0.28204166666666663 0.8893958333333334 0.27852083333333333 0.8969374999999999 0.277 0.9045000000000001 0.27599999999999997 0.9125624999999999 0.2765 0.9201041666666666 0.2775208333333333 0.9271666666666667 0.28054166666666663 0.9332083333333333 0.2855625 0.9372291666666667 0.292125 0.9377291666666667 0.2996666666666667 0.9377291666666667 0.30822916666666667 0.9377291666666667 0.31629166666666664 0.9352291666666667 0.3238333333333333 0.9322083333333333 0.33089583333333333 0.9271666666666667 0.3369375 0.9206249999999999 0.34145833333333336 0.9130625 0.34297916666666667 0.9055 0.345 0.8974583333333332 0.345 0.8903958333333333 0.34197916666666667 0.8843541666666667 0.3359375 0.8793124999999999 0.329375 0.8762916666666667 0.3223333333333333 0.8737708333333334 0.31477083333333333 0.8722708333333333 0.30722916666666666 0.8722708333333333 0.29916666666666664 0.8727708333333334 0.29160416666666666
0 0.8198958333333334 0.34450000000000003 0.8244166666666667 0.3379375 0.8294583333333333 0.33189583333333333 0.8365208333333333 0.32887500000000003 0.8440624999999999 0.32787499999999997 0.852625 0.32837500000000003 0.8606874999999999 0.32887500000000003 0.8677291666666667 0.33189583333333333 0.8742916666666667 0.3364375 0.8803333333333333 0.34145833333333336 0.8823333333333333 0.34902083333333334 0.8828541666666666 0.3565833333333333 0.8823333333333333 0.364125 0.8798333333333334 0.3716875 0.8767916666666667 0.3787291666666667 0.8742916666666667 0.38629166666666664 0.8707499999999999 0.39333333333333337 0.8657291666666667 0.3998958333333333 0.8596874999999999 0.4049166666666667 0.8521249999999999 0.4059375 0.8445625 0.40541666666666665 0.8370208333333333 0.4044166666666667 0.8299583333333334 0.40039583333333334 0.8254374999999999 0.3938333333333333 0.8219166666666666 0.3857916666666667 0.8193958333333333 0.37822916666666667 0.818375 0.3706875 0.817375 0.36262500000000003
0 0.748375 0.3238333333333333 0.7549375 0.3193125 0.7614791666666666 0.31527083333333333 0.7690208333333334 0.31327083333333333 0.7770833333333333 0.31327083333333333 0.7846458333333334 0.31477083333333333 0.7916875 0.3193125 0.7977291666666667 0.32435416666666667 0.8032708333333333 0.33039583333333333 0.8083125 0.3364375 0.8118333333333333 0.34347916666666667 0.8148541666666667 0.35054166666666664 0.815875 0.3580833333333333 0.8153541666666667 0.36614583333333334 0.8118333333333333 0.3731875 0.8057916666666666 0.3792291666666667 0.8007500000000001 0.38529166666666664 0.7932083333333334 0.38779166666666665 0.7856458333333334 0.3898125 0.7781041666666667 0.3888125 0.7700416666666666 0.38629166666666664 0.7614791666666666 0.38327083333333334 0.7539166666666667 0.37975 0.747375 0.3731875 0.7423333333333333 0.36614583333333334 0.7373125 0.35910416666666667 0.7347916666666666 0.35104166666666664 0.7347916666666666 0.34297916666666667 0.7362916666666667 0.33541666666666664
0 0.5283125 0.2845625 0.5358541666666666 0.28054166666666663 0.5424166666666667 0.27599999999999997 0.5494583333333334 0.27297916666666666 0.5575208333333334 0.27297916666666666 0.5655833333333333 0.27297916666666666 0.572625 0.2765 0.5786666666666667 0.2825416666666667 0.5811875000000001 0.29010416666666666 0.5811875000000001 0.2986666666666667 0.5811875000000001 0.30672916666666666 0.5806875 0.31427083333333333 0.5781666666666666 0.3218333333333333 0.5716249999999999 0.32635416666666667 0.5640625 0.329375 0.5565 0.33089583333333333 0.5489583333333333 0.33341666666666664 0.5413958333333333 0.3359375 0.5338541666666666 0.3374375 0.5262916666666667 0.33541666666666664 0.52025 0.33039583333333333 0.5157083333333333 0.3238333333333333 0.5147083333333333 0.31629166666666664 0.5162291666666666 0.30872916666666667 0.51925 0.3016875 0.5222708333333334 0.29462499999999997
0 0.486 0.36060416666666667 0.4935625 0.35708333333333336 0.5011041666666667 0.3560833333333333 0.5086666666666667 0.3565833333333333 0.5162291666666666 0.35858333333333337 0.5227708333333333 0.36262500000000003 0.5257916666666667 0.36966666666666664 0.5278125 0.37772916666666667 0.5288125 0.38529166666666664 0.5298125 0.3928333333333333 0.5288125 0.40039583333333334 0.5247708333333333 0.4069375 0.5182291666666666 0.4109583333333333 0.5111875 0.4139791666666667 0.5041249999999999 0.417 0.4965833333333334 0.4185208333333333 0.4890208333333333 0.4165 0.4824791666666667 0.4109583333333333 0.47743749999999996 0.4044166666666667 0.4749166666666667 0.396875 0.4754375 0.38831249999999995 0.4769375 0.38075 0.4794583333333333 0.3731875
0 0.21658333333333332 0.6740208333333333 0.21993749999999998 0.6685625000000001 0.2232916666666667 0.6631041666666667 0.22747916666666665 0.6576458333333334 0.23335416666666667 0.6547083333333333 0.23966666666666667 0.6530416666666666 0.24595833333333333 0.6526041666666667 0.25266666666666665 0.6526041666666667 0.259375 0.6521875 0.26566666666666666 0.6517708333333334 0.2719791666666667 0.6526041666666667 0.2782708333333333 0.653875 0.2841458333333333 0.6568124999999999 0.2875 0.6622708333333333 0.28960416666666666 0.6689791666666667 0.29002083333333334 0.6752708333333334 0.28960416666666666 0.682 0.2891875 0.6882916666666666 0.28875 0.6945833333333333 0.2866666666666667 0.700875 0.282875 0.7063333333333334 0.2799375 0.712625 0.27447916666666666 0.7159791666666667 0.26777083333333335 0.7176666666666667 0.26147916666666665 0.7197708333333334 0.2556041666666667 0.7227083333333333 0.2493125 0.723125 0.2434375 0.7201875 0.23881249999999998 0.7155625000000001 0.23629166666666668 0.7096874999999999 0.23629166666666668 0.7029791666666667 0.23504166666666665 0.6966875 0.23210416666666667 0.6908124999999999 0.22874999999999998 0.6853541666666667 0.22370833333333331 0.6811458333333333
0 0.18258333333333335 0.6861875000000001 0.1859375 0.6807291666666667 0.19097916666666667 0.6765416666666667 0.19727083333333334 0.6756875 0.20439583333333333 0.6756875 0.21070833333333333 0.6765416666666667 0.21658333333333332 0.6790625 0.22245833333333334 0.6828333333333333 0.2270625 0.6874375 0.23041666666666666 0.6928958333333333 0.2316875 0.6996249999999999 0.23210416666666667 0.7059166666666666 0.23210416666666667 0.712625 0.22958333333333333 0.7185 0.22539583333333332 0.7239583333333334 0.22035416666666666 0.7285833333333334 0.21489583333333334 0.7323541666666666 0.20902083333333332 0.7352916666666667 0.2023125 0.7361249999999999 0.19602083333333334 0.7352916666666667 0.18970833333333334 0.7327708333333334 0.18425 0.7285833333333334 0.17964583333333334 0.7235416666666666 0.17670833333333333 0.7176666666666667 0.175875 0.711375 0.175875 0.7042291666666666 0.17670833333333333 0.6979375
0 0.07179166666666667 0.6945833333333333 0.07472916666666667 0.6887083333333333 0.07808333333333332 0.6832499999999999 0.084375 0.6803125 0.09108333333333334 0.6790625 0.09781250000000001 0.6790625 0.10410416666666666 0.678625 0.11039583333333333 0.6798958333333334 0.1166875 0.6815625 0.12256249999999999 0.6840833333333334 0.12802083333333333 0.687875 0.1330625 0.6924791666666666 0.13683333333333333 0.6979375 0.14018750000000002 0.7033958333333333 0.14270833333333333 0.7092708333333333 0.14397916666666666 0.7155625000000001 0.14397916666666666 0.7222708333333333 0.14270833333333333 0.729 0.14060416666666667 0.7357083333333333 0.13683333333333333 0.7411666666666666 0.1330625 0.746625 0.1284375 0.7512291666666666 0.12383333333333332 0.7558541666666667 0.11962500000000001 0.7608958333333333 0.11460416666666666 0.7650833333333333 0.107875 0.7650833333333333 0.10116666666666667 0.7646666666666667 0.09445833333333334 0.7638333333333333 0.08814583333333334 0.7625624999999999 0.08185416666666666 0.7613125000000001 0.07639583333333334 0.7579583333333333 0.072625 0.7525 0.06885416666666666 0.7470416666666666 0.0655 0.7415833333333333 0.06129166666666667 0.7365416666666668 0.059625000000000004 0.73025 0.058770833333333335 0.7239583333333334 0.059208333333333335 0.7176666666666667 0.06045833333333333 0.711375 0.06256250000000001 0.7050625
0 0.08312499999999999 0.4120625 0.0944375 0.4042291666666667 0.1075 0.3990208333333333 0.12229166666666667 0.3990208333333333 0.13533333333333333 0.3998958333333333 0.14664583333333334 0.40685416666666663 0.15622916666666667 0.41641666666666666 0.16143749999999998 0.4294791666666667 0.16579166666666667 0.4425208333333333 0.1640625 0.45558333333333334 0.1623125 0.4686458333333333 0.15535416666666665 0.4799583333333333 0.14404166666666668 0.48864583333333333 0.13185416666666666 0.4956041666666666 0.1188125 0.49735416666666665 0.10575 0.493875 0.0953125 0.48516666666666663 0.08572916666666666 0.47560416666666666 0.07964583333333333 0.4625416666666667 0.07529166666666667 0.44949999999999996 0.07441666666666666 0.43643750000000003 0.07704166666666666 0.423375
0 0.8979166666666667 0.5416666666666666 0.88125 0.55 0.875 0.5520833333333334 0.8729166666666667 0.5583333333333333 0.8629166666666667 0.565 0.8566666666666667 0.58 0.86 0.61 0.8729166666666667 0.6208333333333333 0.8895833333333333 0.6291666666666667 0.9208333333333333 0.6291666666666667 0.9270833333333334 0.6270833333333333 0.9333333333333333 0.625 0.9395833333333333 0.61875 0.94375 0.6145833333333334 0.9479166666666666 0.6083333333333333 0.95 0.6041666666666666 0.9520833333333333 0.5958333333333333 0.9520833333333333 0.5875 0.95 0.58125 0.9479166666666666 0.5729166666666666 0.9458333333333333 0.5666666666666667 0.94375 0.5625 0.93125 0.55 0.9270833333333334 0.5479166666666667 0.9208333333333333 0.5458333333333333 0.9145833333333333 0.54375 0.9083333333333333 0.5416666666666666 0.9041666666666667 0.5416666666666666
0 0.03125 0.34375 0.020833333333333332 0.3458333333333333 0.014583333333333334 0.34791666666666665 0.010416666666666666 0.35 0.00625 0.3541666666666667 0.0020833333333333333 0.36041666666666666 0.004166666666666667 0.3645833333333333 0.00625 0.36875 0.020833333333333332 0.38333333333333336 0.027083333333333334 0.39166666666666666 0.029166666666666667 0.39791666666666664 0.03333333333333333 0.40208333333333335 0.0375 0.41041666666666665 0.0375 0.4166666666666667 0.03958333333333333 0.42291666666666666 0.04375 0.42916666666666664 0.05 0.4354166666666667 0.05625 0.4354166666666667 0.06041666666666667 0.4375 0.06666666666666667 0.4375 0.07083333333333333 0.4375 0.07291666666666667 0.43333333333333335 0.07291666666666667 0.42916666666666664 0.075 0.42291666666666666 0.07708333333333334 0.41875 0.08333333333333333 0.4125 0.08541666666666667 0.40625 0.08958333333333333 0.40208333333333335 0.09375 0.39375 0.09375 0.38958333333333334 0.09166666666666666 0.37916666666666665 0.0875 0.37083333333333335 0.06875 0.35208333333333336 0.06041666666666667 0.34791666666666665 0.052083333333333336 0.3458333333333333 0.041666666666666664 0.34375
0 0.45208333333333334 0 0.45208333333333334 0.022916666666666665 0.45416666666666666 0.029166666666666667 0.45625 0.03333333333333333 0.46041666666666664 0.0375 0.4666666666666667 0.041666666666666664 0.4791666666666667 0.04791666666666667 0.48333333333333334 0.04791666666666667 0.49104166666666665 0.04604166666666667 0.5010416666666667 0.04708333333333334 0.5041666666666667 0.05416666666666667 0.50625 0.05625 0.5125 0.05625 0.5208333333333334 0.052083333333333336 0.5291666666666667 0.04583333333333333 0.54375 0.03125 0.55 0.01875 0.5520833333333334 0.0125 0.5520833333333334 0.004166666666666667 0.55 0
0 0.13541666666666666 0.325 0.12708333333333333 0.32708333333333334 0.11458333333333333 0.3333333333333333 0.10625 0.3416666666666667 0.10208333333333333 0.35 0.1 0.35625 0.09791666666666667 0.3625 0.09791666666666667 0.36666666666666664 0.09375 0.3729166666666667 0.09375 0.37916666666666665 0.09583333333333334 0.3875 0.10208333333333333 0.39375 0.10625 0.39791666666666664 0.11875 0.39791666666666664 0.12708333333333333 0.39375 0.13541666666666666 0.3875 0.14375 0.37916666666666665 0.15208333333333332 0.3729166666666667 0.15833333333333333 0.37083333333333335 0.16666666666666666 0.3645833333333333 0.16875 0.35625 0.16875 0.35208333333333336 0.16666666666666666 0.34791666666666665 0.16458333333333333 0.34375 0.15 0.33125 0.14375 0.32916666666666666 0.13958333333333334 0.325
0 0.9541666666666667 0.1125 0.9479166666666666 0.11458333333333333 0.9416666666666667 0.11666666666666667 0.9354166666666667 0.11875 0.9270833333333334 0.12291666666666666 0.9229166666666667 0.12708333333333333 0.9166666666666666 0.12916666666666668 0.9125 0.13333333333333333 0.9083333333333333 0.13958333333333334 0.9041666666666667 0.14583333333333334 0.9020833333333333 0.15 0.9 0.17291666666666666 0.9 0.19791666666666666 0.9125 0.21666666666666667 0.9166666666666666 0.22083333333333333 0.9229166666666667 0.22291666666666668 0.9270833333333334 0.22708333333333333 0.93125 0.22916666666666666 0.9416666666666667 0.23125 0.95 0.23125 0.9583333333333334 0.22916666666666666 0.9604166666666667 0.22708333333333333 0.9666666666666667 0.22708333333333333 0.9666666666666667 0.21666666666666667 0.96875 0.20833333333333334 0.975 0.19583333333333333 0.9791666666666666 0.19166666666666668 0.98125 0.18541666666666667 0.9854166666666667 0.18125 0.9916666666666667 0.17916666666666667 0.99375 0.175 0.9958333333333333 0.15208333333333332 0.9958333333333333 0.13125 0.9916666666666667 0.12708333333333333 0.98125 0.11875 0.975 0.11458333333333333 0.9645833333333333 0.1125
0 0.3125 0.41458333333333336 0.30416666666666664 0.41875 0.2916666666666667 0.43125 0.2875 0.4395833333333333 0.2875 0.44375 0.2833333333333333 0.45 0.28125 0.4583333333333333 0.28125 0.4708333333333333 0.2833333333333333 0.47708333333333336 0.2875 0.48333333333333334 0.29375 0.48541666666666666 0.29791666666666666 0.4895833333333333 0.30416666666666664 0.49375 0.325 0.5041666666666667 0.33125 0.50625 0.3416666666666667 0.50625 0.34791666666666665 0.5041666666666667 0.3541666666666667 0.5 0.36041666666666666 0.49375 0.3625 0.4875 0.36666666666666664 0.48333333333333334 0.36875 0.47708333333333336 0.3729166666666667 0.47291666666666665 0.3770833333333333 0.46458333333333335 0.3770833333333333 0.45 0.37083333333333335 0.4395833333333333 0.37083333333333335 0.4354166666666667 0.36875 0.42916666666666664 0.3645833333333333 0.425 0.3541666666666667 0.4166666666666667 0.35 0.41458333333333336 0.33541666666666664 0.41458333333333336 0.31875 0.4166666666666667 0.31666666666666665 0.41458333333333336
0 0.28125 0.4875 0.2791666666666667 0.49166666666666664 0.27708333333333335 0.4979166666666667 0.27708333333333335 0.5020833333333333 0.2791666666666667 0.5083333333333333 0.28125 0.5125 0.28541666666666665 0.5166666666666667 0.2916666666666667 0.5208333333333334 0.29791666666666666 0.5229166666666667 0.3145833333333333 0.5229166666666667 0.3229166666666667 0.51875 0.3229166666666667 0.5041666666666667 0.30416666666666664 0.49583333333333335 0.3 0.49166666666666664 0.29375 0.4875
0 0.13125 0.052083333333333336 0.12708333333333333 0.06041666666666667 0.12708333333333333 0.06875 0.12916666666666668 0.075 0.13125 0.07916666666666666 0.1375 0.08541666666666667 0.14166666666666666 0.0875 0.14791666666666667 0.0875 0.16041666666666668 0.08541666666666667 0.1625 0.08125 0.16458333333333333 0.07708333333333334 0.16666666666666666 0.06875 0.16666666666666666 0.06458333333333334 0.15625 0.05416666666666667 0.14791666666666667 0.05
0 0.15 0.0875 0.14375 0.08958333333333333 0.13333333333333333 0.10208333333333333 0.13125 0.1125 0.13125 0.12291666666666666 0.13541666666666666 0.13125 0.13958333333333334 0.1375 0.14583333333333334 0.14375 0.15 0.14583333333333334 0.15416666666666667 0.14791666666666667 0.15833333333333333 0.14583333333333334 0.1625 0.14375 0.16666666666666666 0.13958333333333334 0.17708333333333334 0.11875 0.17708333333333334 0.10625 0.175 0.1 0.17291666666666666 0.09583333333333334 0.16458333333333333 0.0875
0 0.09375 0.06666666666666667 0.08541666666666667 0.06875 0.07916666666666666 0.075 0.07291666666666667 0.08333333333333333 0.06458333333333334 0.09375 0.06458333333333334 0.10625 0.06875 0.11458333333333333 0.07291666666666667 0.11875 0.075 0.125 0.08333333333333333 0.12916666666666668 0.09375 0.12916666666666668 0.11458333333333333 0.12708333333333333 0.12708333333333333 0.11666666666666667 0.12916666666666668 0.10833333333333334 0.13125 0.1 0.13125 0.09166666666666666 0.12291666666666666 0.075 0.11875 0.07083333333333333 0.11041666666666666 0.06666666666666667
0 0 0.029166666666666667 0 0.06875 0.004166666666666667 0.07708333333333334 0.010416666666666666 0.08541666666666667 0.022916666666666665 0.09791666666666667 0.03125 0.1 0.0375 0.1 0.04375 0.10416666666666667 0.04791666666666667 0.10416666666666667 0.05416666666666667 0.10208333333333333 0.058333333333333334 0.1 0.0625 0.09583333333333334 0.07083333333333333 0.08541666666666667 0.075 0.07916666666666666 0.07916666666666666 0.07083333333333333 0.07916666666666666 0.06666666666666667 0.07708333333333334 0.06041666666666667 0.075 0.05416666666666667 0.07083333333333333 0.04583333333333333 0.052083333333333336 0.027083333333333334 0.04791666666666667 0.025 0.035416666666666666 0.022916666666666665 0.027083333333333334 0.022916666666666665 0.020833333333333332 0.025 0.01875 0.027083333333333334 0.014583333333333334 0.027083333333333334 0.010416666666666666 0.025
0 0.1125 0 0.10208333333333333 0.0020833333333333333 0.0875 0.016666666666666666 0.0875 0.027083333333333334 0.08958333333333333 0.041666666666666664 0.09375 0.05 0.09791666666666667 0.05416666666666667 0.10416666666666667 0.058333333333333334 0.11041666666666666 0.058333333333333334 0.11875 0.05625 0.12291666666666666 0.05416666666666667 0.13333333333333333 0.04583333333333333 0.1375 0.041666666666666664 0.1375 0.029166666666666667 0.12916666666666668 0.014583333333333334 0.12916666666666668 0.010416666666666666 0.11666666666666667 0
0 0.01875 0 0.020833333333333332 0.004166666666666667 0.020833333333333332 0.008333333333333333 0.03125 0.020833333333333332 0.0375 0.022916666666666665 0.04583333333333333 0.022916666666666665 0.05416666666666667 0.020833333333333332 0.0625 0.016666666666666666 0.07291666666666667 0.00625 0.075 0
0 0.5020833333333333 0.17291666666666666 0.4895833333333333 0.17916666666666667 0.48333333333333334 0.18541666666666667 0.4791666666666667 0.19166666666666668 0.4791666666666667 0.20208333333333334 0.48125 0.20625 0.48541666666666666 0.2125 0.4895833333333333 0.21666666666666667 0.49583333333333335 0.22291666666666668 0.5020833333333333 0.225 0.5083333333333333 0.22708333333333333 0.5145833333333333 0.22916666666666666 0.51875 0.22916666666666666 0.5270833333333333 0.22916666666666666 0.5333333333333333 0.225 0.5395833333333333 0.22083333333333333 0.54375 0.21666666666666667 0.5479166666666667 0.20833333333333334 0.5479166666666667 0.18958333333333333 0.5458333333333333 0.18541666666666667 0.5395833333333333 0.17916666666666667 0.5270833333333333 0.17291666666666666
0 0.975 0 0.9791666666666666 0.0020833333333333333 0.9833333333333333 0.00625 0.9875 0.008333333333333333 0.9979166666666667 0.008333333333333333 0.9979166666666667 0
0 0.49375 0.09375 0.4875 0.09583333333333334 0.475 0.10625 0.47291666666666665 0.12291666666666666 0.47291666666666665 0.12916666666666668 0.475 0.13541666666666666 0.4791666666666667 0.14375 0.48541666666666666 0.15 0.49375 0.15416666666666667 0.5 0.15416666666666667 0.5083333333333333 0.15208333333333332 0.5166666666666667 0.14791666666666667 0.5208333333333334 0.13958333333333334 0.5208333333333334 0.11875 0.5125 0.10208333333333333 0.5083333333333333 0.09791666666666667 0.5 0.09375
0 0.4395833333333333 0.0875 0.4354166666666667 0.08958333333333333 0.43125 0.09166666666666666 0.4354166666666667 0.10208333333333333 0.4354166666666667 0.11666666666666667 0.4375 0.13541666666666666 0.44166666666666665 0.1375 0.4479166666666667 0.13958333333333334 0.45416666666666666 0.13958333333333334 0.46041666666666664 0.1375 0.4708333333333333 0.12708333333333333 0.47291666666666665 0.12083333333333333 0.47291666666666665 0.10208333333333333 0.4625 0.08958333333333333 0.45625 0.0875
0 0.4 0.07083333333333333 0.39166666666666666 0.07291666666666667 0.38333333333333336 0.075 0.3770833333333333 0.07708333333333334 0.37083333333333335 0.08125 0.36666666666666664 0.08125 0.3625 0.08333333333333333 0.35833333333333334 0.08541666666666667 0.35833333333333334 0.09375 0.36041666666666666 0.11041666666666666 0.3625 0.1125 0.3625 0.12291666666666666 0.36041666666666666 0.13125 0.35833333333333334 0.13333333333333333 0.35625 0.14166666666666666 0.35625 0.14791666666666667 0.36041666666666666 0.15625 0.3645833333333333 0.16041666666666668 0.37083333333333335 0.16458333333333333 0.37916666666666665 0.17083333333333334 0.38333333333333336 0.17291666666666666 0.3958333333333333 0.17291666666666666 0.41041666666666665 0.17083333333333334 0.43333333333333335 0.14791666666666667 0.43333333333333335 0.10208333333333333 0.43125 0.09375 0.42916666666666664 0.08541666666666667 0.4270833333333333 0.07916666666666666 0.42291666666666666 0.07708333333333334 0.41875 0.07708333333333334 0.4125 0.075 0.41041666666666665 0.07291666666666667 0.4041666666666667 0.07083333333333333
0 0.20416666666666666 0.10416666666666667 0.19791666666666666 0.10833333333333334 0.19166666666666668 0.10833333333333334 0.18333333333333332 0.1125 0.17083333333333334 0.1375 0.17083333333333334 0.14375 0.17291666666666666 0.15208333333333332 0.175 0.15833333333333333 0.18333333333333332 0.16875 0.19375 0.17916666666666667 0.21041666666666667 0.1875 0.21458333333333332 0.1875 0.22083333333333333 0.18125 0.23333333333333334 0.18125 0.23958333333333334 0.175 0.24791666666666667 0.16458333333333333 0.25 0.14791666666666667 0.25 0.13333333333333333 0.22291666666666668 0.10625 0.2125 0.10416666666666667
0 0.34791666666666665 0.17916666666666667 0.33958333333333335 0.18333333333333332 0.33125 0.18958333333333333 0.32708333333333334 0.19375 0.32708333333333334 0.2 0.32916666666666666 0.20833333333333334 0.3333333333333333 0.21666666666666667 0.3375 0.22083333333333333 0.34375 0.225 0.35208333333333336 0.22708333333333333 0.35625 0.22708333333333333 0.3645833333333333 0.22291666666666668 0.36875 0.21875 0.3729166666666667 0.21041666666666667 0.375 0.20416666666666666 0.375 0.19583333333333333 0.37083333333333335 0.18541666666666667 0.3625 0.18125 0.35625 0.17916666666666667
0 0.3 0.20625 0.28958333333333336 0.21041666666666667 0.28541666666666665 0.21875 0.2833333333333333 0.225 0.2833333333333333 0.22916666666666666 0.29375 0.24166666666666667 0.3020833333333333 0.24375 0.3104166666666667 0.24583333333333332 0.31666666666666665 0.24583333333333332 0.32083333333333336 0.24375 0.325 0.23958333333333334 0.32708333333333334 0.23333333333333334 0.32708333333333334 0.225 0.325 0.21666666666666667 0.31666666666666665 0.20833333333333334 0.3104166666666667 0.20625
0 0.20208333333333334 0.21041666666666667 0.19375 0.21458333333333332 0.18958333333333333 0.22291666666666668 0.18958333333333333 0.23333333333333334 0.19166666666666668 0.23958333333333334 0.19375 0.24375 0.20208333333333334 0.25416666666666665 0.21041666666666667 0.2625 0.21666666666666667 0.26666666666666666 0.225 0.26875 0.23125 0.26875 0.24375 0.2625 0.24791666666666667 0.25833333333333336 0.25416666666666665 0.2520833333333333 0.25625 0.24583333333333332 0.25625 0.22083333333333333 0.2520833333333333 0.21875 0.24583333333333332 0.21666666666666667 0.24166666666666667 0.21666666666666667 0.23541666666666666 0.22083333333333333 0.21875 0.21875 0.21666666666666667 0.2125
0 0.175 0.23958333333333334 0.1625 0.24166666666666667 0.15833333333333333 0.24375 0.15416666666666667 0.24791666666666667 0.14583333333333334 0.25833333333333336 0.13541666666666666 0.2708333333333333 0.13125 0.27708333333333335 0.13125 0.29375 0.13333333333333333 0.3020833333333333 0.13541666666666666 0.30833333333333335 0.1375 0.3145833333333333 0.13958333333333334 0.32083333333333336 0.15 0.32916666666666666 0.1625 0.3416666666666667 0.16875 0.3458333333333333 0.17708333333333334 0.34791666666666665 0.18541666666666667 0.34791666666666665 0.19375 0.34375 0.2 0.33958333333333335 0.21458333333333332 0.325 0.22291666666666668 0.30833333333333335 0.225 0.3 0.225 0.2916666666666667 0.22291666666666668 0.28541666666666665 0.22083333333333333 0.2791666666666667 0.21666666666666667 0.2708333333333333 0.2125 0.26666666666666666 0.20416666666666666 0.2604166666666667 0.19583333333333333 0.25 0.19583333333333333 0.24791666666666667 0.19166666666666668 0.24375 0.1875 0.24166666666666667 0.18125 0.23958333333333334
0 0 0.26666666666666666 0 0.3458333333333333 0.004166666666666667 0.34375 0.010416666666666666 0.3416666666666667 0.014583333333333334 0.3375 0.01875 0.32916666666666666 0.020833333333333332 0.3229166666666667 0.022916666666666665 0.3104166666666667 0.022916666666666665 0.3 0.020833333333333332 0.29375 0.016666666666666666 0.28541666666666665 0.0125 0.28125 0.010416666666666666 0.275 0.004166666666666667 0.26875
0 0.12708333333333333 0 0.12708333333333333 0.004166666666666667 0.13125 0.010416666666666666 0.13125 0.014583333333333334 0.13541666666666666 0.022916666666666665 0.14375 0.03125 0.15625 0.0375 0.1625 0.03958333333333333 0.17083333333333334 0.041666666666666664 0.175 0.041666666666666664 0.19166666666666668 0.025 0.19791666666666666 0.020833333333333332 0.2 0.020833333333333332 0.20416666666666666 0.016666666666666666 0.20625 0
0 0.20833333333333334 0 0.20625 0.004166666666666667 0.20625 0.020833333333333332 0.21458333333333332 0.035416666666666666 0.21458333333333332 0.041666666666666664 0.21666666666666667 0.04583333333333333 0.23125 0.06041666666666667 0.24375 0.06041666666666667 0.2520833333333333 0.05625 0.25625 0.052083333333333336 0.2625 0.05 0.26666666666666666 0.04583333333333333 0.26875 0.03958333333333333 0.27291666666666664 0.035416666666666666 0.27708333333333335 0.027083333333333334 0.2791666666666667 0.01875 0.2791666666666667 0.014583333333333334 0.275 0.008333333333333333 0.27291666666666664 0
0 0.19166666666666668 0.027083333333333334 0.1875 0.03125 0.1875 0.035416666666666666 0.18958333333333333 0.04375 0.19166666666666668 0.05 0.19791666666666666 0.052083333333333336 0.20208333333333334 0.05416666666666667 0.20625 0.05416666666666667 0.21041666666666667 0.052083333333333336 0.2125 0.035416666666666666 0.21041666666666667 0.03125 0.20833333333333334 0.027083333333333334 0.20416666666666666 0.025
0 0.18125 0.05416666666666667 0.16875 0.06666666666666667 0.16666666666666666 0.07083333333333333 0.16458333333333333 0.07916666666666666 0.16666666666666666 0.08541666666666667 0.16875 0.08958333333333333 0.175 0.09583333333333334 0.17708333333333334 0.10208333333333333 0.18333333333333332 0.10833333333333334 0.18958333333333333 0.10833333333333334 0.19791666666666666 0.10625 0.20625 0.10208333333333333 0.2125 0.09791666666666667 0.21666666666666667 0.09375 0.21875 0.0875 0.21875 0.07708333333333334 0.21666666666666667 0.07083333333333333 0.2125 0.0625 0.20833333333333334 0.058333333333333334 0.19583333333333333 0.052083333333333336 0.19166666666666668 0.052083333333333336
0 0.2520833333333333 0.07916666666666666 0.24583333333333332 0.08333333333333333 0.23958333333333334 0.08958333333333333 0.23333333333333334 0.10416666666666667 0.23125 0.10833333333333334 0.23541666666666666 0.11458333333333333 0.24583333333333332 0.12708333333333333 0.25 0.13125 0.275 0.13125 0.27708333333333335 0.12708333333333333 0.2791666666666667 0.12083333333333333 0.2791666666666667 0.11458333333333333 0.27708333333333335 0.08333333333333333 0.27291666666666664 0.08125 0.26666666666666666 0.07916666666666666
0 0.275 0 0.27708333333333335 0.008333333333333333 0.28125 0.016666666666666666 0.28541666666666665 0.022916666666666665 0.28958333333333336 0.027083333333333334 0.29583333333333334 0.029166666666666667 0.31875 0.029166666666666667 0.32708333333333334 0.027083333333333334 0.3333333333333333 0.025 0.3375 0.022916666666666665 0.34791666666666665 0.0125 0.35208333333333336 0.004166666666666667 0.35208333333333336 0
0 0.7229166666666667 0.21458333333333332 0.7166666666666667 0.21458333333333332 0.7125 0.21666666666666667 0.7041666666666667 0.225 0.7020833333333333 0.22916666666666666 0.7 0.2375 0.7020833333333333 0.24375 0.7083333333333334 0.24791666666666667 0.7166666666666667 0.25 0.7291666666666666 0.2520833333333333 0.7354166666666667 0.2520833333333333 0.7395833333333334 0.25 0.7458333333333333 0.24583333333333332 0.7458333333333333 0.23958333333333334 0.7416666666666667 0.23125 0.7416666666666667 0.22708333333333333 0.7270833333333333 0.2125
0 0.2708333333333333 0.17083333333333334 0.26458333333333334 0.17291666666666666 0.2604166666666667 0.175 0.2520833333333333 0.18333333333333332 0.25416666666666665 0.1875 0.25625 0.19166666666666668 0.2604166666666667 0.19791666666666666 0.26458333333333334 0.20208333333333334 0.27708333333333335 0.20833333333333334 0.2875 0.20833333333333334 0.29375 0.20416666666666666 0.29791666666666666 0.2 0.3 0.19375 0.3 0.18541666666666667 0.28541666666666665 0.17083333333333334
0 0.88125 0.014583333333333334 0.8770833333333333 0.01875 0.86875 0.029166666666666667 0.8645833333333334 0.035416666666666666 0.8645833333333334 0.04375 0.8666666666666667 0.052083333333333336 0.88125 0.06666666666666667 0.8916666666666667 0.06875 0.9 0.06875 0.9041666666666667 0.06666666666666667 0.9125 0.06041666666666667 0.9166666666666666 0.05625 0.91875 0.04375 0.91875 0.03333333333333333 0.9104166666666667 0.022916666666666665 0.9020833333333333 0.014583333333333334
0 0.775 0 0.7729166666666667 0.004166666666666667 0.7666666666666667 0.016666666666666666 0.7666666666666667 0.03958333333333333 0.76875 0.06041666666666667 0.7708333333333334 0.06458333333333334 0.775 0.06875 0.7770833333333333 0.075 0.78125 0.08125 0.7854166666666667 0.0875 0.7979166666666667 0.09166666666666666 0.8145833333333333 0.09375 0.8229166666666666 0.09375 0.8291666666666667 0.09166666666666666 0.8333333333333334 0.08958333333333333 0.8416666666666667 0.08125 0.85 0.07083333333333333 0.8583333333333333 0.05416666666666667 0.8604166666666667 0.03958333333333333 0.8604166666666667 0.027083333333333334 0.8541666666666666 0.014583333333333334 0.8458333333333333 0.004166666666666667 0.8416666666666667 0
0 0.7333333333333333 0.0125 0.7229166666666667 0.014583333333333334 0.7083333333333334 0.029166666666666667 0.70625 0.035416666666666666 0.7041666666666667 0.04791666666666667 0.7041666666666667 0.052083333333333336 0.70625 0.05625 0.7125 0.06458333333333334 0.71875 0.07291666666666667 0.7333333333333333 0.07708333333333334 0.74375 0.07708333333333334 0.7520833333333333 0.07291666666666667 0.75625 0.06875 0.7625 0.0625 0.7645833333333333 0.05625 0.7645833333333333 0.041666666666666664 0.7604166666666666 0.022916666666666665 0.7541666666666667 0.020833333333333332 0.75 0.016666666666666666 0.7416666666666667 0.0125
0 0.6666666666666666 0.03333333333333333 0.6541666666666667 0.04583333333333333 0.6520833333333333 0.058333333333333334 0.6520833333333333 0.07083333333333333 0.6645833333333333 0.08333333333333333 0.675 0.08333333333333333 0.6875 0.08125 0.69375 0.07708333333333334 0.7020833333333333 0.07083333333333333 0.70625 0.06666666666666667 0.70625 0.0625 0.7041666666666667 0.05416666666666667 0.7020833333333333 0.05 0.6854166666666667 0.03333333333333333
0 0.6291666666666667 0.07708333333333334 0.6208333333333333 0.08125 0.6166666666666667 0.08541666666666667 0.60625 0.09375 0.6041666666666666 0.10208333333333333 0.6041666666666666 0.10833333333333334 0.6125 0.12291666666666666 0.6145833333333334 0.12708333333333333 0.6208333333333333 0.12291666666666666 0.64375 0.11041666666666666 0.6479166666666667 0.11041666666666666 0.65625 0.10833333333333334 0.6604166666666667 0.10625 0.6604166666666667 0.10208333333333333 0.6625 0.09375 0.6604166666666667 0.08958333333333333 0.6541666666666667 0.08125 0.65 0.07708333333333334
0 0.6625 0.10625 0.65625 0.11041666666666666 0.6520833333333333 0.11041666666666666 0.6416666666666667 0.11666666666666667 0.6375 0.11666666666666667 0.63125 0.12083333333333333 0.6270833333333333 0.12083333333333333 0.6229166666666667 0.12291666666666666 0.61875 0.125 0.6166666666666667 0.13125 0.60625 0.15 0.60625 0.17083333333333334 0.6104166666666667 0.17916666666666667 0.6145833333333334 0.18333333333333332 0.625 0.1875 0.6291666666666667 0.19166666666666668 0.6375 0.19583333333333333 0.6625 0.19583333333333333 0.675 0.18958333333333333 0.69375 0.17083333333333334 0.7020833333333333 0.15416666666666667 0.7020833333333333 0.13125 0.69375 0.12083333333333333 0.6854166666666667 0.1125 0.68125 0.11041666666666666 0.675 0.10833333333333334 0.6666666666666666 0.10625
0 0.8145833333333333 0.10416666666666667 0.7916666666666666 0.12291666666666666 0.7916666666666666 0.12708333333333333 0.7895833333333333 0.13125 0.8208333333333333 0.1625 0.8354166666666667 0.1625 0.8395833333333333 0.16041666666666668 0.8479166666666667 0.15416666666666667 0.8520833333333333 0.15 0.8541666666666666 0.14375 0.85625 0.13333333333333333 0.85625 0.12916666666666668 0.8333333333333334 0.10625 0.8229166666666666 0.10416666666666667
0 0.5833333333333334 0.0020833333333333333 0.58125 0.014583333333333334 0.58125 0.025 0.5854166666666667 0.029166666666666667 0.59375 0.035416666666666666 0.6 0.03958333333333333 0.6166666666666667 0.03958333333333333 0.6208333333333333 0.0375 0.6270833333333333 0.03333333333333333 0.6354166666666666 0.027083333333333334 0.6395833333333333 0.014583333333333334 0.6395833333333333 0.00625 0.6333333333333333 0
0 0.5520833333333334 0.029166666666666667 0.5479166666666667 0.03125 0.5395833333333333 0.0375 0.5270833333333333 0.04791666666666667 0.525 0.052083333333333336 0.5229166666666667 0.05625 0.5229166666666667 0.075 0.525 0.08125 0.5270833333333333 0.0875 0.53125 0.09375 0.53125 0.09791666666666667 0.5333333333333333 0.10208333333333333 0.54375 0.1125 0.5479166666666667 0.11458333333333333 0.55625 0.11666666666666667 0.5625 0.11666666666666667 0.56875 0.11458333333333333 0.5895833333333333 0.09375 0.59375 0.08541666666666667 0.59375 0.08125 0.5979166666666667 0.075 0.5979166666666667 0.05625 0.5958333333333333 0.05 0.5916666666666667 0.041666666666666664 0.5833333333333334 0.03333333333333333 0.575 0.03125 0.5583333333333333 0.029166666666666667
0 0.3541666666666667 0.025 0.3375 0.03333333333333333 0.3333333333333333 0.041666666666666664 0.33125 0.052083333333333336 0.33125 0.058333333333333334 0.3333333333333333 0.0625 0.3375 0.06666666666666667 0.35 0.07291666666666667 0.3729166666666667 0.07291666666666667 0.3854166666666667 0.06666666666666667 0.38958333333333334 0.05416666666666667 0.38958333333333334 0.041666666666666664 0.3854166666666667 0.03333333333333333 0.38125 0.029166666666666667 0.3729166666666667 0.025
0 0.9770833333333333 0.85625 0.9729166666666667 0.8583333333333333 0.9666666666666667 0.8625 0.9604166666666667 0.8666666666666667 0.95625 0.8708333333333333 0.9458333333333333 0.8916666666666667 0.9458333333333333 0.90625 0.9479166666666666 0.93125 0.95 0.9458333333333333 0.9541666666666667 0.9520833333333333 0.9541666666666667 0.95625 0.95625 0.9604166666666667 0.9583333333333334 0.9645833333333333 0.9625 0.9666666666666667 0.9666666666666667 0.9666666666666667 0.9729166666666667 0.96875 0.9791666666666666 0.9708333333333333 0.98125 0.9729166666666667 0.9875 0.975 0.9979166666666667 0.975 0.9979166666666667 0.8583333333333333 0.9895833333333334 0.8583333333333333
0 0.35625 0 0.35833333333333334 0.004166666666666667 0.36666666666666664 0.0125 0.37916666666666665 0.01875 0.3854166666666667 0.01875 0.39791666666666664 0.016666666666666666 0.4041666666666667 0.014583333333333334 0.41458333333333336 0.004166666666666667 0.4166666666666667 0
0 0.9979166666666667 0.68125 0.99375 0.6833333333333333 0.9833333333333333 0.6916666666666667 0.9791666666666666 0.6958333333333333 0.9770833333333333 0.7020833333333333 0.9729166666666667 0.70625 0.9708333333333333 0.7104166666666667 0.96875 0.7166666666666667 0.96875 0.725 0.9770833333333333 0.7416666666666667 0.98125 0.7458333333333333 0.9895833333333334 0.75 0.9979166666666667 0.75
0 0.9083333333333333 0.63125 0.9 0.6333333333333333 0.8916666666666667 0.6354166666666666 0.8854166666666666 0.6375 0.8708333333333333 0.6520833333333333 0.8583333333333333 0.6666666666666666 0.85625 0.6708333333333333 0.8541666666666666 0.6770833333333334 0.8520833333333333 0.6833333333333333 0.85 0.6895833333333333 0.85 0.7 0.8520833333333333 0.7104166666666667 0.8604166666666667 0.7270833333333333 0.8645833333333334 0.73125 0.8708333333333333 0.7333333333333333 0.875 0.7375 0.8854166666666666 0.7416666666666667 0.8895833333333333 0.7458333333333333 0.8979166666666667 0.75 0.9208333333333333 0.75 0.9270833333333334 0.7479166666666667 0.9354166666666667 0.74375 0.9416666666666667 0.7375 0.94375 0.7333333333333333 0.9458333333333333 0.725 0.9479166666666666 0.7166666666666667 0.9479166666666666 0.6666666666666666 0.9291666666666667 0.6375 0.925 0.6375 0.91875 0.6333333333333333 0.9125 0.63125