0 0.09791666666666667 0.6979166666666666 0.08958333333333333 0.7 0.08125 0.7020833333333333 0.075 0.7041666666666667 0.06875 0.7104166666666667 0.0625 0.71875 0.06041666666666667 0.7333333333333333 0.06041666666666667 0.7479166666666667 0.06458333333333334 0.75625 0.06875 0.7604166666666666 0.075 0.7625 0.07916666666666666 0.7666666666666667 0.08541666666666667 0.76875 0.09166666666666666 0.76875 0.09583333333333334 0.7666666666666667 0.1 0.7666666666666667 0.11041666666666666 0.7604166666666666 0.11458333333333333 0.7604166666666666 0.125 0.7520833333333333 0.12916666666666668 0.7479166666666667 0.13125 0.74375 0.13125 0.7395833333333334 0.12916666666666668 0.7270833333333333 0.12708333333333333 0.7208333333333333 0.125 0.7166666666666667 0.11875 0.7083333333333334 0.1125 0.7020833333333333 0.10416666666666667 0.6979166666666666
0 0.09583333333333334 0.9458333333333333 0.09166666666666666 0.95625 0.09166666666666666 0.9645833333333333 0.09791666666666667 0.9729166666666667 0.10833333333333334 0.9770833333333333 0.11458333333333333 0.9770833333333333 0.12291666666666666 0.9729166666666667 0.12708333333333333 0.96875 0.12916666666666668 0.9645833333333333 0.12916666666666668 0.9583333333333334 0.12708333333333333 0.95 0.12291666666666666 0.9458333333333333 0.11875 0.94375
0 0.0003125 0.09747916666666666 0.0053750000000000004 0.107625 0.009729166666666667 0.11779166666666667 0.009000000000000001 0.12866666666666665 0.006104166666666667 0.13954166666666667 0 0.14022916666666668 0 0.09766666666666667
0 0.5645833333333333 0.9604166666666667 0.5520833333333334 0.9666666666666667 0.5479166666666667 0.9708333333333333 0.5458333333333333 0.975 0.54375 0.9854166666666667 0.5458333333333333 0.9979166666666667 0.59375 0.9958333333333333 0.5958333333333333 0.9875 0.5958333333333333 0.9833333333333333 0.59375 0.9791666666666666 0.5895833333333333 0.9729166666666667 0.5854166666666667 0.96875 0.5791666666666667 0.9625 0.5708333333333333 0.9604166666666667
0 0.014583333333333334 0.3625 0 0.3645833333333333 0 0.40208333333333335 0.020833333333333332 0.40208333333333335 0.03333333333333333 0.39166666666666666 0.035416666666666666 0.38333333333333336 0.035416666666666666 0.37916666666666665 0.03125 0.37083333333333335 0.027083333333333334 0.3645833333333333
0 0.1375 0.010416666666666666 0.13333333333333333 0.0125 0.12916666666666668 0.016666666666666666 0.11875 0.025 0.11666666666666667 0.03125 0.11666666666666667 0.035416666666666666 0.11458333333333333 0.03958333333333333 0.11875 0.04583333333333333 0.125 0.05416666666666667 0.12916666666666668 0.058333333333333334 0.13958333333333334 0.06041666666666667 0.14791666666666667 0.06041666666666667 0.15416666666666667 0.05625 0.16041666666666668 0.05 0.16041666666666668 0.022916666666666665 0.15625 0.014583333333333334 0.14583333333333334 0.010416666666666666
0 0.37083333333333335 0 0.37083333333333335 0.010416666666666666 0.3729166666666667 0.020833333333333332 0.38958333333333334 0.0375 0.40208333333333335 0.0375 0.4083333333333333 0.03333333333333333 0.4166666666666667 0.027083333333333334 0.42083333333333334 0.022916666666666665 0.42291666666666666 0.010416666666666666 0.42291666666666666 0
0 0.32916666666666666 0.13333333333333333 0.31666666666666665 0.1375 0.3104166666666667 0.15 0.3104166666666667 0.15416666666666667 0.3125 0.1625 0.3145833333333333 0.17083333333333334 0.32708333333333334 0.18125 0.3375 0.18125 0.35208333333333336 0.17708333333333334 0.35625 0.17083333333333334 0.35833333333333334 0.16666666666666666 0.35833333333333334 0.15208333333333332 0.3541666666666667 0.14375 0.35 0.13958333333333334 0.3375 0.13333333333333333
0 0.09791666666666667 0.5020833333333333 0.09375 0.50625 0.0875 0.5083333333333333 0.08333333333333333 0.5208333333333334 0.08333333333333333 0.5291666666666667 0.0875 0.5354166666666667 0.09375 0.5416666666666666 0.10208333333333333 0.54375 0.10833333333333334 0.54375 0.11666666666666667 0.5375 0.12291666666666666 0.53125 0.125 0.525 0.125 0.5208333333333334 0.10625 0.5020833333333333
0 0.5041666666666667 0.6583333333333333 0.4979166666666667 0.6625 0.49375 0.6625 0.4895833333333333 0.6645833333333333 0.48541666666666666 0.66875 0.4791666666666667 0.6770833333333334 0.47291666666666665 0.6854166666666667 0.4708333333333333 0.6895833333333333 0.4708333333333333 0.7166666666666667 0.4791666666666667 0.725 0.4895833333333333 0.7333333333333333 0.5104166666666666 0.7333333333333333 0.5166666666666667 0.7291666666666666 0.5270833333333333 0.7208333333333333 0.53125 0.7166666666666667 0.5333333333333333 0.6958333333333333 0.5333333333333333 0.6770833333333334 0.53125 0.6729166666666667 0.525 0.6645833333333333 0.5208333333333334 0.6604166666666667 0.5125 0.6583333333333333
0 0.1625 0.8395833333333333 0.15833333333333333 0.8416666666666667 0.15208333333333332 0.8458333333333333 0.14791666666666667 0.85 0.13958333333333334 0.8604166666666667 0.1375 0.8666666666666667 0.1375 0.89375 0.14166666666666666 0.9 0.14166666666666666 0.9041666666666667 0.14375 0.9104166666666667 0.15208333333333332 0.9208333333333333 0.15625 0.925 0.16458333333333333 0.9270833333333334 0.175 0.9270833333333334 0.1875 0.925 0.19791666666666666 0.9229166666666667 0.20416666666666666 0.9208333333333333 0.225 0.9 0.225 0.8791666666666667 0.21458333333333332 0.8583333333333333 0.20416666666666666 0.8479166666666667 0.19375 0.8395833333333333