0 0 0.7 0 0.76875 0.004166666666666667 0.76875 0.008333333333333333 0.7666666666666667 0.016666666666666666 0.7604166666666666 0.020833333333333332 0.75625 0.022916666666666665 0.7479166666666667 0.025 0.7333333333333333 0.025 0.725 0.004166666666666667 0.7020833333333333
0 0.30833333333333335 0.9291666666666667 0.29791666666666666 0.93125 0.29375 0.9354166666666667 0.28958333333333336 0.9416666666666667 0.28958333333333336 0.9458333333333333 0.2916666666666667 0.95625 0.29375 0.9625 0.29791666666666666 0.9666666666666667 0.30416666666666664 0.9708333333333333 0.3125 0.9708333333333333 0.3229166666666667 0.9666666666666667 0.32708333333333334 0.9604166666666667 0.32916666666666666 0.95625 0.32916666666666666 0.9479166666666666 0.325 0.9333333333333333 0.31666666666666665 0.9291666666666667
0 0.7520833333333333 0.43125 0.7479166666666667 0.4354166666666667 0.74375 0.44166666666666665 0.74375 0.4625 0.7458333333333333 0.46875 0.7479166666666667 0.475 0.75 0.4791666666666667 0.7541666666666667 0.48333333333333334 0.7604166666666666 0.4875 0.7729166666666667 0.4875 0.7875 0.48333333333333334 0.7916666666666666 0.47708333333333336 0.79375 0.47291666666666665 0.79375 0.45625 0.7875 0.44375 0.775 0.43125
0 0.5645833333333333 0.33541666666666664 0.5520833333333334 0.3416666666666667 0.5479166666666667 0.3458333333333333 0.5458333333333333 0.35 0.54375 0.36041666666666666 0.54375 0.37083333333333335 0.55 0.37916666666666665 0.55625 0.3854166666666667 0.5625 0.3875 0.56875 0.3875 0.5770833333333333 0.3875 0.5833333333333334 0.38333333333333336 0.5895833333333333 0.37916666666666665 0.59375 0.37083333333333335 0.5958333333333333 0.3625 0.5958333333333333 0.35833333333333334 0.59375 0.3541666666666667 0.5895833333333333 0.34791666666666665 0.5854166666666667 0.34375 0.5791666666666667 0.3375 0.5708333333333333 0.33541666666666664
0 0.0005208333333333333 0.8616875 0.0065625 0.8667291666666667 0.013125 0.8712708333333333 0.019166666666666665 0.8762916666666667 0.023687499999999997 0.8828541666666666 0.02822916666666667 0.8893958333333334 0.03075 0.8969374999999999 0.029729166666666664 0.9045000000000001 0.028729166666666663 0.9080208333333334 0.024708333333333332 0.9145625000000001 0.018666666666666668 0.9196041666666667 0.013125 0.9251458333333333 0.007083333333333333 0.9301875000000001 0.000020833333333333333 0.9342083333333334 0 0.9342083333333334 0 0.8620208333333333
0 0.25833333333333336 0.8958333333333334 0.25 0.9041666666666667 0.24375 0.9125 0.24375 0.93125 0.25 0.9375 0.25625 0.9375 0.26458333333333334 0.9354166666666667 0.2708333333333333 0.9291666666666667 0.27708333333333335 0.9208333333333333 0.27708333333333335 0.9145833333333333 0.27291666666666664 0.9041666666666667 0.26666666666666666 0.9 0.2625 0.8979166666666667
0 0.09791666666666667 0.07291666666666667 0.08958333333333333 0.075 0.08125 0.07708333333333334 0.075 0.07916666666666666 0.06875 0.08541666666666667 0.0625 0.09375 0.06041666666666667 0.10833333333333334 0.06041666666666667 0.12291666666666666 0.06458333333333334 0.13125 0.06875 0.13541666666666666 0.075 0.1375 0.07916666666666666 0.14166666666666666 0.08541666666666667 0.14375 0.09166666666666666 0.14375 0.09583333333333334 0.14166666666666666 0.1 0.14166666666666666 0.11041666666666666 0.13541666666666666 0.11458333333333333 0.13541666666666666 0.125 0.12708333333333333 0.12916666666666668 0.12291666666666666 0.13125 0.11875 0.13125 0.11458333333333333 0.12916666666666668 0.10208333333333333 0.12708333333333333 0.09583333333333334 0.125 0.09166666666666666 0.11875 0.08333333333333333 0.1125 0.07708333333333334 0.10416666666666667 0.07291666666666667
0 0.5041666666666667 0.03333333333333333 0.4979166666666667 0.0375 0.49375 0.0375 0.4895833333333333 0.03958333333333333 0.48541666666666666 0.04375 0.4791666666666667 0.052083333333333336 0.47291666666666665 0.06041666666666667 0.4708333333333333 0.06458333333333334 0.4708333333333333 0.09166666666666666 0.4791666666666667 0.1 0.4895833333333333 0.10833333333333334 0.5104166666666666 0.10833333333333334 0.5166666666666667 0.10416666666666667 0.5270833333333333 0.09583333333333334 0.53125 0.09166666666666666 0.5333333333333333 0.07083333333333333 0.5333333333333333 0.052083333333333336 0.53125 0.04791666666666667 0.525 0.03958333333333333 0.5208333333333334 0.035416666666666666 0.5125 0.03333333333333333
0 0.1625 0.21458333333333332 0.15833333333333333 0.21666666666666667 0.15208333333333332 0.22083333333333333 0.14791666666666667 0.225 0.13958333333333334 0.23541666666666666 0.1375 0.24166666666666667 0.1375 0.26875 0.14166666666666666 0.275 0.14166666666666666 0.2791666666666667 0.14375 0.28541666666666665 0.15208333333333332 0.29583333333333334 0.15625 0.3 0.16458333333333333 0.3020833333333333 0.175 0.3020833333333333 0.1875 0.3 0.19791666666666666 0.29791666666666666 0.20416666666666666 0.29583333333333334 0.225 0.275 0.225 0.25416666666666665 0.21458333333333332 0.23333333333333334 0.20416666666666666 0.22291666666666668 0.19375 0.21458333333333332
0 0.09583333333333334 0.32083333333333336 0.09166666666666666 0.33125 0.09166666666666666 0.33958333333333335 0.09791666666666667 0.34791666666666665 0.10833333333333334 0.35208333333333336 0.11458333333333333 0.35208333333333336 0.12291666666666666 0.34791666666666665 0.12708333333333333 0.34375 0.12916666666666668 0.33958333333333335 0.12916666666666668 0.3333333333333333 0.12708333333333333 0.325 0.12291666666666666 0.32083333333333336 0.11875 0.31875
0 0.9416666666666667 0.8041666666666667 0.9354166666666667 0.8104166666666667 0.93125 0.8166666666666667 0.93125 0.8375 0.9333333333333333 0.8416666666666667 0.9375 0.8479166666666667 0.9416666666666667 0.8541666666666666 0.95625 0.8583333333333333 0.9645833333333333 0.8583333333333333 0.96875 0.8541666666666666 0.975 0.8458333333333333 0.9791666666666666 0.8395833333333333 0.9791666666666666 0.8166666666666667 0.9729166666666667 0.8104166666666667 0.9666666666666667 0.80625 0.9541666666666667 0.8041666666666667
0 0.6 0.9895833333333334 0.5958333333333333 0.9916666666666667 0.5875 0.9979166666666667 0.6333333333333333 0.9979166666666667 0.6291666666666667 0.99375 0.6208333333333333 0.9895833333333334