0 0.38958333333333334 0.47708333333333336 0.38333333333333336 0.4791666666666667 0.37916666666666665 0.48125 0.375 0.48541666666666666 0.3729166666666667 0.4895833333333333 0.37083333333333335 0.4979166666666667 0.36875 0.5145833333333333 0.36875 0.5229166666666667 0.37083333333333335 0.5270833333333333 0.3770833333333333 0.5354166666666667 0.38125 0.5395833333333333 0.3854166666666667 0.5395833333333333 0.39375 0.5416666666666666 0.3958333333333333 0.54375 0.40208333333333335 0.54375 0.41458333333333336 0.5375 0.4270833333333333 0.525 0.42916666666666664 0.5145833333333333 0.42916666666666664 0.5041666666666667 0.4270833333333333 0.4979166666666667 0.425 0.49375 0.41458333333333336 0.48333333333333334 0.41041666666666665 0.48125 0.40208333333333335 0.4791666666666667 0.39375 0.47708333333333336
0 0.05416666666666667 0.025 0.04583333333333333 0.027083333333333334 0.0375 0.03125 0.03333333333333333 0.03958333333333333 0.03333333333333333 0.04791666666666667 0.035416666666666666 0.058333333333333334 0.041666666666666664 0.06458333333333334 0.052083333333333336 0.07291666666666667 0.0625 0.07291666666666667 0.075 0.06875 0.08125 0.05625 0.08125 0.052083333333333336 0.07916666666666666 0.041666666666666664 0.075 0.03333333333333333 0.058333333333333334 0.025
0 0.63125 0.6770833333333334 0.625 0.6770833333333334 0.6166666666666667 0.6791666666666667 0.6104166666666667 0.68125 0.6 0.6916666666666667 0.5916666666666667 0.7020833333333333 0.5916666666666667 0.7270833333333333 0.6 0.7375 0.6104166666666667 0.7479166666666667 0.6166666666666667 0.7479166666666667 0.63125 0.7458333333333333 0.6395833333333333 0.74375 0.6458333333333334 0.7375 0.6583333333333333 0.7229166666666667 0.6645833333333333 0.7145833333333333 0.6645833333333333 0.70625 0.6604166666666667 0.6916666666666667 0.6541666666666667 0.6875 0.6458333333333334 0.68125 0.6395833333333333 0.6770833333333334
0 0.8041666666666667 0.6145833333333334 0.7958333333333333 0.61875 0.7916666666666666 0.6229166666666667 0.7875 0.6333333333333333 0.78125 0.6395833333333333 0.7791666666666667 0.64375 0.7770833333333333 0.6479166666666667 0.7770833333333333 0.6645833333333333 0.78125 0.6729166666666667 0.7854166666666667 0.6770833333333334 0.79375 0.6875 0.8 0.6895833333333333 0.80625 0.6895833333333333 0.8166666666666667 0.6875 0.825 0.6854166666666667 0.8375 0.6791666666666667 0.8458333333333333 0.6708333333333333 0.85 0.6645833333333333 0.8520833333333333 0.6604166666666667 0.8541666666666666 0.6541666666666667 0.8541666666666666 0.6458333333333334 0.8520833333333333 0.6375 0.8416666666666667 0.625 0.83125 0.6145833333333334
0 0.675 0.9375 0.65625 0.95625 0.65625 0.9625 0.65625 0.96875 0.6583333333333333 0.9770833333333333 0.675 0.9895833333333334 0.7 0.9895833333333334 0.7020833333333333 0.9854166666666667 0.70625 0.9770833333333333 0.70625 0.9729166666666667 0.7104166666666667 0.9666666666666667 0.7104166666666667 0.9604166666666667 0.7083333333333334 0.9520833333333333 0.70625 0.9479166666666666 0.7 0.9416666666666667 0.69375 0.9375
0 0.8645833333333334 0.6604166666666667 0.8604166666666667 0.6625 0.85625 0.6666666666666666 0.85 0.66875 0.8458333333333333 0.6770833333333334 0.8458333333333333 0.6833333333333333 0.85 0.6895833333333333 0.85 0.69375 0.8666666666666667 0.7083333333333334 0.8729166666666667 0.7083333333333334 0.8791666666666667 0.7083333333333334 0.8875 0.7 0.8895833333333333 0.6875 0.8895833333333333 0.675 0.8875 0.6708333333333333 0.8833333333333333 0.6645833333333333 0.8729166666666667 0.6604166666666667
0 0.26875 0.7583333333333333 0.26458333333333334 0.7604166666666666 0.2604166666666667 0.7645833333333333 0.25416666666666665 0.7666666666666667 0.25 0.7708333333333334 0.24375 0.7770833333333333 0.24166666666666667 0.7854166666666667 0.23958333333333334 0.79375 0.2375 0.8020833333333334 0.2375 0.80625 0.23958333333333334 0.8145833333333333 0.24166666666666667 0.81875 0.2520833333333333 0.8291666666666667 0.25833333333333336 0.83125 0.2708333333333333 0.8333333333333334 0.275 0.8333333333333334 0.3 0.8083333333333333 0.3020833333333333 0.8020833333333334 0.30416666666666664 0.7895833333333333 0.30416666666666664 0.7833333333333333 0.3020833333333333 0.7791666666666667 0.29583333333333334 0.7708333333333334 0.2916666666666667 0.7645833333333333 0.2833333333333333 0.7604166666666666 0.27291666666666664 0.7583333333333333
0 0.9625 0.008333333333333333 0.9583333333333334 0.010416666666666666 0.95 0.016666666666666666 0.9416666666666667 0.022916666666666665 0.9375 0.03333333333333333 0.9354166666666667 0.05 0.9354166666666667 0.058333333333333334 0.9395833333333333 0.06666666666666667 0.94375 0.07083333333333333 0.9583333333333334 0.08125 0.98125 0.08125 0.99375 0.075 0.9979166666666667 0.07291666666666667 0.9979166666666667 0.016666666666666666 0.99375 0.014583333333333334 0.98125 0.008333333333333333
0 0.06458333333333334 0 0.06875 0.0020833333333333333 0.075 0.004166666666666667 0.08333333333333333 0.004166666666666667 0.09166666666666666 0.00625 0.09375 0.008333333333333333 0.10416666666666667 0.010416666666666666 0.10833333333333334 0.010416666666666666 0.11875 0
0 0.21666666666666667 0.21875 0.20833333333333334 0.22291666666666668 0.20416666666666666 0.225 0.20416666666666666 0.22916666666666666 0.20208333333333334 0.2375 0.2 0.23958333333333334 0.2 0.24375 0.20208333333333334 0.24791666666666667 0.20625 0.2520833333333333 0.2125 0.25833333333333336 0.21875 0.2604166666666667 0.22291666666666668 0.2604166666666667 0.22708333333333333 0.2625 0.23333333333333334 0.25833333333333336 0.2375 0.25416666666666665 0.23958333333333334 0.24375 0.23958333333333334 0.23333333333333334 0.2375 0.22916666666666666 0.23125 0.22083333333333333
0 0.16875 0.45416666666666666 0.1625 0.4583333333333333 0.15833333333333333 0.4625 0.15208333333333332 0.46875 0.15 0.475 0.15 0.48333333333333334 0.15208333333333332 0.4895833333333333 0.15416666666666667 0.49375 0.16041666666666668 0.5020833333333333 0.16458333333333333 0.50625 0.17708333333333334 0.5083333333333333 0.18541666666666667 0.5083333333333333 0.18958333333333333 0.50625 0.19791666666666666 0.5 0.20208333333333334 0.49583333333333335 0.20416666666666666 0.4895833333333333 0.20625 0.47708333333333336 0.20625 0.47291666666666665 0.20416666666666666 0.46875 0.19791666666666666 0.4625 0.19166666666666668 0.45625 0.18333333333333332 0.45416666666666666 0.17708333333333334 0.45416666666666666
0 0.7520833333333333 0.5791666666666667 0.7479166666666667 0.58125 0.7416666666666667 0.5854166666666667 0.7333333333333333 0.5916666666666667 0.7270833333333333 0.5958333333333333 0.7229166666666667 0.6041666666666666 0.7208333333333333 0.6125 0.7208333333333333 0.61875 0.7270833333333333 0.63125 0.73125 0.6354166666666666 0.7395833333333334 0.6416666666666667 0.7479166666666667 0.64375 0.7604166666666666 0.6458333333333334 0.7666666666666667 0.6458333333333334 0.7770833333333333 0.6395833333333333 0.7833333333333333 0.6375 0.7854166666666667 0.63125 0.7916666666666666 0.6208333333333333 0.7916666666666666 0.6104166666666667 0.7895833333333333 0.6 0.7854166666666667 0.59375 0.7791666666666667 0.5854166666666667 0.775 0.58125 0.7625 0.5791666666666667
0 0.8154166666666666 0.7204166666666667 0.8095833333333334 0.72375 0.8029166666666666 0.7283333333333334 0.8 0.7412500000000001 0.8029166666666666 0.7487499999999999 0.8075 0.7516666666666667 0.8175 0.7541666666666667 0.8270833333333333 0.7479166666666667 0.83125 0.7354166666666667 0.83125 0.7270833333333333 0.82375 0.7208333333333333