0 0.25833333333333336 0.2708333333333333 0.25 0.2791666666666667 0.24375 0.2875 0.24375 0.30625 0.25 0.3125 0.25625 0.3125 0.26458333333333334 0.3104166666666667 0.2708333333333333 0.30416666666666664 0.27708333333333335 0.29583333333333334 0.27708333333333335 0.28958333333333336 0.27291666666666664 0.2791666666666667 0.26666666666666666 0.275 0.2625 0.27291666666666664
0 0.9541666666666667 0.43333333333333335 0.9333333333333333 0.4479166666666667 0.93125 0.45416666666666666 0.9291666666666667 0.4625 0.9291666666666667 0.4666666666666667 0.9333333333333333 0.47291666666666665 0.9333333333333333 0.47708333333333336 0.9354166666666667 0.48125 0.9375 0.48541666666666666 0.9479166666666666 0.48541666666666666 0.9541666666666667 0.4875 0.95625 0.4895833333333333 0.9604166666666667 0.4895833333333333 0.9645833333333333 0.48541666666666666 0.9729166666666667 0.4791666666666667 0.975 0.4791666666666667 0.9791666666666666 0.475 0.9791666666666666 0.4708333333333333 0.98125 0.4625 0.9833333333333333 0.46041666666666664 0.9833333333333333 0.45208333333333334 0.98125 0.44583333333333336 0.9729166666666667 0.4375 0.9666666666666667 0.4354166666666667 0.9583333333333334 0.43333333333333335
0 0.9416666666666667 0.17916666666666667 0.9354166666666667 0.18541666666666667 0.93125 0.19166666666666668 0.93125 0.2125 0.9333333333333333 0.21666666666666667 0.9375 0.22291666666666668 0.9416666666666667 0.22916666666666666 0.95625 0.23333333333333334 0.9645833333333333 0.23333333333333334 0.96875 0.22916666666666666 0.975 0.22083333333333333 0.9791666666666666 0.21458333333333332 0.9791666666666666 0.19166666666666668 0.9729166666666667 0.18541666666666667 0.9666666666666667 0.18125 0.9541666666666667 0.17916666666666667
0 0.8770833333333333 0.42916666666666664 0.86875 0.4354166666666667 0.8625 0.44166666666666665 0.8625 0.4625 0.8645833333333334 0.4666666666666667 0.86875 0.47291666666666665 0.88125 0.47708333333333336 0.8895833333333333 0.47708333333333336 0.9 0.46875 0.9083333333333333 0.46041666666666664 0.9083333333333333 0.44583333333333336 0.8958333333333334 0.43333333333333335 0.8895833333333333 0.43125 0.88125 0.42916666666666664
0 0.9375 0.4875 0.9208333333333333 0.4895833333333333 0.9104166666666667 0.49166666666666664 0.90625 0.49375 0.9 0.4979166666666667 0.89375 0.5020833333333333 0.8895833333333333 0.50625 0.8833333333333333 0.5125 0.88125 0.51875 0.8791666666666667 0.525 0.8770833333333333 0.53125 0.8770833333333333 0.5520833333333334 0.8791666666666667 0.55625 0.8833333333333333 0.5604166666666667 0.8854166666666666 0.5666666666666667 0.8895833333333333 0.5708333333333333 0.9083333333333333 0.5833333333333334 0.9166666666666666 0.5833333333333334 0.9229166666666667 0.58125 0.9291666666666667 0.5770833333333333 0.9375 0.5708333333333333 0.9458333333333333 0.5645833333333333 0.95625 0.55625 0.9645833333333333 0.55 0.96875 0.5458333333333333 0.975 0.5333333333333333 0.975 0.5291666666666667 0.9770833333333333 0.525 0.9770833333333333 0.5166666666666667 0.9729166666666667 0.5104166666666666 0.9666666666666667 0.5020833333333333 0.9625 0.4979166666666667 0.9479166666666666 0.4875
0 0.6 0.3645833333333333 0.5958333333333333 0.36666666666666664 0.5875 0.3729166666666667 0.5833333333333334 0.3770833333333333 0.5791666666666667 0.3854166666666667 0.5770833333333333 0.40208333333333335 0.5770833333333333 0.4166666666666667 0.58125 0.42291666666666666 0.5875 0.43125 0.5916666666666667 0.4354166666666667 0.5958333333333333 0.4354166666666667 0.6041666666666666 0.4375 0.60625 0.4395833333333333 0.6125 0.4395833333333333 0.63125 0.4270833333333333 0.6354166666666666 0.42291666666666666 0.6395833333333333 0.4166666666666667 0.6416666666666667 0.4125 0.6416666666666667 0.3875 0.6375 0.37916666666666665 0.6333333333333333 0.3729166666666667 0.6291666666666667 0.36875 0.6208333333333333 0.3645833333333333
0 0.6166666666666667 0.94375 0.6083333333333333 0.9458333333333333 0.6 0.95 0.5958333333333333 0.95625 0.5916666666666667 0.9625 0.5875 0.96875 0.5854166666666667 0.9729166666666667 0.5854166666666667 0.9833333333333333 0.5895833333333333 0.9958333333333333 0.59375 0.9979166666666667 0.6354166666666666 0.9958333333333333 0.6416666666666667 0.9833333333333333 0.6416666666666667 0.9625 0.6395833333333333 0.9583333333333334 0.6354166666666666 0.9541666666666667 0.6208333333333333 0.94375
0 0.4270833333333333 0.7333333333333333 0.4166666666666667 0.7416666666666667 0.41041666666666665 0.7479166666666667 0.41041666666666665 0.7770833333333333 0.41458333333333336 0.7833333333333333 0.42291666666666666 0.79375 0.4270833333333333 0.7979166666666667 0.4375 0.8 0.44583333333333336 0.8 0.45625 0.7916666666666666 0.46458333333333335 0.7833333333333333 0.46458333333333335 0.7583333333333333 0.4625 0.7541666666666667 0.45625 0.7458333333333333 0.45208333333333334 0.7395833333333334 0.44375 0.7354166666666667 0.43125 0.7333333333333333
0 0.2708333333333333 0.8645833333333334 0.26666666666666666 0.86875 0.2604166666666667 0.8770833333333333 0.25833333333333336 0.88125 0.25833333333333336 0.8875 0.2604166666666667 0.89375 0.26458333333333334 0.9 0.2708333333333333 0.90625 0.28958333333333336 0.90625 0.3 0.8958333333333334 0.3020833333333333 0.8875 0.3020833333333333 0.88125 0.3 0.8770833333333333 0.29375 0.86875 0.28958333333333336 0.8645833333333334
0 0.16041666666666668 0.8791666666666667 0.15208333333333332 0.88125 0.14166666666666666 0.8854166666666666 0.14166666666666666 0.8916666666666667 0.13958333333333334 0.8979166666666667 0.13541666666666666 0.9020833333333333 0.13541666666666666 0.90625 0.1375 0.9125 0.14375 0.925 0.14583333333333334 0.9291666666666667 0.15 0.9291666666666667 0.15833333333333333 0.93125 0.16041666666666668 0.9333333333333333 0.16458333333333333 0.9333333333333333 0.18125 0.925 0.18541666666666667 0.9208333333333333 0.1875 0.9166666666666666 0.1875 0.8958333333333334 0.18333333333333332 0.8895833333333333 0.17916666666666667 0.8854166666666666 0.16666666666666666 0.8791666666666667
0 0.25 0.7604166666666666 0.24375 0.7645833333333333 0.23958333333333334 0.7645833333333333 0.23541666666666666 0.7666666666666667 0.22708333333333333 0.775 0.22083333333333333 0.7875 0.22083333333333333 0.8083333333333333 0.22916666666666666 0.81875 0.23958333333333334 0.8291666666666667 0.24583333333333332 0.83125 0.25625 0.8333333333333334 0.2625 0.8333333333333334 0.26875 0.83125 0.27708333333333335 0.8270833333333333 0.2875 0.8166666666666667 0.28958333333333336 0.8083333333333333 0.2916666666666667 0.79375 0.2916666666666667 0.7875 0.28958333333333336 0.7833333333333333 0.28541666666666665 0.7770833333333333 0.28125 0.7729166666666667 0.275 0.7666666666666667 0.26875 0.7645833333333333 0.2604166666666667 0.7625 0.25416666666666665 0.7604166666666666
0 0.31666666666666665 0.5770833333333333 0.30833333333333335 0.5833333333333334 0.3020833333333333 0.5895833333333333 0.3 0.6 0.3 0.6083333333333333 0.30625 0.6208333333333333 0.31875 0.625 0.32708333333333334 0.625 0.33958333333333335 0.6145833333333334 0.3416666666666667 0.6083333333333333 0.34375 0.6020833333333333 0.34375 0.5979166666666667 0.33541666666666664 0.58125 0.325 0.5770833333333333
0 0.11458333333333333 0.8645833333333334 0.10625 0.8708333333333333 0.1 0.8770833333333333 0.1 0.8854166666666666 0.10208333333333333 0.89375 0.10625 0.8979166666666667 0.1125 0.9020833333333333 0.12291666666666666 0.9041666666666667 0.12916666666666668 0.9041666666666667 0.13333333333333333 0.9020833333333333 0.1375 0.8979166666666667 0.1375 0.89375 0.13958333333333334 0.8854166666666666 0.14166666666666666 0.8833333333333333 0.14166666666666666 0.8791666666666667 0.1375 0.8729166666666667 0.13333333333333333 0.86875 0.12916666666666668 0.86875 0.12083333333333333 0.8666666666666667 0.11875 0.8645833333333334
0 0.12083333333333333 0.5479166666666667 0.09375 0.58125 0.09375 0.59375 0.09583333333333334 0.6083333333333333 0.11458333333333333 0.625 0.12291666666666666 0.6270833333333333 0.13125 0.6270833333333333 0.13958333333333334 0.625 0.14583333333333334 0.6229166666666667 0.15 0.6208333333333333 0.17083333333333334 0.6 0.17291666666666666 0.5916666666666667 0.17291666666666666 0.5833333333333334 0.16875 0.575 0.16458333333333333 0.56875 0.15833333333333333 0.5604166666666667 0.15208333333333332 0.5541666666666667 0.13958333333333334 0.5479166666666667
0 0.19375 0.47708333333333336 0.18333333333333332 0.4875 0.18333333333333332 0.49375 0.18541666666666667 0.5083333333333333 0.18958333333333333 0.51875 0.19583333333333333 0.5208333333333334 0.2 0.525 0.20833333333333334 0.5291666666666667 0.2125 0.5291666666666667 0.22083333333333333 0.5270833333333333 0.22708333333333333 0.5208333333333334 0.23125 0.5166666666666667 0.23333333333333334 0.5125 0.23333333333333334 0.4979166666666667 0.22916666666666666 0.4895833333333333 0.225 0.48541666666666666 0.21666666666666667 0.4791666666666667 0.2125 0.47708333333333336
0 0.14166666666666666 0.4354166666666667 0.12916666666666668 0.4375 0.125 0.44166666666666665 0.12291666666666666 0.44583333333333336 0.12291666666666666 0.4625 0.13125 0.4708333333333333 0.15625 0.46875 0.16041666666666668 0.4625 0.1625 0.4583333333333333 0.1625 0.45208333333333334 0.16041666666666668 0.44375 0.15625 0.4395833333333333 0.15 0.4354166666666667
0 0.30833333333333335 0.30416666666666664 0.29791666666666666 0.30625 0.29375 0.3104166666666667 0.28958333333333336 0.31666666666666665 0.28958333333333336 0.32083333333333336 0.2916666666666667 0.33125 0.29375 0.3375 0.29791666666666666 0.3416666666666667 0.30416666666666664 0.3458333333333333 0.3125 0.3458333333333333 0.3229166666666667 0.3416666666666667 0.32708333333333334 0.33541666666666664 0.32916666666666666 0.33125 0.32916666666666666 0.3229166666666667 0.325 0.30833333333333335 0.31666666666666665 0.30416666666666664
0 0 0.075 0 0.14375 0.004166666666666667 0.14375 0.008333333333333333 0.14166666666666666 0.016666666666666666 0.13541666666666666 0.020833333333333332 0.13125 0.022916666666666665 0.12291666666666666 0.025 0.10833333333333334 0.025 0.1 0.004166666666666667 0.07708333333333334
0 0.000020833333333333333 0.23714583333333333 0.005479166666666666 0.2405 0.010520833333333333 0.2446875 0.015125 0.2493125 0.01975 0.2539166666666667 0.0239375 0.25895833333333335 0.026041666666666668 0.26525 0.0273125 0.2715416666666667 0.026875 0.2778541666666667 0.024374999999999997 0.28372916666666664 0.020166666666666666 0.2891875 0.0155625 0.2937916666666667 0.010104166666666666 0.2975625 0.0050625 0.3017708333333333 0.0004375 0.306375 0 0.3065625 0 0.23714583333333333