0 0.91875 0.45416666666666666 0.9125 0.4583333333333333 0.9083333333333333 0.4625 0.9020833333333333 0.46875 0.9 0.475 0.9 0.48333333333333334 0.9020833333333333 0.4895833333333333 0.9041666666666667 0.49375 0.9104166666666667 0.5020833333333333 0.9145833333333333 0.50625 0.9270833333333334 0.5083333333333333 0.9354166666666667 0.5083333333333333 0.9395833333333333 0.50625 0.9479166666666666 0.5 0.9520833333333333 0.49583333333333335 0.9541666666666667 0.4895833333333333 0.95625 0.47708333333333336 0.95625 0.47291666666666665 0.9541666666666667 0.46875 0.9479166666666666 0.4625 0.9416666666666667 0.45625 0.9333333333333333 0.45416666666666666 0.9270833333333334 0.45416666666666666
0 0.9666666666666667 0.21875 0.9583333333333334 0.22291666666666668 0.9541666666666667 0.225 0.9541666666666667 0.22916666666666666 0.9520833333333333 0.2375 0.95 0.23958333333333334 0.95 0.24375 0.9520833333333333 0.24791666666666667 0.95625 0.2520833333333333 0.9625 0.25833333333333336 0.96875 0.2604166666666667 0.9729166666666667 0.2604166666666667 0.9770833333333333 0.2625 0.9833333333333333 0.25833333333333336 0.9875 0.25416666666666665 0.9895833333333334 0.24375 0.9895833333333334 0.23333333333333334 0.9875 0.22916666666666666 0.98125 0.22083333333333333
0 0.9979166666666667 0.7708333333333334 0.9958333333333333 0.775 0.99375 0.7833333333333333 0.9916666666666667 0.7916666666666666 0.9895833333333334 0.79375 0.9875 0.8020833333333334 0.9875 0.80625 0.9895833333333334 0.8145833333333333 0.9916666666666667 0.81875 0.9979166666666667 0.825
0 0.6291666666666667 0.6666666666666666 0.61875 0.675 0.6125 0.68125 0.6104166666666667 0.6895833333333333 0.6083333333333333 0.7020833333333333 0.6083333333333333 0.7083333333333334 0.6125 0.7145833333333333 0.6208333333333333 0.725 0.625 0.7291666666666666 0.6395833333333333 0.73125 0.65 0.73125 0.65625 0.7270833333333333 0.6625 0.7208333333333333 0.6645833333333333 0.7145833333333333 0.6666666666666666 0.70625 0.66875 0.6979166666666666 0.66875 0.69375 0.6666666666666666 0.6895833333333333 0.6604166666666667 0.68125 0.6541666666666667 0.6729166666666667 0.6458333333333334 0.66875 0.6333333333333333 0.6666666666666666
0 0.6083333333333333 0.9375 0.6 0.94375 0.5958333333333333 0.9541666666666667 0.5958333333333333 0.9625 0.6 0.96875 0.60625 0.9770833333333333 0.6104166666666667 0.98125 0.6145833333333334 0.98125 0.6208333333333333 0.98125 0.6270833333333333 0.9791666666666666 0.63125 0.975 0.6375 0.96875 0.6375 0.9625 0.6375 0.9541666666666667 0.6333333333333333 0.9479166666666666 0.6291666666666667 0.94375 0.6229166666666667 0.9375 0.6166666666666667 0.9375
0 0.32708333333333334 0.73125 0.31875 0.7354166666666667 0.3145833333333333 0.7395833333333334 0.30833333333333335 0.7416666666666667 0.30416666666666664 0.7458333333333333 0.3 0.7541666666666667 0.29791666666666666 0.7645833333333333 0.29791666666666666 0.775 0.3 0.7791666666666667 0.30625 0.7875 0.3125 0.7958333333333333 0.31666666666666665 0.8 0.33125 0.8020833333333334 0.34375 0.8020833333333334 0.35208333333333336 0.7979166666666667 0.35833333333333334 0.7916666666666666 0.3625 0.7854166666666667 0.3625 0.7541666666666667 0.36041666666666666 0.75 0.3541666666666667 0.7416666666666667 0.35 0.7354166666666667 0.3375 0.73125
0 0.325 0.45416666666666666 0.3145833333333333 0.45625 0.30625 0.46041666666666664 0.3 0.46875 0.3 0.47708333333333336 0.3 0.48333333333333334 0.30625 0.4895833333333333 0.3125 0.49583333333333335 0.31666666666666665 0.4979166666666667 0.32083333333333336 0.4979166666666667 0.32916666666666666 0.49583333333333335 0.33541666666666664 0.49375 0.3416666666666667 0.4875 0.3458333333333333 0.48125 0.3458333333333333 0.47291666666666665 0.3416666666666667 0.4625 0.3333333333333333 0.45625 0.32916666666666666 0.45416666666666666
0 0.275 0.30833333333333335 0.2708333333333333 0.3104166666666667 0.26458333333333334 0.3145833333333333 0.2604166666666667 0.3229166666666667 0.25833333333333336 0.33541666666666664 0.25833333333333336 0.3416666666666667 0.2625 0.34791666666666665 0.26666666666666666 0.35208333333333336 0.27708333333333335 0.3541666666666667 0.2833333333333333 0.3541666666666667 0.2875 0.35208333333333336 0.29375 0.3458333333333333 0.3020833333333333 0.33541666666666664 0.3020833333333333 0.33125 0.3 0.3229166666666667 0.29791666666666666 0.31875 0.2875 0.30833333333333335
0 0.020833333333333332 0.37083333333333335 0.016666666666666666 0.3729166666666667 0.008333333333333333 0.37916666666666665 0.0020833333333333333 0.38333333333333336 0 0.44375 0.004166666666666667 0.44583333333333336 0.016666666666666666 0.45208333333333334 0.029166666666666667 0.45208333333333334 0.0375 0.44583333333333336 0.05 0.4354166666666667 0.058333333333333334 0.4270833333333333 0.0625 0.41875 0.0625 0.40208333333333335 0.05416666666666667 0.3854166666666667 0.05 0.38125 0.04375 0.3770833333333333 0.035416666666666666 0.3729166666666667 0.027083333333333334 0.37083333333333335
0 0.8041666666666667 0.025 0.7958333333333333 0.027083333333333334 0.7875 0.03125 0.7833333333333333 0.03958333333333333 0.7833333333333333 0.04791666666666667 0.7854166666666667 0.058333333333333334 0.7916666666666666 0.06458333333333334 0.8020833333333334 0.07291666666666667 0.8125 0.07291666666666667 0.825 0.06875 0.83125 0.05625 0.83125 0.052083333333333336 0.8291666666666667 0.041666666666666664 0.825 0.03333333333333333 0.8083333333333333 0.025
0 0.8145833333333333 0 0.81875 0.0020833333333333333 0.825 0.004166666666666667 0.8333333333333334 0.004166666666666667 0.8416666666666667 0.00625 0.84375 0.008333333333333333 0.8541666666666666 0.010416666666666666 0.8583333333333333 0.010416666666666666 0.86875 0