0 0.5854166666666667 0.48125 0.58125 0.48333333333333334 0.5729166666666666 0.4895833333333333 0.5708333333333333 0.50625 0.5875 0.5166666666666667 0.59375 0.5166666666666667 0.5979166666666667 0.5145833333333333 0.6020833333333333 0.5104166666666666 0.60625 0.5041666666666667 0.6083333333333333 0.49583333333333335 0.6083333333333333 0.4895833333333333 0.60625 0.48541666666666666 0.6020833333333333 0.48125
0 0.6125 0.41458333333333336 0.6041666666666666 0.42291666666666666 0.5979166666666667 0.43125 0.5958333333333333 0.44166666666666665 0.5958333333333333 0.45 0.6020833333333333 0.45625 0.6104166666666667 0.4625 0.6208333333333333 0.4625 0.6333333333333333 0.46041666666666664 0.64375 0.45 0.64375 0.43125 0.6375 0.42291666666666666 0.63125 0.4166666666666667 0.6208333333333333 0.41458333333333336
0 0.6270833333333333 0.0625 0.61875 0.07916666666666666 0.61875 0.08958333333333333 0.6208333333333333 0.09791666666666667 0.6375 0.11458333333333333 0.6604166666666667 0.11458333333333333 0.675 0.1 0.6770833333333334 0.09583333333333334 0.6791666666666667 0.08958333333333333 0.6791666666666667 0.08333333333333333 0.6770833333333334 0.075 0.675 0.07291666666666667 0.675 0.06666666666666667 0.6583333333333333 0.06666666666666667 0.6375 0.06458333333333334 0.6354166666666666 0.06041666666666667
0 0.6666666666666666 0.21458333333333332 0.6520833333333333 0.21666666666666667 0.64375 0.22291666666666668 0.6375 0.22916666666666666 0.6333333333333333 0.2375 0.6333333333333333 0.25625 0.6354166666666666 0.2604166666666667 0.6395833333333333 0.26666666666666666 0.64375 0.27291666666666664 0.6479166666666667 0.2791666666666667 0.6583333333333333 0.2833333333333333 0.6729166666666667 0.28541666666666665 0.6791666666666667 0.28541666666666665 0.6854166666666667 0.28125 0.69375 0.275 0.6979166666666666 0.2708333333333333 0.7 0.2604166666666667 0.7020833333333333 0.24375 0.7020833333333333 0.23541666666666666 0.6958333333333333 0.22708333333333333 0.6875 0.21875 0.6791666666666667 0.21458333333333332
0 0.64375 0.004166666666666667 0.6291666666666667 0.01875 0.6270833333333333 0.029166666666666667 0.6270833333333333 0.03958333333333333 0.63125 0.04583333333333333 0.63125 0.05 0.6354166666666666 0.058333333333333334 0.6375 0.0625 0.6583333333333333 0.06458333333333334 0.6770833333333334 0.06458333333333334 0.6854166666666667 0.06041666666666667 0.6916666666666667 0.05625 0.6958333333333333 0.052083333333333336 0.6979166666666666 0.04791666666666667 0.6979166666666666 0.041666666666666664 0.6958333333333333 0.029166666666666667 0.6916666666666667 0.020833333333333332 0.6854166666666667 0.01875 0.68125 0.014583333333333334 0.675 0.0125 0.6708333333333333 0.008333333333333333 0.6625 0.004166666666666667
0 0.56875 0 0.56875 0.004166666666666667 0.575 0.016666666666666666 0.5791666666666667 0.020833333333333332 0.5854166666666667 0.022916666666666665 0.5916666666666667 0.022916666666666665 0.5958333333333333 0.022916666666666665 0.6 0.020833333333333332 0.6041666666666666 0.016666666666666666 0.6083333333333333 0.010416666666666666 0.60625 0
0 0.5666666666666667 0.925 0.5520833333333334 0.9270833333333334 0.5375 0.9291666666666667 0.5291666666666667 0.93125 0.53125 0.95 0.5229166666666667 0.9666666666666667 0.5229166666666667 0.9729166666666667 0.5229166666666667 0.9770833333333333 0.525 0.9833333333333333 0.53125 0.9895833333333334 0.5354166666666667 0.99375 0.54375 0.9979166666666667 0.58125 0.9979166666666667 0.5895833333333333 0.9916666666666667 0.59375 0.9875 0.6 0.975 0.6 0.9708333333333333 0.6041666666666666 0.9645833333333333 0.6041666666666666 0.9604166666666667 0.6020833333333333 0.9541666666666667 0.6 0.9479166666666666 0.5979166666666667 0.9416666666666667 0.5729166666666666 0.925
0 0.5833333333333334 0.8291666666666667 0.5708333333333333 0.8354166666666667 0.5625 0.84375 0.55625 0.8520833333333333 0.55625 0.86875 0.5583333333333333 0.8875 0.5604166666666667 0.8916666666666667 0.5666666666666667 0.8979166666666667 0.58125 0.9083333333333333 0.6020833333333333 0.9083333333333333 0.60625 0.90625 0.6145833333333334 0.9 0.6229166666666667 0.89375 0.6270833333333333 0.8895833333333333 0.6291666666666667 0.8729166666666667 0.6291666666666667 0.85625 0.6270833333333333 0.85 0.625 0.8458333333333333 0.6145833333333334 0.8354166666666667 0.6083333333333333 0.8333333333333334 0.5979166666666667 0.83125 0.5875 0.8291666666666667
0 0.8354166666666667 0.8458333333333333 0.825 0.8479166666666667 0.80625 0.8666666666666667 0.8041666666666667 0.88125 0.8041666666666667 0.8958333333333334 0.8166666666666667 0.9083333333333333 0.8208333333333333 0.9083333333333333 0.83125 0.90625 0.8375 0.9041666666666667 0.8416666666666667 0.9 0.85 0.8895833333333333 0.8541666666666666 0.8833333333333333 0.8541666666666666 0.8708333333333333 0.8520833333333333 0.8541666666666666 0.84375 0.8458333333333333
0 0.49166666666666664 0.9208333333333333 0.48541666666666666 0.9270833333333334 0.48125 0.9333333333333333 0.48125 0.9395833333333333 0.48333333333333334 0.9520833333333333 0.4875 0.9625 0.49583333333333335 0.96875 0.5 0.9708333333333333 0.51875 0.9708333333333333 0.5208333333333334 0.9666666666666667 0.5291666666666667 0.95 0.5270833333333333 0.93125 0.5208333333333334 0.9270833333333334 0.5145833333333333 0.9229166666666667 0.5104166666666666 0.9208333333333333
0 0.85625 0.7354166666666667 0.8354166666666667 0.7458333333333333 0.83125 0.75 0.8270833333333333 0.75625 0.8270833333333333 0.7666666666666667 0.8291666666666667 0.7791666666666667 0.8333333333333334 0.7833333333333333 0.8416666666666667 0.7895833333333333 0.8479166666666667 0.79375 0.8541666666666666 0.79375 0.86875 0.7916666666666666 0.8791666666666667 0.7875 0.8854166666666666 0.7791666666666667 0.8895833333333333 0.7729166666666667 0.8916666666666667 0.76875 0.8916666666666667 0.7520833333333333 0.8875 0.74375 0.8833333333333333 0.7395833333333334 0.875 0.7354166666666667
0 0.7791666666666667 0.65 0.7729166666666667 0.6541666666666667 0.7645833333333333 0.6604166666666667 0.7583333333333333 0.6666666666666666 0.7520833333333333 0.6729166666666667 0.75 0.6791666666666667 0.7479166666666667 0.6875 0.7458333333333333 0.69375 0.7479166666666667 0.7145833333333333 0.7541666666666667 0.71875 0.7604166666666666 0.7208333333333333 0.7645833333333333 0.725 0.7708333333333334 0.7291666666666666 0.775 0.73125 0.7854166666666667 0.7333333333333333 0.79375 0.7333333333333333 0.8 0.73125 0.8104166666666667 0.7229166666666667 0.8166666666666667 0.7166666666666667 0.8229166666666666 0.7083333333333334 0.825 0.7041666666666667 0.8270833333333333 0.6958333333333333 0.8270833333333333 0.6854166666666667 0.7958333333333333 0.65