0 0.5958333333333333 0.6375 0.5875 0.6458333333333334 0.5791666666666667 0.65625 0.5791666666666667 0.6833333333333333 0.5854166666666667 0.6958333333333333 0.5895833333333333 0.7 0.5979166666666667 0.7041666666666667 0.6083333333333333 0.7041666666666667 0.6125 0.7020833333333333 0.61875 0.6979166666666666 0.6270833333333333 0.6916666666666667 0.63125 0.6833333333333333 0.6333333333333333 0.6729166666666667 0.6333333333333333 0.66875 0.6270833333333333 0.65625 0.6229166666666667 0.6520833333333333 0.61875 0.6416666666666667 0.60625 0.6375
0 0.0004375 0.9607083333333333 0.007083333333333333 0.9679583333333334 0.010624999999999999 0.9758333333333333 0.011875 0.98375 0.011875 0.9933333333333334 0.012708333333333332 1 0 1 0 0.9606041666666666
0 0.7854166666666667 0.01875 0.76875 0.022916666666666665 0.7645833333333333 0.029166666666666667 0.7625 0.035416666666666666 0.7583333333333333 0.03958333333333333 0.75625 0.04375 0.75625 0.04791666666666667 0.7583333333333333 0.05625 0.7604166666666666 0.06458333333333334 0.7666666666666667 0.07083333333333333 0.7708333333333334 0.075 0.7791666666666667 0.08125 0.7875 0.08125 0.7916666666666666 0.08125 0.8 0.07916666666666666 0.80625 0.07708333333333334 0.8104166666666667 0.075 0.8166666666666667 0.06875 0.8229166666666666 0.06041666666666667 0.8229166666666666 0.03958333333333333 0.81875 0.03125 0.8145833333333333 0.027083333333333334 0.7979166666666667 0.01875
0 0.2875 0.041666666666666664 0.28125 0.04583333333333333 0.27291666666666664 0.052083333333333336 0.26875 0.06666666666666667 0.26875 0.07708333333333334 0.2833333333333333 0.09166666666666666 0.30833333333333335 0.09166666666666666 0.32083333333333336 0.08541666666666667 0.325 0.07708333333333334 0.32708333333333334 0.06875 0.32708333333333334 0.0625 0.32083333333333336 0.05 0.31666666666666665 0.04583333333333333 0.3104166666666667 0.041666666666666664
0 0.31875 0.475 0.3020833333333333 0.49166666666666664 0.3020833333333333 0.5125 0.30625 0.5208333333333334 0.31875 0.525 0.32708333333333334 0.525 0.33541666666666664 0.51875 0.34375 0.5104166666666666 0.34375 0.4895833333333333 0.33958333333333335 0.48333333333333334 0.33541666666666664 0.4791666666666667 0.33125 0.47708333333333336 0.3229166666666667 0.475
0 0.3333333333333333 0.7354166666666667 0.3229166666666667 0.74375 0.31666666666666665 0.75 0.3145833333333333 0.75625 0.3125 0.7645833333333333 0.3104166666666667 0.7729166666666667 0.3104166666666667 0.7770833333333333 0.32083333333333336 0.7875 0.33541666666666664 0.8 0.3625 0.8 0.36666666666666664 0.7958333333333333 0.3729166666666667 0.7875 0.3770833333333333 0.78125 0.3770833333333333 0.7708333333333334 0.375 0.75625 0.35625 0.7375 0.34375 0.7354166666666667
0 0.35833333333333334 0.8291666666666667 0.3541666666666667 0.83125 0.3458333333333333 0.8375 0.3416666666666667 0.85 0.3416666666666667 0.8583333333333333 0.34375 0.8625 0.34791666666666665 0.86875 0.36041666666666666 0.8729166666666667 0.36875 0.8729166666666667 0.38125 0.8666666666666667 0.3854166666666667 0.8583333333333333 0.3875 0.85 0.3875 0.8458333333333333 0.3854166666666667 0.8416666666666667 0.38125 0.8354166666666667 0.3729166666666667 0.83125 0.3625 0.8291666666666667
0 0.51875 0.90625 0.5145833333333333 0.9083333333333333 0.5083333333333333 0.9125 0.5020833333333333 0.9166666666666666 0.4979166666666667 0.9208333333333333 0.49375 0.9291666666666667 0.49375 0.9541666666666667 0.5 0.9625 0.50625 0.96875 0.51875 0.975 0.5375 0.975 0.54375 0.9708333333333333 0.5520833333333334 0.9645833333333333 0.5583333333333333 0.9583333333333334 0.5625 0.95 0.5625 0.9291666666666667 0.55625 0.9166666666666666 0.5520833333333334 0.9125 0.5458333333333333 0.9083333333333333 0.5416666666666666 0.90625
0 0.44583333333333336 0.7729166666666667 0.43125 0.7833333333333333 0.4270833333333333 0.7875 0.42291666666666666 0.7958333333333333 0.42291666666666666 0.8020833333333334 0.425 0.8166666666666667 0.4270833333333333 0.825 0.43125 0.8291666666666667 0.4395833333333333 0.8354166666666667 0.44583333333333336 0.8395833333333333 0.45625 0.8416666666666667 0.4666666666666667 0.8416666666666667 0.47291666666666665 0.8395833333333333 0.47708333333333336 0.8375 0.48125 0.8333333333333334 0.4875 0.825 0.49166666666666664 0.81875 0.49166666666666664 0.8104166666666667 0.4895833333333333 0.79375 0.48541666666666666 0.7833333333333333 0.46458333333333335 0.7729166666666667
0 0.4395833333333333 0.66875 0.4270833333333333 0.675 0.42291666666666666 0.6875 0.42291666666666666 0.7 0.425 0.7041666666666667 0.4270833333333333 0.7083333333333334 0.43125 0.7104166666666667 0.4375 0.7125 0.44166666666666665 0.7125 0.44583333333333336 0.7145833333333333 0.4625 0.6979166666666666 0.4625 0.6791666666666667 0.46041666666666664 0.675 0.45625 0.6708333333333333 0.4479166666666667 0.66875
0 0.5458333333333333 0.6020833333333333 0.5354166666666667 0.60625 0.5333333333333333 0.6104166666666667 0.5333333333333333 0.6229166666666667 0.5375 0.6354166666666666 0.54375 0.6395833333333333 0.5479166666666667 0.6416666666666667 0.5541666666666667 0.6416666666666667 0.5604166666666667 0.6395833333333333 0.56875 0.63125 0.56875 0.6166666666666667 0.5645833333333333 0.6125 0.55625 0.60625 0.55 0.6020833333333333
0 0.7729166666666667 0.8104166666666667 0.7666666666666667 0.8145833333333333 0.75625 0.8229166666666666 0.7520833333333333 0.8270833333333333 0.75 0.8333333333333334 0.7479166666666667 0.8458333333333333 0.7479166666666667 0.8520833333333333 0.7520833333333333 0.8604166666666667 0.75625 0.8645833333333334 0.7583333333333333 0.8708333333333333 0.7625 0.875 0.7708333333333334 0.8791666666666667 0.7833333333333333 0.88125 0.7916666666666666 0.88125 0.7958333333333333 0.8791666666666667 0.8 0.875 0.80625 0.8729166666666667 0.8104166666666667 0.86875 0.8208333333333333 0.8541666666666666 0.8208333333333333 0.84375 0.81875 0.8333333333333334 0.8125 0.825 0.8041666666666667 0.8166666666666667 0.7916666666666666 0.8104166666666667