0 0.06458333333333334 0.33541666666666664 0.06041666666666667 0.3416666666666667 0.058333333333333334 0.3458333333333333 0.058333333333333334 0.3541666666666667 0.06041666666666667 0.3625 0.06458333333333334 0.36666666666666664 0.07291666666666667 0.3729166666666667 0.0875 0.3729166666666667 0.09166666666666666 0.36875 0.09583333333333334 0.3625 0.09583333333333334 0.3541666666666667 0.09375 0.3416666666666667 0.08958333333333333 0.3375 0.08333333333333333 0.3333333333333333
0 0.25625 0.4875 0.24791666666666667 0.49583333333333335 0.23958333333333334 0.50625 0.23958333333333334 0.5229166666666667 0.24375 0.5291666666666667 0.25416666666666665 0.5416666666666666 0.2625 0.54375 0.26875 0.54375 0.275 0.5416666666666666 0.2791666666666667 0.5395833333333333 0.2833333333333333 0.5354166666666667 0.28541666666666665 0.53125 0.2875 0.51875 0.2875 0.50625 0.28541666666666665 0.5020833333333333 0.2791666666666667 0.49375 0.275 0.4895833333333333 0.26458333333333334 0.4875
0 0.30833333333333335 0.5604166666666667 0.2875 0.58125 0.28541666666666665 0.5916666666666667 0.28541666666666665 0.6 0.2875 0.6041666666666666 0.29375 0.6125 0.29791666666666666 0.6166666666666667 0.3104166666666667 0.61875 0.32083333333333336 0.61875 0.32916666666666666 0.6104166666666667 0.3375 0.6 0.3375 0.58125 0.33541666666666664 0.5770833333333333 0.32916666666666666 0.56875 0.325 0.5645833333333333 0.32083333333333336 0.5625 0.3125 0.5604166666666667
0 0.425 0.8583333333333333 0.41458333333333336 0.8666666666666667 0.4083333333333333 0.8729166666666667 0.40625 0.8770833333333333 0.4041666666666667 0.8833333333333333 0.40208333333333335 0.8895833333333333 0.40208333333333335 0.9125 0.4041666666666667 0.9166666666666666 0.4083333333333333 0.9208333333333333 0.41041666666666665 0.9270833333333334 0.41458333333333336 0.93125 0.42916666666666664 0.9416666666666667 0.44166666666666665 0.94375 0.45416666666666666 0.94375 0.47708333333333336 0.93125 0.48333333333333334 0.9291666666666667 0.48541666666666666 0.925 0.4875 0.9208333333333333 0.4875 0.9166666666666666 0.49166666666666664 0.9104166666666667 0.49166666666666664 0.8875 0.4895833333333333 0.8833333333333333 0.48333333333333334 0.8770833333333333 0.47291666666666665 0.86875 0.46875 0.86875 0.4583333333333333 0.8625 0.45416666666666666 0.8625 0.4479166666666667 0.8583333333333333
0 0.8854166666666666 0.6208333333333333 0.8770833333333333 0.6229166666666667 0.86875 0.6270833333333333 0.8666666666666667 0.65 0.8708333333333333 0.6604166666666667 0.8770833333333333 0.6645833333333333 0.88125 0.6666666666666666 0.8895833333333333 0.66875 0.9041666666666667 0.66875 0.9083333333333333 0.6666666666666666 0.9145833333333333 0.6604166666666667 0.91875 0.6520833333333333 0.9166666666666666 0.6291666666666667 0.9041666666666667 0.6291666666666667 0.9 0.6270833333333333 0.8958333333333334 0.6229166666666667 0.8916666666666667 0.6208333333333333
0 0.6229166666666667 0.375 0.6145833333333334 0.3770833333333333 0.59375 0.39791666666666664 0.59375 0.4125 0.6 0.42083333333333334 0.60625 0.4270833333333333 0.6270833333333333 0.4270833333333333 0.6416666666666667 0.4125 0.64375 0.4041666666666667 0.64375 0.39375 0.6375 0.38125 0.6333333333333333 0.3770833333333333 0.6291666666666667 0.375
0 0.0625 0.4791666666666667 0.05416666666666667 0.48125 0.04791666666666667 0.48541666666666666 0.03958333333333333 0.49166666666666664 0.035416666666666666 0.49583333333333335 0.03333333333333333 0.5041666666666667 0.03125 0.51875 0.03125 0.525 0.03333333333333333 0.5291666666666667 0.03958333333333333 0.5354166666666667 0.05 0.54375 0.05625 0.5458333333333333 0.06041666666666667 0.5458333333333333 0.06666666666666667 0.55 0.07083333333333333 0.55 0.07708333333333334 0.5541666666666667 0.08125 0.5541666666666667 0.0875 0.5520833333333334 0.09375 0.5479166666666667 0.09791666666666667 0.5479166666666667 0.10208333333333333 0.5458333333333333 0.10416666666666667 0.5416666666666666 0.10625 0.5333333333333333 0.10625 0.5270833333333333 0.10625 0.5208333333333334 0.08125 0.48333333333333334 0.07708333333333334 0.48333333333333334 0.07083333333333333 0.4791666666666667
0 0.7125 0.7416666666666667 0.70625 0.7416666666666667 0.7 0.74375 0.6916666666666667 0.7458333333333333 0.6875 0.7479166666666667 0.6854166666666667 0.7520833333333333 0.6833333333333333 0.75625 0.6833333333333333 0.7604166666666666 0.6791666666666667 0.7666666666666667 0.6791666666666667 0.7729166666666667 0.68125 0.78125 0.6833333333333333 0.7895833333333333 0.7083333333333334 0.80625 0.7125 0.80625 0.7229166666666667 0.8041666666666667 0.73125 0.8 0.7333333333333333 0.79375 0.7375 0.7895833333333333 0.7416666666666667 0.78125 0.7416666666666667 0.775 0.7395833333333334 0.7604166666666666 0.7354166666666667 0.75 0.7291666666666666 0.7479166666666667 0.725 0.74375 0.71875 0.7416666666666667
0 0.8083333333333333 0.79375 0.8020833333333334 0.7979166666666667 0.7958333333333333 0.8041666666666667 0.7854166666666667 0.81875 0.7854166666666667 0.8270833333333333 0.7875 0.8354166666666667 0.80625 0.8541666666666666 0.8104166666666667 0.85625 0.8166666666666667 0.8583333333333333 0.8270833333333333 0.8583333333333333 0.8354166666666667 0.85625 0.8458333333333333 0.8458333333333333 0.8541666666666666 0.8354166666666667 0.8541666666666666 0.8145833333333333 0.84375 0.8020833333333334 0.8354166666666667 0.79375
0 0.7666666666666667 0.65625 0.7604166666666666 0.6604166666666667 0.7520833333333333 0.6666666666666666 0.7479166666666667 0.68125 0.7479166666666667 0.69375 0.75 0.6979166666666666 0.7541666666666667 0.7020833333333333 0.7583333333333333 0.7041666666666667 0.7645833333333333 0.70625 0.76875 0.70625 0.775 0.70625 0.78125 0.7041666666666667 0.7854166666666667 0.7 0.7916666666666666 0.6979166666666666 0.7958333333333333 0.6854166666666667 0.7958333333333333 0.6770833333333334 0.7916666666666666 0.6708333333333333 0.7854166666666667 0.6625 0.78125 0.6583333333333333 0.7729166666666667 0.65625
0 0.9083333333333333 0.56875 0.8979166666666667 0.5770833333333333 0.8895833333333333 0.5854166666666667 0.8875 0.5979166666666667 0.8875 0.6104166666666667 0.8916666666666667 0.6145833333333334 0.9041666666666667 0.625 0.9083333333333333 0.6270833333333333 0.9166666666666666 0.6270833333333333 0.9208333333333333 0.6291666666666667 0.9416666666666667 0.6083333333333333 0.9416666666666667 0.5833333333333334 0.9270833333333334 0.56875
0 0.6020833333333333 0.6041666666666666 0.5958333333333333 0.6104166666666667 0.5895833333333333 0.61875 0.5895833333333333 0.63125 0.6020833333333333 0.64375 0.61875 0.64375 0.6291666666666667 0.6333333333333333 0.63125 0.625 0.63125 0.61875 0.625 0.6104166666666667 0.61875 0.6041666666666666
0 0.4875 0.47291666666666665 0.475 0.47708333333333336 0.46875 0.48541666666666666 0.4666666666666667 0.4895833333333333 0.46458333333333335 0.4979166666666667 0.46458333333333335 0.5083333333333333 0.4666666666666667 0.5145833333333333 0.46875 0.51875 0.47708333333333336 0.5270833333333333 0.48333333333333334 0.5291666666666667 0.4895833333333333 0.5291666666666667 0.49583333333333335 0.5270833333333333 0.5041666666666667 0.525 0.5104166666666666 0.5229166666666667 0.5145833333333333 0.5208333333333334 0.5145833333333333 0.5166666666666667 0.5166666666666667 0.5041666666666667 0.51875 0.5020833333333333 0.51875 0.4979166666666667 0.5125 0.48541666666666666 0.5083333333333333 0.48125 0.5 0.475 0.49583333333333335 0.47291666666666665