0 0.12708333333333333 0.49375 0.11666666666666667 0.49583333333333335 0.10416666666666667 0.5083333333333333 0.10208333333333333 0.5125 0.1 0.51875 0.1 0.5291666666666667 0.10208333333333333 0.5395833333333333 0.10625 0.5458333333333333 0.11458333333333333 0.55625 0.11875 0.5604166666666667 0.12708333333333333 0.5625 0.13958333333333334 0.5645833333333333 0.14375 0.5645833333333333 0.15208333333333332 0.5583333333333333 0.16041666666666668 0.55 0.1625 0.5333333333333333 0.1625 0.51875 0.16041666666666668 0.5145833333333333 0.15416666666666667 0.5083333333333333 0.15 0.5020833333333333 0.14375 0.49583333333333335 0.1375 0.49375
0 0.35625 0.9666666666666667 0.3458333333333333 0.96875 0.3416666666666667 0.9729166666666667 0.33541666666666664 0.98125 0.3333333333333333 0.9854166666666667 0.3333333333333333 0.9916666666666667 0.33541666666666664 0.9979166666666667 0.38958333333333334 0.9958333333333333 0.38958333333333334 0.9916666666666667 0.37916666666666665 0.9770833333333333 0.375 0.9729166666666667 0.36875 0.96875 0.3645833333333333 0.9666666666666667
0 0.71875 0.75 0.7104166666666667 0.75625 0.70625 0.7604166666666666 0.7041666666666667 0.7729166666666667 0.7041666666666667 0.7854166666666667 0.7104166666666667 0.79375 0.71875 0.8020833333333334 0.725 0.8041666666666667 0.7375 0.80625 0.7416666666666667 0.80625 0.7458333333333333 0.8041666666666667 0.7520833333333333 0.8 0.7583333333333333 0.7958333333333333 0.7625 0.78125 0.7625 0.7708333333333334 0.7583333333333333 0.7625 0.7541666666666667 0.7583333333333333 0.7479166666666667 0.7520833333333333 0.7416666666666667 0.75 0.7333333333333333 0.7479166666666667 0.7291666666666666 0.7479166666666667
0 0.5041666666666667 0.7916666666666666 0.4979166666666667 0.7979166666666667 0.49375 0.8041666666666667 0.49375 0.81875 0.49583333333333335 0.8229166666666666 0.5020833333333333 0.83125 0.5145833333333333 0.8354166666666667 0.5208333333333334 0.8354166666666667 0.5333333333333333 0.8229166666666666 0.5333333333333333 0.8041666666666667 0.5208333333333334 0.7916666666666666
0 0.4583333333333333 0.7041666666666667 0.45416666666666666 0.70625 0.45 0.7104166666666667 0.44375 0.7125 0.4395833333333333 0.7166666666666667 0.43333333333333335 0.7229166666666667 0.43125 0.73125 0.42916666666666664 0.7395833333333334 0.42916666666666664 0.7458333333333333 0.43125 0.7520833333333333 0.4354166666666667 0.7604166666666666 0.44166666666666665 0.76875 0.4479166666666667 0.775 0.46041666666666664 0.78125 0.47708333333333336 0.78125 0.48333333333333334 0.7770833333333333 0.49583333333333335 0.7666666666666667 0.5 0.7625 0.5020833333333333 0.7541666666666667 0.5041666666666667 0.7395833333333334 0.5041666666666667 0.73125 0.5020833333333333 0.725 0.5 0.7208333333333333 0.4895833333333333 0.7104166666666667 0.48333333333333334 0.7083333333333334 0.47291666666666665 0.70625 0.4625 0.7041666666666667
0 0.39375 0.5895833333333333 0.3854166666666667 0.5916666666666667 0.38125 0.59375 0.36875 0.60625 0.36666666666666664 0.6104166666666667 0.3645833333333333 0.61875 0.3645833333333333 0.6229166666666667 0.36666666666666664 0.6291666666666667 0.36875 0.6333333333333333 0.38333333333333336 0.6479166666666667 0.3958333333333333 0.65 0.4041666666666667 0.65 0.4125 0.64375 0.42083333333333334 0.6354166666666666 0.42291666666666666 0.6291666666666667 0.425 0.6166666666666667 0.425 0.6104166666666667 0.42083333333333334 0.6020833333333333 0.4166666666666667 0.5958333333333333 0.4083333333333333 0.5916666666666667 0.4 0.5895833333333333
0 0.6520833333333333 0 0.6416666666666667 0.010416666666666666 0.6395833333333333 0.027083333333333334 0.6395833333333333 0.041666666666666664 0.6458333333333334 0.05 0.6541666666666667 0.058333333333333334 0.6604166666666667 0.058333333333333334 0.6729166666666667 0.05625 0.68125 0.052083333333333336 0.6875 0.04375 0.6895833333333333 0.03958333333333333 0.6916666666666667 0.027083333333333334 0.6916666666666667 0.016666666666666666 0.6875 0.010416666666666666 0.6791666666666667 0
0 0.6479166666666667 0.8125 0.6416666666666667 0.8166666666666667 0.6375 0.8208333333333333 0.6333333333333333 0.8291666666666667 0.6333333333333333 0.8375 0.6354166666666666 0.84375 0.6416666666666667 0.85 0.65 0.85625 0.6666666666666666 0.85625 0.6729166666666667 0.8520833333333333 0.6770833333333334 0.8479166666666667 0.6791666666666667 0.8395833333333333 0.6791666666666667 0.83125 0.6729166666666667 0.8229166666666666 0.6666666666666666 0.8166666666666667 0.6604166666666667 0.8145833333333333 0.6520833333333333 0.8125
0 0.020833333333333332 0.6479166666666667 0.014583333333333334 0.6520833333333333 0.010416666666666666 0.65625 0.00625 0.6645833333333333 0.00625 0.6708333333333333 0.008333333333333333 0.6833333333333333 0.0125 0.6916666666666667 0.020833333333333332 0.6979166666666666 0.025 0.7 0.04583333333333333 0.6979166666666666 0.052083333333333336 0.6895833333333333 0.05416666666666667 0.6854166666666667 0.05416666666666667 0.6770833333333334 0.052083333333333336 0.6645833333333333 0.05 0.6604166666666667 0.04583333333333333 0.6541666666666667 0.0375 0.65 0.025 0.6479166666666667
0 0.4083333333333333 0.9875 0.4 0.9958333333333333 0.42291666666666666 0.9979166666666667 0.44166666666666665 0.9979166666666667 0.4395833333333333 0.99375 0.42916666666666664 0.9875
0 0.19166666666666668 0.5833333333333334 0.1875 0.5854166666666667 0.18125 0.5916666666666667 0.175 0.5979166666666667 0.17291666666666666 0.6041666666666666 0.17291666666666666 0.6125 0.175 0.61875 0.18125 0.625 0.18958333333333333 0.6270833333333333 0.19583333333333333 0.6270833333333333 0.20625 0.61875 0.21458333333333332 0.6104166666666667 0.21666666666666667 0.6020833333333333 0.21666666666666667 0.59375 0.21458333333333332 0.5895833333333333 0.21041666666666667 0.5854166666666667 0.2 0.5833333333333334