0 0 0.7479166666666667 0 0.7875 0.004166666666666667 0.7895833333333333 0.008333333333333333 0.7895833333333333 0.0125 0.7875 0.01875 0.7833333333333333 0.022916666666666665 0.7791666666666667 0.025 0.775 0.025 0.76875 0.022916666666666665 0.7604166666666666 0.010416666666666666 0.7479166666666667
0 0.25625 0.11041666666666666 0.24583333333333332 0.11875 0.23958333333333334 0.125 0.2375 0.12916666666666668 0.23541666666666666 0.1375 0.23333333333333334 0.14583333333333334 0.23333333333333334 0.15 0.2375 0.15416666666666667 0.24375 0.1625 0.24375 0.16458333333333333 0.25 0.17291666666666666 0.25416666666666665 0.17708333333333334 0.27291666666666664 0.17708333333333334 0.2833333333333333 0.16666666666666666 0.2916666666666667 0.15625 0.29375 0.14375 0.29375 0.13125 0.27291666666666664 0.11041666666666666
0 0.14583333333333334 0.29583333333333334 0.13958333333333334 0.3020833333333333 0.12916666666666668 0.3145833333333333 0.125 0.32083333333333336 0.12291666666666666 0.325 0.12083333333333333 0.33125 0.12083333333333333 0.34375 0.12291666666666666 0.35625 0.12708333333333333 0.3645833333333333 0.13125 0.36875 0.13958333333333334 0.375 0.14375 0.3770833333333333 0.15833333333333333 0.3770833333333333 0.175 0.36875 0.18125 0.3625 0.1875 0.3541666666666667 0.19375 0.3458333333333333 0.2 0.3375 0.2 0.32916666666666666 0.2 0.325 0.19791666666666666 0.31875 0.19583333333333333 0.3145833333333333 0.19166666666666668 0.3104166666666667 0.18333333333333332 0.30416666666666664 0.175 0.29791666666666666 0.17083333333333334 0.29583333333333334
0 0.16041666666666668 0.85 0.15208333333333332 0.8583333333333333 0.14583333333333334 0.8666666666666667 0.14375 0.8770833333333333 0.14375 0.8875 0.14791666666666667 0.89375 0.15625 0.9041666666666667 0.16041666666666668 0.9083333333333333 0.175 0.9104166666666667 0.18541666666666667 0.9104166666666667 0.2 0.8958333333333334 0.2 0.86875 0.18125 0.85
0 0.3020833333333333 0.8895833333333333 0.28958333333333336 0.9 0.2791666666666667 0.9104166666666667 0.27708333333333335 0.9166666666666666 0.275 0.9291666666666667 0.275 0.9333333333333333 0.30416666666666664 0.9708333333333333 0.31875 0.9708333333333333 0.34375 0.9458333333333333 0.34375 0.91875 0.3333333333333333 0.8979166666666667 0.32916666666666666 0.89375 0.32083333333333336 0.8895833333333333
0 0.59375 0.925 0.5791666666666667 0.9354166666666667 0.575 0.9395833333333333 0.5708333333333333 0.9479166666666666 0.5708333333333333 0.95625 0.575 0.9666666666666667 0.5833333333333334 0.9729166666666667 0.5895833333333333 0.9770833333333333 0.6125 0.9770833333333333 0.61875 0.9708333333333333 0.625 0.9625 0.6229166666666667 0.9333333333333333 0.6166666666666667 0.9291666666666667 0.6083333333333333 0.925
0 0.8875 0.9208333333333333 0.8770833333333333 0.9291666666666667 0.86875 0.9375 0.86875 0.9625 0.8833333333333333 0.9770833333333333 0.8916666666666667 0.9791666666666666 0.8979166666666667 0.9791666666666666 0.9020833333333333 0.9770833333333333 0.9104166666666667 0.9708333333333333 0.9145833333333333 0.9666666666666667 0.9166666666666666 0.9625 0.9166666666666666 0.9583333333333334 0.9208333333333333 0.9520833333333333 0.9208333333333333 0.9479166666666666 0.9229166666666667 0.94375 0.9145833333333333 0.9333333333333333 0.90625 0.925 0.9 0.9229166666666667 0.8916666666666667 0.9208333333333333
0 0.5541666666666667 0.8458333333333333 0.5479166666666667 0.85 0.5395833333333333 0.85625 0.5354166666666667 0.8604166666666667 0.5333333333333333 0.8666666666666667 0.53125 0.8770833333333333 0.53125 0.88125 0.5583333333333333 0.9083333333333333 0.5916666666666667 0.9083333333333333 0.6020833333333333 0.8979166666666667 0.6104166666666667 0.8875 0.6104166666666667 0.8791666666666667 0.6083333333333333 0.8708333333333333 0.6041666666666666 0.8666666666666667 0.59375 0.8583333333333333 0.5854166666666667 0.8520833333333333 0.5791666666666667 0.8479166666666667 0.5666666666666667 0.8458333333333333
0 0.45625 0.7458333333333333 0.44375 0.7479166666666667 0.43333333333333335 0.7583333333333333 0.43125 0.7625 0.42916666666666664 0.76875 0.42916666666666664 0.7770833333333333 0.43125 0.7833333333333333 0.44375 0.7958333333333333 0.4625 0.7958333333333333 0.46875 0.7916666666666666 0.47708333333333336 0.7854166666666667 0.48333333333333334 0.7791666666666667 0.48541666666666666 0.775 0.48541666666666666 0.76875 0.48333333333333334 0.7604166666666666 0.4791666666666667 0.7541666666666667 0.475 0.75 0.4666666666666667 0.7458333333333333
0 0.4666666666666667 0.6125 0.45 0.6145833333333334 0.44583333333333336 0.61875 0.4395833333333333 0.6270833333333333 0.4354166666666667 0.6333333333333333 0.4354166666666667 0.6604166666666667 0.44583333333333336 0.6708333333333333 0.4583333333333333 0.68125 0.46458333333333335 0.68125 0.4791666666666667 0.6791666666666667 0.4895833333333333 0.675 0.5041666666666667 0.6458333333333334 0.5041666666666667 0.6416666666666667 0.5020833333333333 0.6333333333333333 0.5 0.6291666666666667 0.49583333333333335 0.625 0.48541666666666666 0.6166666666666667 0.4791666666666667 0.6125
0 0.7833333333333333 0.13333333333333333 0.7708333333333334 0.13541666666666666 0.7625 0.1375 0.75 0.14791666666666667 0.7416666666666667 0.15625 0.7395833333333334 0.17083333333333334 0.7395833333333334 0.18541666666666667 0.74375 0.19166666666666668 0.7520833333333333 0.20208333333333334 0.75625 0.20625 0.7708333333333334 0.20833333333333334 0.7854166666666667 0.20833333333333334 0.7916666666666666 0.20625 0.8 0.20208333333333334 0.8083333333333333 0.19583333333333333 0.8125 0.19166666666666668 0.8166666666666667 0.18333333333333332 0.81875 0.17083333333333334 0.81875 0.16041666666666668 0.8104166666666667 0.15 0.80625 0.14583333333333334 0.7979166666666667 0.13958333333333334 0.7916666666666666 0.13541666666666666 0.7875 0.13333333333333333