0 0.18958333333333333 0.35833333333333334 0.18125 0.36041666666666666 0.17291666666666666 0.36666666666666664 0.16666666666666666 0.3729166666666667 0.16666666666666666 0.4041666666666667 0.16875 0.4083333333333333 0.175 0.41458333333333336 0.18958333333333333 0.425 0.19791666666666666 0.425 0.20833333333333334 0.42291666666666666 0.21458333333333332 0.4166666666666667 0.22083333333333333 0.4083333333333333 0.22083333333333333 0.3958333333333333 0.21875 0.37916666666666665 0.21666666666666667 0.375 0.21041666666666667 0.36666666666666664 0.20625 0.3625 0.19791666666666666 0.35833333333333334
0 0.8145833333333333 0.7729166666666667 0.8020833333333334 0.7791666666666667 0.7979166666666667 0.7833333333333333 0.7958333333333333 0.7875 0.7958333333333333 0.7979166666666667 0.7979166666666667 0.80625 0.8083333333333333 0.8166666666666667 0.8145833333333333 0.81875 0.8229166666666666 0.8208333333333333 0.8270833333333333 0.8208333333333333 0.8354166666666667 0.8166666666666667 0.8395833333333333 0.80625 0.8416666666666667 0.79375 0.8416666666666667 0.7875 0.8375 0.78125 0.8333333333333334 0.7770833333333333 0.8291666666666667 0.7770833333333333 0.8208333333333333 0.775 0.81875 0.7729166666666667
0 0.10833333333333334 0.7395833333333334 0.09791666666666667 0.7458333333333333 0.09375 0.7458333333333333 0.08333333333333333 0.7541666666666667 0.07708333333333334 0.7604166666666666 0.075 0.7645833333333333 0.07291666666666667 0.7708333333333334 0.07291666666666667 0.7791666666666667 0.075 0.7854166666666667 0.07916666666666666 0.79375 0.09166666666666666 0.80625 0.09583333333333334 0.8083333333333333 0.1 0.8083333333333333 0.10625 0.8125 0.1125 0.8145833333333333 0.12291666666666666 0.8145833333333333 0.13333333333333333 0.8125 0.14583333333333334 0.8020833333333334 0.15625 0.7916666666666666 0.15833333333333333 0.78125 0.15833333333333333 0.7708333333333334 0.12916666666666668 0.7395833333333334
0 0.8208333333333333 0.9479166666666666 0.8166666666666667 0.95 0.8125 0.9541666666666667 0.8020833333333334 0.9625 0.8 0.9708333333333333 0.7979166666666667 0.9791666666666666 0.7979166666666667 0.9833333333333333 0.8104166666666667 0.9958333333333333 0.8583333333333333 0.9979166666666667 0.8625 0.99375 0.8625 0.9708333333333333 0.8604166666666667 0.9666666666666667 0.8541666666666666 0.9604166666666667 0.8354166666666667 0.9479166666666666
0 0.10833333333333334 0.0020833333333333333 0.10833333333333334 0.0125 0.11041666666666666 0.022916666666666665 0.11458333333333333 0.029166666666666667 0.12291666666666666 0.03958333333333333 0.12708333333333333 0.04375 0.13125 0.04375 0.13958333333333334 0.04583333333333333 0.14166666666666666 0.04791666666666667 0.14583333333333334 0.04791666666666667 0.16458333333333333 0.029166666666666667 0.16458333333333333 0.00625 0.15833333333333333 0
0 0.34791666666666665 0.2916666666666667 0.33958333333333335 0.29583333333333334 0.33541666666666664 0.3 0.33125 0.30833333333333335 0.33125 0.3229166666666667 0.35625 0.3458333333333333 0.38125 0.3458333333333333 0.3875 0.3416666666666667 0.39166666666666666 0.3375 0.39375 0.33125 0.3958333333333333 0.32083333333333336 0.3958333333333333 0.31666666666666665 0.39166666666666666 0.30833333333333335 0.3875 0.30416666666666664 0.36875 0.2916666666666667
0 0.30625 0.6916666666666667 0.3 0.6979166666666666 0.29791666666666666 0.7020833333333333 0.29583333333333334 0.7104166666666667 0.29583333333333334 0.7145833333333333 0.29791666666666666 0.71875 0.3020833333333333 0.725 0.30625 0.73125 0.3125 0.7395833333333334 0.31666666666666665 0.7458333333333333 0.32708333333333334 0.75 0.3333333333333333 0.75 0.34791666666666665 0.7354166666666667 0.34791666666666665 0.71875 0.32916666666666666 0.6895833333333333 0.3229166666666667 0.6875 0.31875 0.6875
0 0.7729166666666667 0.9854166666666667 0.7604166666666666 0.9979166666666667 0.8104166666666667 0.9979166666666667 0.8083333333333333 0.99375 0.8 0.9854166666666667
0 0.4270833333333333 0.7083333333333334 0.42083333333333334 0.7083333333333334 0.41458333333333336 0.7104166666666667 0.40625 0.7125 0.40208333333333335 0.7145833333333333 0.39375 0.7229166666666667 0.3854166666666667 0.7333333333333333 0.3854166666666667 0.7416666666666667 0.3875 0.7583333333333333 0.38958333333333334 0.76875 0.39166666666666666 0.7729166666666667 0.3958333333333333 0.7770833333333333 0.4125 0.7854166666666667 0.4166666666666667 0.7854166666666667 0.4270833333333333 0.7833333333333333 0.4375 0.78125 0.44375 0.7791666666666667 0.45416666666666666 0.7708333333333334 0.46458333333333335 0.7604166666666666 0.46458333333333335 0.7354166666666667 0.45 0.71875 0.44583333333333336 0.7145833333333333 0.4395833333333333 0.7104166666666667 0.43333333333333335 0.7083333333333334
0 0.96875 0.04375 0.9625 0.04791666666666667 0.95625 0.05416666666666667 0.9458333333333333 0.06875 0.9458333333333333 0.07291666666666667 0.9479166666666666 0.08125 0.95 0.08541666666666667 0.9645833333333333 0.1 0.96875 0.10208333333333333 0.975 0.10416666666666667 0.9791666666666666 0.10416666666666667 0.9958333333333333 0.09583333333333334 0.9979166666666667 0.04791666666666667 0.9916666666666667 0.04791666666666667 0.9770833333333333 0.04583333333333333 0.975 0.04375
0 0.975 0.9041666666666667 0.9625 0.9166666666666666 0.9604166666666667 0.925 0.9604166666666667 0.9354166666666667 0.9625 0.94375 0.9645833333333333 0.9479166666666666 0.975 0.9583333333333334 0.9791666666666666 0.9604166666666667 0.9875 0.9625 0.9979166666666667 0.9645833333333333 0.9979166666666667 0.9041666666666667