0 0.7416666666666667 0.8354166666666667 0.7416666666666667 0.84375 0.74375 0.8520833333333333 0.7541666666666667 0.8625 0.7625 0.8645833333333334 0.76875 0.8645833333333334 0.7770833333333333 0.85625 0.7791666666666667 0.85 0.7791666666666667 0.8458333333333333 0.7770833333333333 0.8395833333333333 0.7729166666666667 0.8333333333333334 0.7729166666666667 0.8291666666666667 0.7708333333333334 0.825 0.7666666666666667 0.8229166666666666 0.7604166666666666 0.8229166666666666
0 0.34375 0 0.3375 0.00625 0.33541666666666664 0.016666666666666666 0.33541666666666664 0.025 0.3375 0.029166666666666667 0.3416666666666667 0.035416666666666666 0.3458333333333333 0.041666666666666664 0.36041666666666666 0.04583333333333333 0.36875 0.04583333333333333 0.38125 0.03333333333333333 0.38333333333333336 0.022916666666666665 0.38333333333333336 0.0125 0.37916666666666665 0.004166666666666667 0.375 0
0 0.375 0.34375 0.35833333333333334 0.35833333333333334 0.35625 0.3645833333333333 0.35625 0.36875 0.35833333333333334 0.3770833333333333 0.36041666666666666 0.38125 0.36875 0.38333333333333336 0.3729166666666667 0.38333333333333336 0.38125 0.37916666666666665 0.3854166666666667 0.375 0.38958333333333334 0.36875 0.39166666666666666 0.3645833333333333 0.39166666666666666 0.35625 0.38958333333333334 0.3458333333333333 0.3854166666666667 0.34375 0.38125 0.34375
0 0.74375 0.7 0.7375 0.7041666666666667 0.7333333333333333 0.7145833333333333 0.7333333333333333 0.7229166666666667 0.7354166666666667 0.7270833333333333 0.7416666666666667 0.7333333333333333 0.7479166666666667 0.7395833333333334 0.75625 0.7416666666666667 0.7604166666666666 0.7416666666666667 0.7729166666666667 0.7354166666666667 0.7770833333333333 0.725 0.7770833333333333 0.7166666666666667 0.775 0.7125 0.76875 0.7041666666666667 0.7541666666666667 0.7
0 0.83125 0.8041666666666667 0.8270833333333333 0.80625 0.8208333333333333 0.8125 0.8145833333333333 0.8166666666666667 0.80625 0.8270833333333333 0.8041666666666667 0.8333333333333334 0.8041666666666667 0.84375 0.80625 0.8541666666666666 0.8104166666666667 0.8604166666666667 0.8145833333333333 0.8645833333333334 0.83125 0.8729166666666667 0.85 0.8729166666666667 0.8625 0.8666666666666667 0.86875 0.8604166666666667 0.8708333333333333 0.85625 0.8729166666666667 0.8416666666666667 0.8729166666666667 0.8291666666666667 0.8708333333333333 0.825 0.8645833333333334 0.8166666666666667 0.8604166666666667 0.8104166666666667 0.85 0.80625 0.8375 0.8041666666666667
0 0.6791666666666667 0.8604166666666667 0.6729166666666667 0.8625 0.66875 0.8666666666666667 0.6625 0.875 0.6625 0.8833333333333333 0.6625 0.8895833333333333 0.6770833333333334 0.9 0.6833333333333333 0.9 0.6875 0.9 0.69375 0.8979166666666667 0.7020833333333333 0.8895833333333333 0.7020833333333333 0.88125 0.7 0.86875 0.6958333333333333 0.8666666666666667 0.6833333333333333 0.8604166666666667
0 0.3145833333333333 0.7104166666666667 0.29791666666666666 0.71875 0.29375 0.7229166666666667 0.28958333333333336 0.7291666666666666 0.2875 0.7458333333333333 0.2875 0.7604166666666666 0.3 0.7729166666666667 0.30416666666666664 0.775 0.3125 0.7770833333333333 0.32083333333333336 0.7791666666666667 0.325 0.7791666666666667 0.3333333333333333 0.7770833333333333 0.3375 0.775 0.34375 0.7708333333333334 0.35208333333333336 0.7625 0.35625 0.7541666666666667 0.35625 0.7354166666666667 0.35208333333333336 0.7291666666666666 0.34375 0.71875 0.33958333333333335 0.7145833333333333 0.3333333333333333 0.7125 0.32083333333333336 0.7104166666666667
0 0.21666666666666667 0.7895833333333333 0.21041666666666667 0.7916666666666666 0.19791666666666666 0.8041666666666667 0.19583333333333333 0.8104166666666667 0.19375 0.81875 0.19583333333333333 0.8229166666666666 0.20416666666666666 0.83125 0.20833333333333334 0.8375 0.20833333333333334 0.84375 0.21458333333333332 0.84375 0.22291666666666668 0.8458333333333333 0.22708333333333333 0.8479166666666667 0.23333333333333334 0.84375 0.24166666666666667 0.8375 0.24583333333333332 0.8333333333333334 0.24791666666666667 0.8229166666666666 0.24791666666666667 0.8145833333333333 0.23333333333333334 0.79375 0.22708333333333333 0.7916666666666666 0.22083333333333333 0.7895833333333333
0 0.2375 0.66875 0.22708333333333333 0.6770833333333334 0.21875 0.6854166666666667 0.21666666666666667 0.6916666666666667 0.21458333333333332 0.7041666666666667 0.21458333333333332 0.7083333333333334 0.21666666666666667 0.7125 0.22291666666666668 0.7208333333333333 0.22708333333333333 0.725 0.23125 0.7270833333333333 0.2375 0.7291666666666666 0.24583333333333332 0.7291666666666666 0.2520833333333333 0.7270833333333333 0.25833333333333336 0.7229166666666667 0.26666666666666666 0.7166666666666667 0.2708333333333333 0.7125 0.2708333333333333 0.7083333333333334 0.27291666666666664 0.7 0.275 0.6979166666666666 0.275 0.6916666666666667 0.27291666666666664 0.6854166666666667 0.2708333333333333 0.68125 0.25833333333333336 0.66875
0 0.15625 0.8125 0.14375 0.81875 0.12916666666666668 0.8333333333333334 0.12708333333333333 0.8395833333333333 0.125 0.8479166666666667 0.12291666666666666 0.85625 0.12083333333333333 0.8645833333333334 0.12083333333333333 0.8708333333333333 0.12291666666666666 0.8791666666666667 0.125 0.8833333333333333 0.13125 0.8916666666666667 0.1375 0.8979166666666667 0.14375 0.9 0.15416666666666667 0.9020833333333333 0.16458333333333333 0.9041666666666667 0.17083333333333334 0.9041666666666667 0.17708333333333334 0.9 0.18125 0.9 0.19166666666666668 0.8916666666666667 0.19583333333333333 0.8875 0.2 0.8791666666666667 0.20208333333333334 0.8729166666666667 0.20416666666666666 0.8666666666666667 0.20625 0.8604166666666667 0.20625 0.8375 0.20208333333333334 0.83125 0.19375 0.8208333333333333 0.18958333333333333 0.8166666666666667 0.18125 0.8145833333333333 0.16458333333333333 0.8125
0 0.25416666666666665 0.9729166666666667 0.24375 0.975 0.23958333333333334 0.9770833333333333 0.23125 0.9833333333333333 0.225 0.9875 0.225 0.9958333333333333 0.28541666666666665 0.9958333333333333 0.2875 0.9916666666666667 0.27291666666666664 0.9770833333333333 0.26875 0.975 0.2625 0.9729166666666667
0 0.6583333333333333 0.058333333333333334 0.6541666666666667 0.06041666666666667 0.65 0.06458333333333334 0.64375 0.06666666666666667 0.6395833333333333 0.07916666666666666 0.6395833333333333 0.0875 0.6458333333333334 0.09583333333333334 0.6520833333333333 0.10208333333333333 0.6625 0.10416666666666667 0.66875 0.10416666666666667 0.6770833333333334 0.09791666666666667 0.6854166666666667 0.08958333333333333 0.6854166666666667 0.07083333333333333 0.6729166666666667 0.058333333333333334
0 0.9999166666666667 0.13841666666666666 0.9964166666666666 0.1355 0.9940833333333334 0.13172916666666665 0.9920416666666667 0.12764583333333335 0.9920416666666667 0.1226875 0.9932083333333334 0.1183125 0.9958333333333333 0.1139375 0.9984583333333333 0.11014583333333333 1 0.109875 1 0.13839583333333336