0 0.9979166666666667 0.8645833333333334 0.9916666666666667 0.8666666666666667 0.9875 0.86875 0.9791666666666666 0.8770833333333333 0.9770833333333333 0.8833333333333333 0.975 0.89375 0.975 0.9 0.98125 0.9125 0.9854166666666667 0.9166666666666666 0.9916666666666667 0.9208333333333333 0.9979166666666667 0.9229166666666667
0 0.9229166666666667 0 0.9104166666666667 0.0125 0.9083333333333333 0.020833333333333332 0.9083333333333333 0.029166666666666667 0.9104166666666667 0.035416666666666666 0.9125 0.03958333333333333 0.9208333333333333 0.05 0.93125 0.06041666666666667 0.9354166666666667 0.0625 0.9416666666666667 0.06458333333333334 0.95 0.06458333333333334 0.95625 0.0625 0.9770833333333333 0.041666666666666664 0.9770833333333333 0.029166666666666667 0.975 0.0125 0.96875 0.004166666666666667 0.9645833333333333 0
0 0.9104166666666667 0.1875 0.9041666666666667 0.19166666666666668 0.8958333333333334 0.19791666666666666 0.8916666666666667 0.20625 0.8895833333333333 0.21458333333333332 0.8875 0.225 0.8875 0.22916666666666666 0.8895833333333333 0.23333333333333334 0.89375 0.2375 0.8958333333333334 0.24375 0.9 0.25 0.9104166666666667 0.25416666666666665 0.9229166666666667 0.25625 0.9291666666666667 0.25625 0.9458333333333333 0.24791666666666667 0.9520833333333333 0.24166666666666667 0.95625 0.23541666666666666 0.9583333333333334 0.22916666666666666 0.9604166666666667 0.21666666666666667 0.9604166666666667 0.21041666666666667 0.95625 0.20416666666666666 0.9458333333333333 0.19166666666666668 0.9416666666666667 0.1875
0 0.8854166666666666 0.26666666666666666 0.8791666666666667 0.26875 0.875 0.2708333333333333 0.8708333333333333 0.275 0.8645833333333334 0.2833333333333333 0.8625 0.29375 0.8791666666666667 0.3145833333333333 0.8833333333333333 0.3145833333333333 0.89375 0.32083333333333336 0.8979166666666667 0.32083333333333336 0.9104166666666667 0.3145833333333333 0.9145833333333333 0.3104166666666667 0.91875 0.30416666666666664 0.91875 0.28541666666666665 0.9020833333333333 0.26875 0.89375 0.26666666666666666
0 0.7375 0.4375 0.7291666666666666 0.44166666666666665 0.725 0.44583333333333336 0.7208333333333333 0.45416666666666666 0.7208333333333333 0.4583333333333333 0.7229166666666667 0.4666666666666667 0.725 0.47291666666666665 0.7270833333333333 0.47708333333333336 0.73125 0.48125 0.7375 0.48541666666666666 0.75 0.48541666666666666 0.7604166666666666 0.48333333333333334 0.7583333333333333 0.4791666666666667 0.7541666666666667 0.47291666666666665 0.7583333333333333 0.4666666666666667 0.7604166666666666 0.46041666666666664 0.7666666666666667 0.4479166666666667 0.7625 0.44375 0.7583333333333333 0.4395833333333333 0.7541666666666667 0.4375
0 0.7458333333333333 0.325 0.7416666666666667 0.32916666666666666 0.73125 0.3416666666666667 0.7270833333333333 0.34791666666666665 0.7270833333333333 0.36875 0.73125 0.375 0.7395833333333334 0.3854166666666667 0.74375 0.38958333333333334 0.7520833333333333 0.39375 0.7625 0.39375 0.7729166666666667 0.39166666666666666 0.78125 0.3854166666666667 0.7895833333333333 0.3770833333333333 0.79375 0.36875 0.79375 0.3458333333333333 0.7833333333333333 0.33541666666666664 0.7708333333333334 0.325
0 0.675 0.5979166666666667 0.6625 0.6083333333333333 0.6541666666666667 0.6166666666666667 0.6520833333333333 0.6291666666666667 0.6520833333333333 0.6416666666666667 0.65625 0.6479166666666667 0.6625 0.65625 0.6666666666666666 0.6604166666666667 0.6708333333333333 0.6604166666666667 0.6791666666666667 0.6625 0.68125 0.6645833333333333 0.6895833333333333 0.6666666666666666 0.69375 0.6666666666666666 0.7 0.6625 0.7104166666666667 0.6541666666666667 0.7145833333333333 0.65 0.7166666666666667 0.6416666666666667 0.71875 0.6270833333333333 0.71875 0.6208333333333333 0.7145833333333333 0.6145833333333334 0.7083333333333334 0.60625 0.7041666666666667 0.6020833333333333 0.6958333333333333 0.6 0.68125 0.5979166666666667
0 0.8041666666666667 0.4375 0.7916666666666666 0.4395833333333333 0.7854166666666667 0.44166666666666665 0.7791666666666667 0.44583333333333336 0.76875 0.45416666666666666 0.7625 0.46041666666666664 0.7604166666666666 0.4666666666666667 0.75625 0.47291666666666665 0.7604166666666666 0.4791666666666667 0.7645833333333333 0.4895833333333333 0.76875 0.49375 0.7729166666666667 0.5041666666666667 0.7770833333333333 0.5083333333333333 0.7854166666666667 0.5125 0.7895833333333333 0.5125 0.8 0.5104166666666666 0.80625 0.5083333333333333 0.81875 0.49583333333333335 0.8270833333333333 0.4791666666666667 0.8270833333333333 0.4666666666666667 0.825 0.45416666666666666 0.8083333333333333 0.4375
0 0.9895833333333334 0.71875 0.9791666666666666 0.7208333333333333 0.9708333333333333 0.7291666666666666 0.9625 0.7395833333333334 0.9625 0.7625 0.9645833333333333 0.7666666666666667 0.9708333333333333 0.775 0.975 0.7791666666666667 0.9791666666666666 0.78125 0.9875 0.7833333333333333 0.9979166666666667 0.78125 0.9958333333333333 0.71875
0 0.6708333333333333 0.875 0.6625 0.8791666666666667 0.65625 0.8854166666666666 0.65 0.89375 0.6479166666666667 0.9 0.6458333333333334 0.9125 0.6458333333333334 0.91875 0.6479166666666667 0.925 0.65 0.9291666666666667 0.6541666666666667 0.9333333333333333 0.6625 0.9395833333333333 0.675 0.9416666666666667 0.6854166666666667 0.9416666666666667 0.69375 0.9375 0.6979166666666666 0.9333333333333333 0.7104166666666667 0.9145833333333333 0.7104166666666667 0.8979166666666667 0.7083333333333334 0.89375 0.7020833333333333 0.8854166666666666 0.6979166666666666 0.8791666666666667 0.6833333333333333 0.875
0 0.7479166666666667 0.9354166666666667 0.725 0.9604166666666667 0.725 0.9645833333333333 0.7270833333333333 0.9708333333333333 0.7291666666666666 0.975 0.7395833333333334 0.9854166666666667 0.7583333333333333 0.9854166666666667 0.7708333333333334 0.9729166666666667 0.7729166666666667 0.9666666666666667 0.775 0.9583333333333334 0.775 0.9541666666666667 0.7729166666666667 0.95 0.7666666666666667 0.94375 0.7604166666666666 0.9375 0.7520833333333333 0.9354166666666667