0 0.12291666666666666 0.7375 0.11458333333333333 0.7395833333333334 0.10416666666666667 0.75 0.09583333333333334 0.7604166666666666 0.09375 0.76875 0.09375 0.7791666666666667 0.09583333333333334 0.7854166666666667 0.10625 0.79375 0.11041666666666666 0.7979166666666667 0.11458333333333333 0.8 0.12708333333333333 0.8020833333333334 0.13958333333333334 0.8020833333333334 0.14791666666666667 0.7979166666666667 0.15625 0.7895833333333333 0.15625 0.78125 0.15416666666666667 0.7645833333333333 0.15 0.7520833333333333 0.14166666666666666 0.7458333333333333 0.13333333333333333 0.7395833333333334 0.12916666666666668 0.7375
0 0.84375 0.6770833333333334 0.83125 0.6791666666666667 0.825 0.6854166666666667 0.81875 0.69375 0.81875 0.7104166666666667 0.8229166666666666 0.71875 0.8270833333333333 0.7229166666666667 0.8333333333333334 0.7270833333333333 0.8395833333333333 0.7291666666666666 0.84375 0.7333333333333333 0.8479166666666667 0.7354166666666667 0.8520833333333333 0.7354166666666667 0.8625 0.7333333333333333 0.86875 0.73125 0.875 0.725 0.8770833333333333 0.7166666666666667 0.8770833333333333 0.7083333333333334 0.8729166666666667 0.7 0.86875 0.69375 0.8645833333333334 0.6895833333333333 0.8625 0.6833333333333333 0.8583333333333333 0.6791666666666667 0.8541666666666666 0.6770833333333334
0 0.8583333333333333 0.5770833333333333 0.8541666666666666 0.58125 0.84375 0.5895833333333333 0.8416666666666667 0.5979166666666667 0.8416666666666667 0.6041666666666666 0.8416666666666667 0.6125 0.8479166666666667 0.6208333333333333 0.8520833333333333 0.625 0.85625 0.625 0.8645833333333334 0.6270833333333333 0.8708333333333333 0.6270833333333333 0.8895833333333333 0.6145833333333334 0.8916666666666667 0.60625 0.89375 0.5979166666666667 0.89375 0.59375 0.8833333333333333 0.58125 0.8770833333333333 0.5791666666666667 0.8708333333333333 0.5770833333333333 0.8666666666666667 0.5770833333333333
0 0.8958333333333334 0.8958333333333334 0.8916666666666667 0.8979166666666667 0.8875 0.9020833333333333 0.88125 0.9041666666666667 0.875 0.9083333333333333 0.8729166666666667 0.91875 0.8770833333333333 0.9291666666666667 0.8833333333333333 0.9333333333333333 0.8916666666666667 0.9395833333333333 0.8958333333333334 0.9416666666666667 0.9020833333333333 0.9416666666666667 0.9104166666666667 0.9395833333333333 0.91875 0.9333333333333333 0.925 0.9270833333333334 0.9270833333333334 0.9208333333333333 0.9270833333333334 0.9145833333333333 0.9104166666666667 0.8979166666666667 0.9020833333333333 0.8958333333333334
0 0.8145833333333333 0.8708333333333333 0.80625 0.8791666666666667 0.80625 0.9104166666666667 0.8166666666666667 0.9208333333333333 0.8333333333333334 0.9208333333333333 0.8395833333333333 0.9166666666666666 0.8458333333333333 0.9104166666666667 0.8458333333333333 0.8875 0.8395833333333333 0.8791666666666667 0.8333333333333334 0.8729166666666667 0.8229166666666666 0.8708333333333333
0 0.7354166666666667 0.8395833333333333 0.7229166666666667 0.8458333333333333 0.71875 0.85 0.7125 0.8583333333333333 0.7083333333333334 0.8645833333333334 0.7083333333333334 0.8958333333333334 0.7125 0.9020833333333333 0.7208333333333333 0.9125 0.725 0.9166666666666666 0.7333333333333333 0.9208333333333333 0.7583333333333333 0.9208333333333333 0.7645833333333333 0.9166666666666666 0.7770833333333333 0.90625 0.78125 0.9020833333333333 0.7833333333333333 0.89375 0.7854166666666667 0.88125 0.7854166666666667 0.875 0.7833333333333333 0.8708333333333333 0.7770833333333333 0.8625 0.7729166666666667 0.85625 0.7666666666666667 0.8479166666666667 0.7625 0.84375 0.7541666666666667 0.8395833333333333
0 0.725 0.6604166666666667 0.71875 0.6604166666666667 0.7104166666666667 0.6645833333333333 0.70625 0.6729166666666667 0.70625 0.6875 0.7104166666666667 0.6958333333333333 0.7166666666666667 0.7020833333333333 0.7229166666666667 0.70625 0.73125 0.70625 0.74375 0.7020833333333333 0.7479166666666667 0.6958333333333333 0.7520833333333333 0.6875 0.7520833333333333 0.6833333333333333 0.75 0.675 0.7458333333333333 0.6666666666666666 0.73125 0.6604166666666667
0 0.36041666666666666 0.6083333333333333 0.3458333333333333 0.6229166666666667 0.3458333333333333 0.65 0.36041666666666666 0.6645833333333333 0.38333333333333336 0.6645833333333333 0.3958333333333333 0.6520833333333333 0.39791666666666664 0.6395833333333333 0.39791666666666664 0.6291666666666667 0.3958333333333333 0.625 0.38958333333333334 0.6166666666666667 0.38125 0.6125 0.3729166666666667 0.6104166666666667 0.3645833333333333 0.6083333333333333
0 0.29375 0.6104166666666667 0.28125 0.6125 0.27291666666666664 0.6145833333333334 0.26875 0.61875 0.25833333333333336 0.63125 0.25416666666666665 0.6375 0.25416666666666665 0.6604166666666667 0.2604166666666667 0.6666666666666666 0.2708333333333333 0.675 0.28125 0.6770833333333334 0.2916666666666667 0.6770833333333334 0.29791666666666666 0.675 0.3020833333333333 0.6729166666666667 0.30625 0.66875 0.31666666666666665 0.65625 0.32083333333333336 0.65 0.3229166666666667 0.6416666666666667 0.3229166666666667 0.63125 0.3145833333333333 0.6208333333333333 0.3104166666666667 0.6166666666666667 0.30416666666666664 0.6125 0.3 0.6104166666666667
0 0.25416666666666665 0.7104166666666667 0.24166666666666667 0.7166666666666667 0.2375 0.7208333333333333 0.23541666666666666 0.725 0.23333333333333334 0.73125 0.23125 0.74375 0.23125 0.75 0.23333333333333334 0.7541666666666667 0.23958333333333334 0.7625 0.24791666666666667 0.7666666666666667 0.2604166666666667 0.76875 0.26458333333333334 0.76875 0.26875 0.7666666666666667 0.27291666666666664 0.7625 0.2791666666666667 0.75625 0.2791666666666667 0.7520833333333333 0.2833333333333333 0.7458333333333333 0.28541666666666665 0.7395833333333334 0.28541666666666665 0.7354166666666667 0.2833333333333333 0.7270833333333333 0.28125 0.7229166666666667 0.2708333333333333 0.7125 0.2625 0.7104166666666667
0 0.4270833333333333 0.8520833333333333 0.42291666666666666 0.8520833333333333 0.41458333333333336 0.8541666666666666 0.41041666666666665 0.85625 0.4 0.8666666666666667 0.39791666666666664 0.8708333333333333 0.3958333333333333 0.8770833333333333 0.3958333333333333 0.8833333333333333 0.39791666666666664 0.89375 0.4 0.9 0.4041666666666667 0.9041666666666667 0.4125 0.9104166666666667 0.4375 0.9104166666666667 0.44166666666666665 0.9083333333333333 0.44583333333333336 0.9041666666666667 0.45416666666666666 0.89375 0.45416666666666666 0.8791666666666667 0.45 0.8604166666666667 0.44375 0.8583333333333333 0.4395833333333333 0.8541666666666666 0.43333333333333335 0.8520833333333333
0 0 0.9 0 0.9583333333333334 0.008333333333333333 0.9583333333333334 0.0125 0.95625 0.020833333333333332 0.95 0.025 0.9416666666666667 0.027083333333333334 0.93125 0.027083333333333334 0.925 0.025 0.91875 0.022916666666666665 0.9104166666666667 0.010416666666666666 0.9
0 0.08958333333333333 0.8083333333333333 0.07708333333333334 0.8104166666666667 0.07083333333333333 0.8125 0.06666666666666667 0.8166666666666667 0.06041666666666667 0.825 0.058333333333333334 0.8291666666666667 0.058333333333333334 0.8395833333333333 0.0625 0.8541666666666666 0.06875 0.85625 0.07291666666666667 0.8604166666666667 0.07916666666666666 0.8625 0.08541666666666667 0.8625 0.08958333333333333 0.8625 0.09583333333333334 0.85625 0.1 0.8520833333333333 0.10416666666666667 0.8458333333333333 0.10833333333333334 0.8395833333333333 0.10833333333333334 0.83125 0.10833333333333334 0.8270833333333333 0.10625 0.81875 0.09375 0.8083333333333333
0 0.7875 0.3541666666666667 0.7645833333333333 0.37916666666666665 0.7645833333333333 0.40208333333333335 0.7708333333333334 0.41458333333333336 0.775 0.41875 0.7833333333333333 0.425 0.7875 0.4270833333333333 0.7958333333333333 0.42916666666666664 0.8041666666666667 0.42916666666666664 0.8104166666666667 0.4270833333333333 0.8166666666666667 0.42291666666666666 0.8208333333333333 0.42291666666666666 0.8270833333333333 0.4166666666666667 0.83125 0.4125 0.8333333333333334 0.40625 0.8375 0.40208333333333335 0.8395833333333333 0.39791666666666664 0.8395833333333333 0.39375 0.8375 0.3854166666666667 0.8354166666666667 0.3770833333333333 0.8333333333333334 0.3729166666666667 0.825 0.3645833333333333 0.8145833333333333 0.35625 0.8020833333333334 0.3541666666666667
0 0.8375 0.28958333333333336 0.8333333333333334 0.2916666666666667 0.825 0.29791666666666666 0.8208333333333333 0.3020833333333333 0.8166666666666667 0.30833333333333335 0.8125 0.31666666666666665 0.8125 0.35 0.8291666666666667 0.36666666666666664 0.8395833333333333 0.36875 0.85 0.36875 0.8583333333333333 0.36666666666666664 0.8625 0.3645833333333333 0.86875 0.36041666666666666 0.8729166666666667 0.35625 0.875 0.35 0.8770833333333333 0.3375 0.8770833333333333 0.33125 0.8729166666666667 0.325 0.8729166666666667 0.32083333333333336 0.8708333333333333 0.3145833333333333 0.8666666666666667 0.30625 0.8541666666666666 0.29375 0.85 0.2916666666666667 0.8416666666666667 0.28958333333333336