0 0.5333333333333333 0.4479166666666667 0.5291666666666667 0.45 0.5208333333333334 0.45625 0.5145833333333333 0.4625 0.5083333333333333 0.46875 0.50625 0.47708333333333336 0.50625 0.48333333333333334 0.5083333333333333 0.4895833333333333 0.5104166666666666 0.49375 0.5145833333333333 0.4979166666666667 0.5270833333333333 0.5083333333333333 0.5354166666666667 0.5145833333333333 0.54375 0.5166666666666667 0.55 0.5166666666666667 0.5541666666666667 0.5145833333333333 0.5604166666666667 0.5104166666666666 0.5666666666666667 0.50625 0.5708333333333333 0.5020833333333333 0.575 0.49375 0.575 0.4791666666666667 0.5645833333333333 0.4583333333333333 0.5604166666666667 0.45416666666666666 0.5479166666666667 0.4479166666666667
0 0.9604166666666667 0.6104166666666667 0.95 0.61875 0.9416666666666667 0.6270833333333333 0.9416666666666667 0.65 0.95 0.6583333333333333 0.9604166666666667 0.6666666666666666 0.9770833333333333 0.6666666666666666 0.98125 0.6645833333333333 0.9895833333333334 0.6583333333333333 0.99375 0.6541666666666667 0.9958333333333333 0.64375 0.9958333333333333 0.6333333333333333 0.9916666666666667 0.6270833333333333 0.9833333333333333 0.6166666666666667 0.9791666666666666 0.6125 0.96875 0.6104166666666667
0 0.041666666666666664 0.7666666666666667 0.027083333333333334 0.76875 0.016666666666666666 0.7729166666666667 0.0125 0.7791666666666667 0.008333333333333333 0.7875 0.008333333333333333 0.79375 0.010416666666666666 0.80625 0.0125 0.8145833333333333 0.022916666666666665 0.825 0.027083333333333334 0.8270833333333333 0.03333333333333333 0.8291666666666667 0.0375 0.8291666666666667 0.04375 0.8270833333333333 0.05 0.825 0.05625 0.8229166666666666 0.07083333333333333 0.8020833333333334 0.07083333333333333 0.7979166666666667 0.06875 0.7854166666666667 0.06458333333333334 0.7770833333333333 0.058333333333333334 0.7729166666666667 0.052083333333333336 0.76875 0.04791666666666667 0.7666666666666667
0 0.1125 0.9791666666666666 0.1 0.98125 0.09375 0.9854166666666667 0.08541666666666667 0.9916666666666667 0.08541666666666667 0.9979166666666667 0.1375 0.9979166666666667 0.14166666666666666 0.99375 0.1375 0.9895833333333334 0.12916666666666668 0.9833333333333333 0.12291666666666666 0.9791666666666666
0 0.9979166666666667 0.6770833333333334 0.99375 0.68125 0.9854166666666667 0.6875 0.9833333333333333 0.69375 0.98125 0.70625 0.98125 0.7104166666666667 0.9854166666666667 0.7166666666666667 0.99375 0.7270833333333333 0.9979166666666667 0.73125
0 0.14375 0.5729166666666666 0.13333333333333333 0.575 0.125 0.5791666666666667 0.12291666666666666 0.5854166666666667 0.11875 0.5895833333333333 0.11458333333333333 0.5979166666666667 0.11458333333333333 0.6208333333333333 0.11666666666666667 0.6270833333333333 0.12083333333333333 0.6354166666666666 0.125 0.6395833333333333 0.13333333333333333 0.6458333333333334 0.14166666666666666 0.6520833333333333 0.14791666666666667 0.65625 0.175 0.65625 0.18125 0.6541666666666667 0.18541666666666667 0.6520833333333333 0.19166666666666668 0.6458333333333334 0.19583333333333333 0.6395833333333333 0.19583333333333333 0.6104166666666667 0.18125 0.59375 0.17708333333333334 0.5895833333333333 0.17083333333333334 0.5875 0.16666666666666666 0.5833333333333334 0.16041666666666668 0.58125 0.15625 0.5770833333333333 0.14791666666666667 0.5729166666666666
0 0.20833333333333334 0.6395833333333333 0.19375 0.64375 0.1875 0.6520833333333333 0.18541666666666667 0.65625 0.18541666666666667 0.6604166666666667 0.1875 0.6729166666666667 0.19166666666666668 0.68125 0.2 0.6875 0.20625 0.6916666666666667 0.2125 0.6916666666666667 0.225 0.6895833333333333 0.23125 0.6875 0.23541666666666666 0.6833333333333333 0.2375 0.6791666666666667 0.2375 0.6729166666666667 0.23541666666666666 0.6583333333333333 0.23125 0.6479166666666667 0.225 0.64375 0.21666666666666667 0.6395833333333333
0 0.2625 0.6604166666666667 0.24791666666666667 0.6729166666666667 0.2375 0.6833333333333333 0.23541666666666666 0.6958333333333333 0.23541666666666666 0.70625 0.2375 0.7104166666666667 0.24375 0.71875 0.25 0.7270833333333333 0.26666666666666666 0.73125 0.27708333333333335 0.73125 0.28125 0.7291666666666666 0.2875 0.725 0.29583333333333334 0.71875 0.3020833333333333 0.7145833333333333 0.30625 0.70625 0.30833333333333335 0.6979166666666666 0.3104166666666667 0.6895833333333333 0.3104166666666667 0.6833333333333333 0.30416666666666664 0.6708333333333333 0.29791666666666666 0.6645833333333333 0.2916666666666667 0.6604166666666667
0 0.7708333333333334 0.88125 0.7666666666666667 0.8833333333333333 0.7625 0.8875 0.75625 0.8916666666666667 0.7541666666666667 0.8916666666666667 0.7479166666666667 0.8958333333333334 0.74375 0.9041666666666667 0.7416666666666667 0.9125 0.7416666666666667 0.91875 0.7583333333333333 0.94375 0.7625 0.94375 0.76875 0.9479166666666666 0.775 0.95 0.7791666666666667 0.95 0.7875 0.9479166666666666 0.7916666666666666 0.9458333333333333 0.80625 0.93125 0.8083333333333333 0.925 0.8104166666666667 0.9145833333333333 0.8104166666666667 0.9104166666666667 0.8083333333333333 0.90625 0.8020833333333334 0.8979166666666667 0.7958333333333333 0.8895833333333333 0.7916666666666666 0.8854166666666666 0.7854166666666667 0.8833333333333333 0.775 0.88125
0 0.8729166666666667 0.9020833333333333 0.86875 0.9041666666666667 0.8625 0.9104166666666667 0.85625 0.9166666666666666 0.85625 0.9229166666666667 0.85625 0.9291666666666667 0.8625 0.94375 0.875 0.9479166666666666 0.8833333333333333 0.9479166666666666 0.8958333333333334 0.9354166666666667 0.8979166666666667 0.9270833333333334 0.8979166666666667 0.91875 0.8958333333333334 0.9145833333333333 0.8895833333333333 0.90625 0.8791666666666667 0.9020833333333333
0 0.49375 0.8145833333333333 0.48125 0.8166666666666667 0.47708333333333336 0.8208333333333333 0.4708333333333333 0.8291666666666667 0.4666666666666667 0.8354166666666667 0.4666666666666667 0.85 0.4791666666666667 0.86875 0.48541666666666666 0.875 0.4895833333333333 0.8770833333333333 0.5125 0.8770833333333333 0.5208333333333334 0.8729166666666667 0.525 0.86875 0.5291666666666667 0.8625 0.5333333333333333 0.8541666666666666 0.5333333333333333 0.85 0.53125 0.8375 0.5270833333333333 0.8291666666666667 0.5208333333333334 0.825 0.5145833333333333 0.8208333333333333 0.5083333333333333 0.8166666666666667 0.5041666666666667 0.8145833333333333
0 0.5916666666666667 0.68125 0.5833333333333334 0.6875 0.575 0.69375 0.5708333333333333 0.6979166666666666 0.5666666666666667 0.70625 0.5666666666666667 0.7166666666666667 0.56875 0.7208333333333333 0.5729166666666666 0.725 0.575 0.73125 0.5791666666666667 0.7354166666666667 0.5895833333333333 0.74375 0.6125 0.74375 0.6229166666666667 0.7354166666666667 0.63125 0.7270833333333333 0.6333333333333333 0.7208333333333333 0.6354166666666666 0.7125 0.6354166666666666 0.7083333333333334 0.6333333333333333 0.7041666666666667 0.6291666666666667 0.7 0.625 0.69375 0.625 0.6916666666666667 0.6208333333333333 0.6875 0.6145833333333334 0.68125 0.6083333333333333 0.6791666666666667 0.6020833333333333 0.6791666666666667