0 0.6833333333333333 0 0.6875 0.0020833333333333333 0.6916666666666667 0.00625 0.7104166666666667 0.00625 0.71875 0.0020833333333333333 0.7229166666666667 0
0 0.48125 0 0.48125 0.004166666666666667 0.4875 0.010416666666666666 0.49583333333333335 0.016666666666666666 0.5145833333333333 0.016666666666666666 0.5229166666666667 0.010416666666666666 0.5291666666666667 0.004166666666666667 0.5291666666666667 0
0 0.38333333333333336 0.8625 0.36875 0.8770833333333333 0.36666666666666664 0.8875 0.3645833333333333 0.9041666666666667 0.3645833333333333 0.9125 0.3729166666666667 0.9291666666666667 0.38333333333333336 0.9333333333333333 0.3958333333333333 0.9354166666666667 0.4 0.9354166666666667 0.4041666666666667 0.9333333333333333 0.4083333333333333 0.9291666666666667 0.41458333333333336 0.9270833333333334 0.42083333333333334 0.9229166666666667 0.425 0.9125 0.4270833333333333 0.8979166666666667 0.4270833333333333 0.8916666666666667 0.41875 0.875 0.41458333333333336 0.8708333333333333 0.39791666666666664 0.8625
0 0.75 0.8520833333333333 0.7375 0.8541666666666666 0.73125 0.85625 0.7208333333333333 0.8666666666666667 0.7125 0.8770833333333333 0.7104166666666667 0.88125 0.7083333333333334 0.8895833333333333 0.7083333333333334 0.9020833333333333 0.7104166666666667 0.9145833333333333 0.7145833333333333 0.91875 0.7333333333333333 0.9270833333333334 0.7375 0.93125 0.7416666666666667 0.93125 0.75 0.9291666666666667 0.7583333333333333 0.9270833333333334 0.7666666666666667 0.925 0.7729166666666667 0.91875 0.7791666666666667 0.9125 0.7854166666666667 0.9041666666666667 0.7875 0.9 0.7875 0.8958333333333334 0.7854166666666667 0.8854166666666666 0.7833333333333333 0.875 0.7791666666666667 0.8666666666666667 0.7729166666666667 0.8645833333333334 0.76875 0.8604166666666667 0.7625 0.85625 0.7541666666666667 0.8520833333333333
0 0.9916666666666667 0.6104166666666667 0.98125 0.63125 0.98125 0.6520833333333333 0.99375 0.66875 0.9979166666666667 0.6708333333333333 0.9979166666666667 0.6083333333333333
0 0.14375 0.6104166666666667 0.13333333333333333 0.61875 0.12708333333333333 0.625 0.125 0.6333333333333333 0.12291666666666666 0.6458333333333334 0.12291666666666666 0.6520833333333333 0.12708333333333333 0.6583333333333333 0.1375 0.6708333333333333 0.14166666666666666 0.675 0.15833333333333333 0.6770833333333334 0.17083333333333334 0.6770833333333334 0.175 0.675 0.18333333333333332 0.66875 0.1875 0.6645833333333333 0.1875 0.6333333333333333 0.17708333333333334 0.6208333333333333 0.16875 0.6125 0.15625 0.6104166666666667
0 0.4479166666666667 0.9270833333333334 0.43333333333333335 0.9375 0.42916666666666664 0.9416666666666667 0.425 0.9479166666666666 0.42291666666666666 0.9520833333333333 0.42291666666666666 0.96875 0.43333333333333335 0.9895833333333334 0.44166666666666665 0.9979166666666667 0.4875 0.9958333333333333 0.49583333333333335 0.9791666666666666 0.49583333333333335 0.9604166666666667 0.4895833333333333 0.9479166666666666 0.48333333333333334 0.9416666666666667 0.4708333333333333 0.93125 0.46458333333333335 0.9270833333333334
0 0.58125 0.9416666666666667 0.5708333333333333 0.9520833333333333 0.5625 0.9625 0.5604166666666667 0.9708333333333333 0.5583333333333333 0.9854166666666667 0.5604166666666667 0.99375 0.5666666666666667 0.9979166666666667 0.6 0.9958333333333333 0.6270833333333333 0.9958333333333333 0.6208333333333333 0.99375 0.6166666666666667 0.9895833333333334 0.61875 0.9854166666666667 0.6229166666666667 0.98125 0.6270833333333333 0.975 0.6270833333333333 0.9666666666666667 0.6270833333333333 0.9645833333333333 0.6125 0.9479166666666666 0.60625 0.9416666666666667
0 0.7083333333333334 0.9208333333333333 0.7 0.925 0.6958333333333333 0.925 0.6854166666666667 0.9333333333333333 0.68125 0.9375 0.6770833333333334 0.9458333333333333 0.675 0.9541666666666667 0.675 0.9645833333333333 0.6791666666666667 0.96875 0.6958333333333333 0.9854166666666667 0.7 0.9875 0.7041666666666667 0.98125 0.7104166666666667 0.9770833333333333 0.7166666666666667 0.9729166666666667 0.7229166666666667 0.96875 0.725 0.96875 0.73125 0.9645833333333333 0.7354166666666667 0.9604166666666667 0.7416666666666667 0.9583333333333334 0.7416666666666667 0.9520833333333333 0.7416666666666667 0.9479166666666666 0.7395833333333334 0.9416666666666667 0.7375 0.9354166666666667 0.7145833333333333 0.9208333333333333
0 0.7395833333333334 0.9604166666666667 0.7354166666666667 0.9625 0.7291666666666666 0.9666666666666667 0.7229166666666667 0.9708333333333333 0.7166666666666667 0.975 0.7104166666666667 0.9791666666666666 0.70625 0.9833333333333333 0.7 0.9895833333333334 0.7 0.99375 0.7041666666666667 0.9979166666666667 0.7583333333333333 0.9979166666666667 0.7583333333333333 0.9854166666666667 0.7604166666666666 0.96875 0.7583333333333333 0.9645833333333333 0.7479166666666667 0.9604166666666667
0 0.6458333333333334 0.9604166666666667 0.6395833333333333 0.9625 0.6333333333333333 0.96875 0.6291666666666667 0.9729166666666667 0.625 0.9791666666666666 0.6208333333333333 0.9854166666666667 0.61875 0.9895833333333334 0.6229166666666667 0.9916666666666667 0.6333333333333333 0.9979166666666667 0.6729166666666667 0.9958333333333333 0.6791666666666667 0.98125 0.6791666666666667 0.975 0.6770833333333334 0.96875 0.6729166666666667 0.9625
0 0.21666666666666667 0.5875 0.21041666666666667 0.5916666666666667 0.20208333333333334 0.5979166666666667 0.19791666666666666 0.6104166666666667 0.19791666666666666 0.6208333333333333 0.2 0.625 0.20416666666666666 0.63125 0.21041666666666667 0.6395833333333333 0.22291666666666668 0.64375 0.22916666666666666 0.64375 0.23541666666666666 0.6395833333333333 0.24375 0.6333333333333333 0.24791666666666667 0.6291666666666667 0.24791666666666667 0.6041666666666666 0.24166666666666667 0.5958333333333333 0.23541666666666666 0.5895833333333333 0.225 0.5875
0 0.22291666666666668 0.9041666666666667 0.21666666666666667 0.90625 0.21041666666666667 0.9104166666666667 0.20625 0.9104166666666667 0.20208333333333334 0.9125 0.19583333333333333 0.91875 0.18958333333333333 0.9270833333333334 0.1875 0.93125 0.18541666666666667 0.9375 0.18333333333333332 0.94375 0.18333333333333332 0.9666666666666667 0.18541666666666667 0.9729166666666667 0.18958333333333333 0.98125 0.19791666666666666 0.9895833333333334 0.20833333333333334 0.9979166666666667 0.22916666666666666 0.9979166666666667 0.23541666666666666 0.9958333333333333 0.24166666666666667 0.99375 0.24583333333333332 0.9916666666666667 0.2520833333333333 0.9854166666666667 0.26458333333333334 0.9708333333333333 0.2708333333333333 0.9625 0.2708333333333333 0.9479166666666666 0.2625 0.93125 0.24375 0.9125 0.22708333333333333 0.9041666666666667
0 0.29375 0.6729166666666667 0.28541666666666665 0.675 0.2791666666666667 0.6770833333333334 0.2708333333333333 0.6854166666666667 0.26458333333333334 0.69375 0.26458333333333334 0.7083333333333334 0.26666666666666666 0.7229166666666667 0.26875 0.7270833333333333 0.275 0.7354166666666667 0.2791666666666667 0.7395833333333334 0.2875 0.7416666666666667 0.3 0.74375 0.30625 0.74375 0.32083333333333336 0.7291666666666666 0.3333333333333333 0.7145833333333333 0.3333333333333333 0.69375 0.3145833333333333 0.675 0.30416666666666664 0.6729166666666667
0 0.39375 0.55 0.38958333333333334 0.5520833333333334 0.38125 0.5583333333333333 0.375 0.5625 0.37083333333333335 0.5770833333333333 0.37083333333333335 0.5895833333333333 0.37916666666666665 0.6 0.38958333333333334 0.6104166666666667 0.41458333333333336 0.6104166666666667 0.41875 0.60625 0.4270833333333333 0.5958333333333333 0.43125 0.5895833333333333 0.43125 0.5708333333333333 0.42916666666666664 0.5666666666666667 0.42291666666666666 0.5583333333333333 0.41875 0.5541666666666667 0.4125 0.5520833333333334 0.4 0.55
0 0.30416666666666664 0.8125 0.29583333333333334 0.81875 0.28958333333333336 0.825 0.2875 0.8333333333333334 0.2875 0.8416666666666667 0.30416666666666664 0.8583333333333333 0.3229166666666667 0.8583333333333333 0.33541666666666664 0.8458333333333333 0.33541666666666664 0.825 0.3229166666666667 0.8125
0 0.56875 0.725 0.5625 0.7270833333333333 0.5541666666666667 0.7291666666666666 0.5479166666666667 0.7354166666666667 0.5416666666666666 0.7416666666666667 0.5375 0.7479166666666667 0.5354166666666667 0.7520833333333333 0.5354166666666667 0.7770833333333333 0.54375 0.7875 0.5520833333333334 0.7958333333333333 0.5583333333333333 0.7958333333333333 0.5708333333333333 0.79375 0.58125 0.7895833333333333 0.5875 0.78125 0.5916666666666667 0.775 0.59375 0.7708333333333334 0.59375 0.7583333333333333 0.5916666666666667 0.7416666666666667 0.5854166666666667 0.7333333333333333 0.58125 0.7291666666666666 0.5729166666666666 0.725
0 0.5333333333333333 0.61875 0.5270833333333333 0.6208333333333333 0.5229166666666667 0.6229166666666667 0.5166666666666667 0.6291666666666667 0.5125 0.6354166666666666 0.5104166666666666 0.6416666666666667 0.5083333333333333 0.6541666666666667 0.5083333333333333 0.6604166666666667 0.5104166666666666 0.6645833333333333 0.5145833333333333 0.6708333333333333 0.51875 0.675 0.5333333333333333 0.6854166666666667 0.5520833333333334 0.6854166666666667 0.5625 0.6770833333333334 0.5666666666666667 0.6729166666666667 0.5708333333333333 0.6645833333333333 0.5708333333333333 0.6416666666666667 0.5645833333333333 0.63125 0.5625 0.625 0.5583333333333333 0.6229166666666667 0.54375 0.6229166666666667
0 0.6333333333333333 0.7375 0.625 0.7416666666666667 0.6208333333333333 0.7458333333333333 0.6 0.76875 0.6 0.7770833333333333 0.6020833333333333 0.7854166666666667 0.6041666666666666 0.7895833333333333 0.6104166666666667 0.7979166666666667 0.6166666666666667 0.80625 0.6208333333333333 0.8104166666666667 0.6291666666666667 0.8145833333333333 0.6541666666666667 0.8145833333333333 0.6625 0.8104166666666667 0.6666666666666666 0.80625 0.68125 0.7895833333333333 0.68125 0.7708333333333334 0.6770833333333334 0.7645833333333333 0.6770833333333334 0.7604166666666666 0.6729166666666667 0.7520833333333333 0.6645833333333333 0.74375 0.6520833333333333 0.7375
0 0.7395833333333334 0.6416666666666667 0.7229166666666667 0.6583333333333333 0.7229166666666667 0.6770833333333334 0.725 0.68125 0.73125 0.6895833333333333 0.7416666666666667 0.69375 0.7541666666666667 0.6958333333333333 0.7583333333333333 0.6958333333333333 0.7666666666666667 0.6895833333333333 0.775 0.68125 0.7770833333333333 0.6708333333333333 0.7770833333333333 0.6604166666666667 0.7708333333333334 0.6520833333333333 0.7625 0.64375 0.75 0.6416666666666667
0 0.54375 0.5604166666666667 0.525 0.5791666666666667 0.5229166666666667 0.5916666666666667 0.5229166666666667 0.6020833333333333 0.525 0.60625 0.53125 0.6145833333333334 0.5354166666666667 0.61875 0.54375 0.6208333333333333 0.5604166666666667 0.6229166666666667 0.5666666666666667 0.6229166666666667 0.5770833333333333 0.6145833333333334 0.5875 0.6041666666666666 0.5895833333333333 0.5979166666666667 0.5916666666666667 0.5875 0.5916666666666667 0.5833333333333334 0.56875 0.5604166666666667
0 0.6 0.5354166666666667 0.5916666666666667 0.54375 0.5854166666666667 0.5520833333333334 0.5833333333333334 0.5625 0.5833333333333334 0.5708333333333333 0.6 0.5875 0.61875 0.5875 0.6270833333333333 0.58125 0.6354166666666666 0.5729166666666666 0.6354166666666666 0.5625 0.6333333333333333 0.55 0.6270833333333333 0.5416666666666666 0.6229166666666667 0.5375 0.6104166666666667 0.5354166666666667
0 0.6479166666666667 0.49375 0.6333333333333333 0.5083333333333333 0.63125 0.5125 0.6291666666666667 0.51875 0.6291666666666667 0.525 0.63125 0.53125 0.6375 0.5395833333333333 0.64375 0.5458333333333333 0.6666666666666666 0.5458333333333333 0.6833333333333333 0.5291666666666667 0.6833333333333333 0.5104166666666666 0.675 0.5020833333333333 0.6645833333333333 0.49375
0 0.7291666666666666 0.36875 0.725 0.36875 0.7166666666666667 0.37083333333333335 0.7125 0.3729166666666667 0.7 0.3854166666666667 0.7 0.40625 0.7104166666666667 0.4166666666666667 0.7145833333333333 0.41875 0.7229166666666667 0.42083333333333334 0.73125 0.42083333333333334 0.7395833333333334 0.41875 0.74375 0.41458333333333336 0.75 0.40625 0.7541666666666667 0.4 0.7541666666666667 0.39166666666666666 0.75 0.3770833333333333 0.74375 0.3729166666666667 0.7375 0.36875
0 0.8354166666666667 0.3875 0.8270833333333333 0.38958333333333334 0.8208333333333333 0.39166666666666666 0.8145833333333333 0.3958333333333333 0.8020833333333334 0.40625 0.7979166666666667 0.41041666666666665 0.7979166666666667 0.43333333333333335 0.80625 0.45 0.8104166666666667 0.45416666666666666 0.8208333333333333 0.4583333333333333 0.825 0.4625 0.8333333333333334 0.4666666666666667 0.8520833333333333 0.4666666666666667 0.85625 0.46458333333333335 0.8645833333333334 0.4583333333333333 0.86875 0.45416666666666666 0.8770833333333333 0.4375 0.8770833333333333 0.41041666666666665 0.86875 0.4 0.8604166666666667 0.39166666666666666 0.8541666666666666 0.38958333333333334 0.8416666666666667 0.3875
0 0.5381250000000001 0.8614583333333333 0.5333333333333333 0.863125 0.528125 0.865625 0.5222916666666666 0.86875 0.515625 0.8722916666666667 0.50625 0.8791666666666667 0.5027083333333333 0.885 0.5004166666666666 0.8927083333333333 0.5 0.9020833333333333 0.5020833333333333 0.9166666666666666 0.5104166666666666 0.9229166666666667 0.51875 0.9291666666666667 0.5229166666666667 0.93125 0.5458333333333333 0.93125 0.5541666666666667 0.9270833333333334 0.5583333333333333 0.9229166666666667 0.5625 0.9166666666666666 0.56875 0.9083333333333333 0.5729166666666666 0.9020833333333333 0.575 0.8979166666666667 0.575 0.8895833333333333 0.5729166666666666 0.8791666666666667 0.5666666666666667 0.8666666666666667 0.5583333333333333 0.8625 0.55 0.8604166666666667 0.544375 0.8608333333333333
0 0.16145833333333334 0.9902083333333334 0.15583333333333332 0.9902083333333334 0.14916666666666664 0.9918750000000001 0.14541666666666667 0.9954166666666667 0.13895833333333335 0.9991666666666668 0.18583333333333335 0.9989583333333333 0.1825 0.9954166666666667 0.178125 0.9929166666666667 0.1716666666666667 0.9918750000000001 0.16645833333333335 0.9904166666666666